0 0.554688 0.094922 0.037500 0.074219
0 0.609766 0.950781 0.085156 0.098437
0 0.916797 0.464453 0.074219 0.066406
0 0.923047 0.555469 0.046094 0.110937
0 0.732812 0.591016 0.046875 0.107031
0 0.849609 0.620703 0.052344 0.135156
0 0.594922 0.631641 0.033594 0.075781
0 0.616016 0.654687 0.041406 0.100000
0 0.712891 0.664844 0.082031 0.060937
0 0.795312 0.685937 0.028125 0.115625
0 0.450391 0.685937 0.072656 0.128125
0 0.531641 0.693359 0.044531 0.121094
0 0.696484 0.734766 0.067969 0.125781
0 0.571094 0.816016 0.057813 0.085156
