0 0.633594 0.155469 0.076563 0.120313
0 0.337891 0.017578 0.028906 0.035156
0 0.470313 0.178516 0.046875 0.050781
0 0.504687 0.018750 0.040625 0.037500
0 0.310156 0.020313 0.029687 0.040625
0 0.803906 0.031250 0.039062 0.062500
0 0.608203 0.400000 0.088281 0.040625
0 0.443750 0.469141 0.040625 0.057031
0 0.635547 0.486719 0.096094 0.054688
0 0.321875 0.489453 0.078125 0.066406
0 0.430859 0.498828 0.077344 0.035156
0 0.136328 0.509375 0.094531 0.084375
0 0.237109 0.519141 0.080469 0.035156
0 0.497656 0.576562 0.064062 0.034375
0 0.363281 0.796484 0.039062 0.071094
0 0.519141 0.849609 0.032031 0.074219
