0 0.930859 0.477734 0.046094 0.049219
0 0.616016 0.477734 0.032031 0.071094
0 0.575781 0.510156 0.032813 0.054688
0 0.851953 0.541016 0.041406 0.082031
0 0.668750 0.549609 0.043750 0.046094
0 0.444922 0.599609 0.052344 0.124219
0 0.794141 0.659766 0.032031 0.144531
0 0.651953 0.699219 0.038281 0.060937
0 0.504687 0.701562 0.040625 0.075000
0 0.619141 0.737891 0.035156 0.066406
0 0.544531 0.756250 0.051562 0.125000
0 0.667578 0.796875 0.044531 0.078125
0 0.708984 0.828906 0.036719 0.089063
0 0.479687 0.834375 0.046875 0.103125
