0 0.749609 0.936328 0.033594 0.050781
0 0.905469 0.949219 0.039062 0.076563
0 0.677344 0.950000 0.023438 0.078125
0 0.844922 0.955859 0.036719 0.055469
0 0.055859 0.969531 0.039844 0.060937
0 0.028516 0.979688 0.025781 0.040625
0 0.239063 0.987500 0.131250 0.025000
0 0.776953 0.156641 0.097656 0.085156
0 0.441797 0.168750 0.049219 0.165625
0 0.959766 0.413672 0.041406 0.080469
0 0.012109 0.467578 0.024219 0.057031
0 0.973437 0.490625 0.053125 0.053125
0 0.443750 0.530078 0.034375 0.138281
0 0.054297 0.568750 0.074219 0.068750
0 0.963672 0.571875 0.039844 0.059375
0 0.039453 0.636719 0.078906 0.089063
0 0.430859 0.818359 0.049219 0.074219
0 0.551172 0.900000 0.055469 0.118750
0 0.879297 0.925000 0.036719 0.050000
