0 0.484766 0.237500 0.019531 0.031250
0 0.913281 0.260156 0.023438 0.045312
0 0.069141 0.261328 0.016406 0.088281
0 0.233203 0.398438 0.022656 0.034375
0 0.969141 0.416016 0.035156 0.044531
0 0.205859 0.441016 0.017969 0.028906
0 0.242969 0.442578 0.020313 0.032031
0 0.782422 0.455469 0.046094 0.045312
0 0.826172 0.460547 0.021094 0.064844
0 0.246484 0.488281 0.024219 0.029687
0 0.780078 0.510547 0.025781 0.049219
0 0.836719 0.516406 0.032813 0.048438
0 0.550391 0.778906 0.047656 0.029687
0 0.920703 0.827344 0.057031 0.051562
