0 0.902344 0.939063 0.039062 0.084375
0 0.842578 0.949219 0.072656 0.095312
0 0.042578 0.953516 0.035156 0.066406
0 0.100000 0.956641 0.053125 0.085156
0 0.013281 0.967578 0.023438 0.050781
0 0.459766 0.146875 0.066406 0.100000
0 0.135156 0.371094 0.092188 0.048438
0 0.517188 0.403516 0.087500 0.063281
0 0.297266 0.435937 0.078906 0.093750
0 0.613281 0.437109 0.092188 0.046094
0 0.781641 0.469141 0.107031 0.057031
0 0.484375 0.489063 0.087500 0.040625
0 0.087500 0.516797 0.106250 0.055469
0 0.624609 0.524609 0.108594 0.064844
0 0.230469 0.533594 0.076563 0.076563
0 0.512500 0.585547 0.084375 0.055469
0 0.272656 0.614453 0.089063 0.063281
0 0.155469 0.643750 0.107813 0.053125
0 0.473438 0.750391 0.043750 0.094531
0 0.544922 0.870703 0.055469 0.075781
0 0.609375 0.881641 0.068750 0.125781
0 0.701953 0.902734 0.078906 0.064844
0 0.887109 0.915625 0.024219 0.071875
