0 0.920312 0.502344 0.040625 0.054688
0 0.601562 0.556641 0.043750 0.091406
0 0.862891 0.591797 0.053906 0.099219
0 0.687891 0.602734 0.063281 0.080469
0 0.556641 0.609766 0.041406 0.066406
0 0.801953 0.628906 0.047656 0.129688
0 0.431641 0.661719 0.082031 0.079687
0 0.701953 0.665234 0.035156 0.074219
0 0.521094 0.667188 0.085938 0.125000
0 0.637891 0.667188 0.060156 0.075000
0 0.742188 0.680859 0.037500 0.089844
0 0.646484 0.723047 0.089844 0.089844
0 0.548828 0.809375 0.063281 0.096875
0 0.569922 0.914062 0.052344 0.115625
