0 0.923047 0.511328 0.049219 0.078906
0 0.536328 0.623047 0.032031 0.080469
0 0.844922 0.623828 0.042969 0.075781
0 0.662109 0.628906 0.036719 0.060937
0 0.782422 0.644141 0.067969 0.138281
0 0.407813 0.666797 0.081250 0.108594
0 0.553516 0.683984 0.041406 0.061719
0 0.656641 0.689063 0.035156 0.065625
0 0.478516 0.699219 0.044531 0.076563
0 0.730859 0.714844 0.036719 0.089063
0 0.610547 0.740625 0.033594 0.096875
0 0.569531 0.743750 0.039062 0.068750
0 0.525391 0.759375 0.038281 0.084375
0 0.492969 0.912500 0.089063 0.068750
