0 0.461328 0.952734 0.050781 0.071094
0 0.493359 0.139844 0.046094 0.060937
0 0.019531 0.374219 0.039062 0.048438
0 0.918359 0.385547 0.102344 0.055469
0 0.123047 0.406641 0.105469 0.088281
0 0.987109 0.421484 0.024219 0.021094
0 0.011719 0.467187 0.023438 0.043750
0 0.983594 0.469531 0.032813 0.045312
0 0.908984 0.487500 0.108594 0.046875
0 0.078516 0.505469 0.110156 0.039062
0 0.026562 0.542969 0.053125 0.042188
0 0.985938 0.550000 0.028125 0.031250
0 0.901953 0.553906 0.100781 0.048438
0 0.069141 0.589063 0.100781 0.050000
0 0.487891 0.705469 0.035156 0.129688
