0 0.484375 0.162500 0.078125 0.109375
0 0.602344 0.187891 0.064062 0.185156
0 0.508984 0.256641 0.074219 0.144531
0 0.683203 0.258594 0.047656 0.176563
0 0.434375 0.286328 0.034375 0.125781
0 0.619922 0.343359 0.058594 0.099219
0 0.537891 0.348438 0.038281 0.181250
0 0.587891 0.394922 0.041406 0.139844
0 0.523828 0.416797 0.091406 0.130469
0 0.457031 0.425391 0.057813 0.132031
0 0.618359 0.429688 0.039844 0.125000
0 0.537500 0.069141 0.037500 0.078906
0 0.488672 0.794531 0.064844 0.051562
0 0.400391 0.844922 0.082031 0.080469
