0 0.162891 0.162500 0.103906 0.128125
0 0.591016 0.186719 0.047656 0.114062
0 0.669141 0.395703 0.032031 0.078906
0 0.462891 0.412109 0.085156 0.083594
0 0.601953 0.414453 0.082031 0.125781
0 0.699219 0.444141 0.032813 0.060156
0 0.782031 0.482031 0.048438 0.060937
0 0.519141 0.531250 0.066406 0.146875
0 0.653906 0.534375 0.054688 0.168750
0 0.855859 0.546484 0.064844 0.108594
0 0.573828 0.570312 0.050781 0.081250
0 0.635938 0.624219 0.081250 0.076563
0 0.891016 0.624609 0.035156 0.080469
0 0.575391 0.661719 0.060156 0.198437
0 0.761328 0.851562 0.063281 0.159375
