0 0.376172 0.019922 0.021094 0.030469
0 0.509375 0.222656 0.037500 0.073438
0 0.211328 0.341016 0.100781 0.060156
0 0.355469 0.038672 0.017188 0.042969
0 0.155859 0.432031 0.096094 0.051562
0 0.753906 0.433984 0.085938 0.049219
0 0.250391 0.462891 0.078906 0.053906
0 0.895703 0.477344 0.094531 0.039062
0 0.804688 0.494922 0.090625 0.033594
0 0.694922 0.500391 0.083594 0.050781
0 0.233984 0.526953 0.092969 0.041406
0 0.176953 0.064062 0.060156 0.084375
0 0.629297 0.077734 0.021094 0.071094
0 0.498047 0.826953 0.030469 0.044531
0 0.608984 0.083984 0.024219 0.071094
0 0.365625 0.850000 0.034375 0.075000
