0 0.437891 0.958984 0.028906 0.074219
0 0.450000 0.111719 0.056250 0.110937
0 0.503516 0.128906 0.069531 0.070312
0 0.419141 0.144141 0.044531 0.135156
0 0.376563 0.206250 0.040625 0.150000
0 0.504297 0.215625 0.071094 0.100000
0 0.478906 0.254688 0.039062 0.096875
0 0.640234 0.287109 0.052344 0.074219
0 0.317188 0.360156 0.046875 0.151562
0 0.469141 0.369531 0.053906 0.129688
0 0.686719 0.421484 0.045312 0.174219
0 0.498047 0.487500 0.058594 0.125000
0 0.530469 0.073828 0.051562 0.116406
0 0.505859 0.816016 0.046094 0.060156
