0 0.964453 0.929688 0.050781 0.068750
0 0.972266 0.936328 0.000781 0.000781
0 0.214453 0.942187 0.050781 0.065625
0 0.689063 0.947266 0.025000 0.041406
0 0.685937 0.332813 0.037500 0.071875
0 0.704297 0.503516 0.067969 0.069531
0 0.608203 0.505859 0.050781 0.067969
0 0.630859 0.555859 0.046094 0.061719
0 0.839453 0.560547 0.041406 0.080469
0 0.683203 0.575781 0.047656 0.060937
0 0.572266 0.577344 0.038281 0.051562
0 0.690234 0.619531 0.089844 0.101562
0 0.642188 0.626172 0.037500 0.046094
0 0.772656 0.630469 0.020313 0.073438
