0 0.671094 0.933984 0.082812 0.086719
0 0.181250 0.945312 0.034375 0.068750
0 0.593359 0.951172 0.046094 0.058594
0 0.860156 0.957031 0.064062 0.085938
0 0.914453 0.961719 0.041406 0.054688
0 0.809375 0.965625 0.037500 0.046875
0 0.233984 0.967187 0.067969 0.065625
0 0.712891 0.969141 0.050781 0.060156
0 0.787109 0.329297 0.108594 0.036719
0 0.768750 0.391406 0.100000 0.070312
0 0.694922 0.446875 0.049219 0.071875
0 0.821484 0.486719 0.049219 0.045312
0 0.771484 0.515625 0.067969 0.071875
0 0.591016 0.533203 0.057031 0.078906
0 0.869141 0.574609 0.063281 0.042969
0 0.806250 0.584766 0.078125 0.075781
0 0.721484 0.631250 0.080469 0.109375
0 0.768359 0.662500 0.067969 0.053125
0 0.942578 0.801172 0.100781 0.092969
0 0.602734 0.803906 0.099219 0.076563
0 0.841797 0.804297 0.108594 0.064844
0 0.021875 0.902734 0.040625 0.080469
