0 0.623437 0.967187 0.028125 0.065625
0 0.909766 0.443750 0.057031 0.090625
0 0.636328 0.483594 0.035156 0.154688
0 0.722266 0.491016 0.094531 0.103906
0 0.941797 0.559375 0.077344 0.078125
0 0.877734 0.584375 0.030469 0.084375
0 0.708594 0.585938 0.045312 0.090625
0 0.533984 0.592578 0.067969 0.141406
0 0.758984 0.652344 0.042969 0.048438
0 0.754297 0.685156 0.055469 0.048438
0 0.539453 0.703906 0.053906 0.070312
0 0.496484 0.726562 0.114844 0.121875
0 0.807031 0.750000 0.054688 0.075000
0 0.722656 0.764062 0.060937 0.075000
