0 0.558984 0.926172 0.027344 0.064844
0 0.680469 0.935937 0.026562 0.109375
0 0.894141 0.944141 0.041406 0.075781
0 0.815234 0.948828 0.027344 0.057031
0 0.850391 0.949219 0.035156 0.079687
0 0.655859 0.270313 0.099219 0.056250
0 0.256641 0.355859 0.091406 0.058594
0 0.916016 0.413672 0.050781 0.055469
0 0.037109 0.452344 0.074219 0.051562
0 0.678906 0.478516 0.070312 0.063281
0 0.421484 0.512891 0.083594 0.053906
0 0.094531 0.518750 0.110937 0.043750
0 0.355469 0.519141 0.045312 0.066406
0 0.938672 0.587109 0.049219 0.067969
0 0.832422 0.618750 0.033594 0.168750
0 0.502734 0.676172 0.117969 0.114844
0 0.444531 0.820312 0.048438 0.075000
0 0.219922 0.912891 0.055469 0.094531
0 0.751172 0.919922 0.021094 0.046094
