0 0.513281 0.967969 0.017188 0.064062
0 0.932031 0.401953 0.117188 0.053906
0 0.071875 0.406641 0.121875 0.053906
0 0.963672 0.447266 0.071094 0.038281
0 0.876953 0.473828 0.110156 0.044531
0 0.120313 0.485938 0.106250 0.068750
0 0.029687 0.510156 0.059375 0.029687
0 0.084766 0.543750 0.122656 0.056250
0 0.901953 0.552734 0.122656 0.058594
0 0.974219 0.733984 0.051562 0.164844
0 0.561328 0.789453 0.044531 0.107031
0 0.500000 0.796094 0.034375 0.070312
0 0.887109 0.837891 0.055469 0.060156
0 0.439453 0.898828 0.085156 0.100781
