0 0.509375 0.096875 0.031250 0.065625
0 0.508984 0.976172 0.024219 0.046094
0 0.546484 0.162891 0.036719 0.082031
0 0.333984 0.168359 0.036719 0.064844
0 0.499609 0.221875 0.036719 0.059375
0 0.474609 0.225781 0.027344 0.070312
0 0.308203 0.252734 0.032031 0.061719
0 0.566797 0.272656 0.027344 0.073438
0 0.437891 0.298828 0.035156 0.069531
0 0.471875 0.304688 0.034375 0.059375
0 0.392969 0.036719 0.032813 0.073438
0 0.513281 0.039062 0.023438 0.056250
0 0.470703 0.041797 0.025781 0.071094
0 0.430078 0.058203 0.032031 0.094531
0 0.445703 0.588672 0.050781 0.155469
