0 0.344531 0.017188 0.029687 0.034375
0 0.480078 0.168750 0.060156 0.050000
0 0.599609 0.201172 0.102344 0.058594
0 0.312891 0.020313 0.032031 0.040625
0 0.819531 0.037109 0.042188 0.071094
0 0.528906 0.406641 0.082812 0.044531
0 0.451172 0.446875 0.074219 0.046875
0 0.353516 0.460156 0.057031 0.129688
0 0.320703 0.497656 0.069531 0.054688
0 0.174609 0.498047 0.067969 0.049219
0 0.556250 0.512891 0.090625 0.050781
0 0.304297 0.536328 0.030469 0.085156
0 0.411328 0.590234 0.085156 0.042969
0 0.358984 0.796094 0.092969 0.089063
0 0.533984 0.865234 0.039844 0.061719
