0 0.569531 0.957812 0.051562 0.053125
0 0.464844 0.120703 0.101562 0.063281
0 0.510547 0.481641 0.080469 0.091406
0 0.639062 0.494922 0.068750 0.092969
0 0.699609 0.549609 0.036719 0.167969
0 0.653125 0.582031 0.068750 0.070312
0 0.587891 0.589453 0.041406 0.094531
0 0.453125 0.625781 0.096875 0.079687
0 0.743359 0.650391 0.077344 0.094531
0 0.459375 0.676562 0.093750 0.156250
0 0.625391 0.678125 0.060156 0.084375
0 0.582422 0.712500 0.092969 0.103125
0 0.527734 0.789844 0.099219 0.070312
0 0.576172 0.872656 0.114844 0.085938
