0 0.927344 0.508984 0.048438 0.064844
0 0.814844 0.551562 0.048438 0.103125
0 0.437500 0.581641 0.034375 0.094531
0 0.650391 0.596875 0.047656 0.065625
0 0.541406 0.615625 0.060937 0.128125
0 0.591406 0.625000 0.035937 0.118750
0 0.757031 0.648828 0.048438 0.132031
0 0.657031 0.693750 0.032813 0.071875
0 0.549609 0.698438 0.033594 0.059375
0 0.480078 0.706250 0.050781 0.090625
0 0.511328 0.749219 0.022656 0.126562
0 0.560547 0.758203 0.055469 0.069531
0 0.683984 0.761328 0.049219 0.116406
0 0.454688 0.818750 0.053125 0.109375
