0 0.457031 0.962109 0.051562 0.061719
0 0.492578 0.134375 0.047656 0.106250
0 0.311328 0.407422 0.085156 0.049219
0 0.698438 0.408203 0.078125 0.075781
0 0.594531 0.424609 0.092188 0.105469
0 0.474219 0.451562 0.067187 0.075000
0 0.242578 0.455469 0.100781 0.076563
0 0.747656 0.498437 0.117188 0.056250
0 0.461719 0.513672 0.092188 0.039844
0 0.560547 0.520312 0.092969 0.093750
0 0.302734 0.555859 0.080469 0.042969
0 0.758203 0.571875 0.094531 0.071875
0 0.582812 0.586719 0.096875 0.045312
0 0.405859 0.601562 0.089844 0.046875
0 0.485938 0.804688 0.065625 0.071875
