0 0.510156 0.980469 0.026562 0.039062
0 0.432422 0.141797 0.039844 0.055469
0 0.551172 0.148438 0.033594 0.071875
0 0.332031 0.174609 0.045312 0.108594
0 0.483984 0.219141 0.030469 0.088281
0 0.400000 0.271875 0.062500 0.056250
0 0.556250 0.297266 0.043750 0.125781
0 0.302344 0.298828 0.035937 0.082031
0 0.463281 0.326562 0.048438 0.068750
0 0.507031 0.033594 0.029687 0.067187
0 0.398828 0.035547 0.044531 0.071094
0 0.435547 0.038281 0.030469 0.076563
0 0.478125 0.039844 0.034375 0.079687
0 0.550391 0.048438 0.050781 0.056250
0 0.442188 0.686328 0.034375 0.069531
