0 0.543750 0.975781 0.062500 0.048438
0 0.516797 0.150391 0.049219 0.103906
0 0.494922 0.158203 0.071094 0.138281
0 0.462500 0.176563 0.053125 0.128125
0 0.667578 0.262500 0.107031 0.106250
0 0.576562 0.268750 0.078125 0.134375
0 0.469922 0.271094 0.105469 0.054688
0 0.433984 0.384766 0.102344 0.075781
0 0.551953 0.401562 0.060156 0.131250
0 0.492578 0.471094 0.110156 0.051562
0 0.549219 0.052344 0.042188 0.073438
0 0.619141 0.519531 0.022656 0.173437
0 0.558203 0.533203 0.078906 0.113281
0 0.490234 0.786719 0.077344 0.123438
