0 0.411328 0.934375 0.022656 0.046875
0 0.661328 0.104688 0.044531 0.100000
0 0.422656 0.114844 0.042188 0.064062
0 0.591797 0.182031 0.102344 0.051562
0 0.394141 0.213281 0.038281 0.085938
0 0.569531 0.217188 0.067187 0.043750
0 0.680078 0.226562 0.038281 0.071875
0 0.755859 0.242969 0.033594 0.060937
0 0.617578 0.245312 0.060156 0.059375
0 0.534766 0.248438 0.038281 0.053125
0 0.366797 0.260937 0.071094 0.071875
0 0.587109 0.264453 0.030469 0.057031
0 0.558203 0.304688 0.107031 0.043750
0 0.587891 0.351172 0.044531 0.058594
0 0.537891 0.415234 0.038281 0.055469
