0 0.664453 0.250391 0.097656 0.082031
0 0.589063 0.028906 0.028125 0.057813
0 0.325391 0.321094 0.085156 0.064062
0 0.498828 0.338281 0.035156 0.070312
0 0.951953 0.034375 0.094531 0.068750
0 0.562500 0.344531 0.075000 0.060937
0 0.161328 0.349219 0.082031 0.051562
0 0.467578 0.358594 0.025781 0.048438
0 0.426172 0.372266 0.080469 0.069531
0 0.223828 0.374219 0.069531 0.054688
0 0.310937 0.442578 0.071875 0.066406
0 0.203906 0.583984 0.073438 0.092969
0 0.386328 0.069922 0.072656 0.042969
0 0.528516 0.759375 0.072656 0.043750
