0 0.362500 0.016016 0.018750 0.028906
0 0.285547 0.195703 0.080469 0.063281
0 0.507031 0.221094 0.073438 0.064062
0 0.334766 0.022656 0.022656 0.035937
0 0.599609 0.037109 0.036719 0.033594
0 0.362500 0.389062 0.056250 0.115625
0 0.544141 0.437500 0.066406 0.096875
0 0.304297 0.451953 0.061719 0.153906
0 0.684766 0.454688 0.085156 0.075000
0 0.562109 0.507812 0.064844 0.125000
0 0.446875 0.509766 0.031250 0.166406
0 0.482422 0.525391 0.039844 0.128906
0 0.412891 0.551953 0.047656 0.119531
0 0.347656 0.814844 0.042188 0.098437
0 0.489844 0.815234 0.026562 0.074219
0 0.600000 0.083984 0.034375 0.061719
