0 0.353125 0.009375 0.043750 0.018750
0 0.415234 0.153125 0.086719 0.043750
0 0.320703 0.017969 0.028906 0.035937
0 0.506641 0.017969 0.032031 0.035937
0 0.248047 0.206641 0.102344 0.057031
0 0.373828 0.212500 0.069531 0.043750
0 0.201953 0.264062 0.078906 0.046875
0 0.291016 0.271875 0.094531 0.081250
0 0.821484 0.030078 0.039844 0.060156
0 0.282813 0.339453 0.087500 0.053906
0 0.159766 0.424609 0.091406 0.083594
0 0.442969 0.050000 0.051562 0.059375
0 0.478516 0.600391 0.044531 0.113281
0 0.183203 0.663281 0.041406 0.054688
0 0.316406 0.069141 0.042188 0.050781
