0 0.732422 0.334375 0.092969 0.075000
0 0.576953 0.353516 0.085156 0.091406
0 0.830859 0.371094 0.086719 0.070312
0 0.858984 0.387109 0.067969 0.105469
0 0.791797 0.430469 0.067969 0.048438
0 0.600000 0.440625 0.109375 0.078125
0 0.788281 0.450000 0.067187 0.065625
0 0.587500 0.051953 0.096875 0.082031
0 0.604688 0.523438 0.100000 0.081250
0 0.792188 0.537109 0.106250 0.067969
0 0.690625 0.544922 0.087500 0.086719
0 0.575781 0.626953 0.092188 0.063281
0 0.621484 0.649609 0.089844 0.080469
0 0.516016 0.672656 0.088281 0.123438
0 0.573828 0.892188 0.035156 0.056250
