0 0.233984 0.273438 0.080469 0.128125
0 0.783984 0.467578 0.033594 0.178906
0 0.475391 0.535547 0.044531 0.061719
0 0.544531 0.543750 0.067187 0.134375
0 0.697266 0.566406 0.053906 0.139063
0 0.483984 0.657422 0.033594 0.058594
0 0.610547 0.664844 0.033594 0.060937
0 0.364063 0.670312 0.028125 0.059375
0 0.461328 0.758203 0.035156 0.082031
0 0.543359 0.767188 0.042969 0.053125
0 0.512109 0.789062 0.039844 0.134375
0 0.652344 0.791406 0.032813 0.051562
0 0.553125 0.880859 0.053125 0.080469
0 0.528906 0.898438 0.035937 0.078125
0 0.484766 0.909766 0.032031 0.066406
