0 0.933203 0.482031 0.047656 0.060937
0 0.557813 0.496484 0.034375 0.067969
0 0.607812 0.534375 0.028125 0.059375
0 0.674219 0.549219 0.039062 0.073438
0 0.860547 0.557031 0.042969 0.073438
0 0.446094 0.603906 0.042188 0.073438
0 0.778906 0.643750 0.057813 0.118750
0 0.592187 0.671094 0.068750 0.089063
0 0.480859 0.681250 0.046094 0.059375
0 0.624609 0.698047 0.033594 0.074219
0 0.520703 0.739844 0.041406 0.101562
0 0.665234 0.742969 0.049219 0.076563
0 0.689063 0.814844 0.037500 0.126562
0 0.465234 0.835938 0.042969 0.075000
