0 0.769141 0.951562 0.072656 0.096875
0 0.352734 0.131641 0.030469 0.057031
0 0.973047 0.131641 0.052344 0.063281
0 0.605859 0.244531 0.092969 0.120313
0 0.592187 0.360938 0.075000 0.181250
0 0.456641 0.375000 0.041406 0.103125
0 0.553906 0.477734 0.073438 0.164844
0 0.476953 0.516016 0.066406 0.144531
0 0.308594 0.562109 0.095312 0.139844
0 0.531250 0.576953 0.059375 0.138281
0 0.509766 0.694531 0.078906 0.110937
0 0.379297 0.077344 0.036719 0.076563
0 0.799609 0.080859 0.071094 0.124219
0 0.594141 0.083984 0.041406 0.086719
0 0.640234 0.092969 0.039844 0.076563
