0 0.489453 0.114062 0.053906 0.065625
0 0.685547 0.303125 0.067969 0.050000
0 0.184766 0.303125 0.100781 0.068750
0 0.316797 0.343750 0.086719 0.046875
0 0.758984 0.362500 0.105469 0.046875
0 0.179297 0.407422 0.114844 0.055469
0 0.601172 0.414844 0.092969 0.039062
0 0.879297 0.442188 0.083594 0.068750
0 0.337109 0.443750 0.058594 0.050000
0 0.188672 0.455078 0.086719 0.044531
0 0.800391 0.463672 0.103906 0.046094
0 0.629297 0.494141 0.086719 0.050781
0 0.330469 0.506250 0.076563 0.040625
0 0.499609 0.678125 0.055469 0.065625
0 0.595313 0.869531 0.075000 0.060937
