0 0.419141 0.151562 0.119531 0.078125
0 0.234375 0.376953 0.084375 0.128906
0 0.284375 0.391016 0.062500 0.103906
0 0.377734 0.444531 0.086719 0.129688
0 0.237109 0.456250 0.039844 0.131250
0 0.318750 0.495703 0.096875 0.135156
0 0.248438 0.524609 0.071875 0.099219
0 0.248828 0.552344 0.103906 0.101562
0 0.371875 0.623047 0.081250 0.189844
0 0.210547 0.656641 0.058594 0.110156
0 0.357812 0.676562 0.068750 0.146875
0 0.158203 0.709766 0.063281 0.094531
0 0.362500 0.838281 0.031250 0.160938
0 0.516016 0.909375 0.113281 0.050000
