0 0.649219 0.151562 0.070312 0.100000
0 0.337109 0.017188 0.024219 0.034375
0 0.505078 0.018359 0.038281 0.036719
0 0.307812 0.019531 0.028125 0.039062
0 0.468750 0.195312 0.046875 0.065625
0 0.678516 0.383984 0.113281 0.058594
0 0.802344 0.042578 0.048438 0.053906
0 0.388281 0.468750 0.070312 0.046875
0 0.267969 0.476562 0.098437 0.050000
0 0.716797 0.478906 0.099219 0.060937
0 0.187109 0.493359 0.102344 0.058594
0 0.497266 0.496875 0.053906 0.031250
0 0.097266 0.533594 0.097656 0.076563
0 0.566016 0.572656 0.078906 0.035937
0 0.371875 0.789453 0.025000 0.044531
0 0.513672 0.841406 0.049219 0.060937
