0 0.642969 0.158984 0.079687 0.108594
0 0.338672 0.017578 0.030469 0.035156
0 0.469531 0.184375 0.064062 0.056250
0 0.505078 0.018359 0.038281 0.036719
0 0.307812 0.021875 0.031250 0.043750
0 0.807031 0.036719 0.045312 0.073438
0 0.644922 0.392188 0.105469 0.075000
0 0.430078 0.484375 0.069531 0.081250
0 0.675391 0.486328 0.097656 0.050781
0 0.474609 0.494141 0.067969 0.044531
0 0.298828 0.498047 0.091406 0.074219
0 0.220312 0.514062 0.103125 0.059375
0 0.117578 0.533594 0.088281 0.060937
0 0.518359 0.571875 0.058594 0.050000
0 0.366406 0.795703 0.032813 0.063281
0 0.514062 0.846875 0.065625 0.065625
