0 0.895703 0.948438 0.053906 0.056250
0 0.721875 0.271875 0.050000 0.056250
0 0.796484 0.314453 0.089844 0.066406
0 0.736328 0.321875 0.053906 0.040625
0 0.892578 0.363672 0.100781 0.092969
0 0.717969 0.366406 0.042188 0.054688
0 0.634766 0.372266 0.063281 0.088281
0 0.576953 0.383984 0.088281 0.117969
0 0.937109 0.400391 0.058594 0.066406
0 0.714063 0.404687 0.046875 0.068750
0 0.771484 0.415625 0.033594 0.059375
0 0.954297 0.455859 0.064844 0.039844
0 0.708203 0.469141 0.041406 0.085156
0 0.771484 0.482031 0.086719 0.079687
0 0.023438 0.515234 0.046875 0.055469
