0 0.221875 0.095312 0.025000 0.050000
0 0.619531 0.103906 0.020313 0.045312
0 0.253516 0.108203 0.022656 0.032031
0 0.621484 0.108984 0.008594 0.021094
0 0.590234 0.128516 0.027344 0.085156
0 0.791016 0.363672 0.103906 0.083594
0 0.081641 0.458984 0.085156 0.039844
0 0.844922 0.504297 0.102344 0.071094
0 0.098828 0.515625 0.097656 0.056250
0 0.753516 0.540234 0.078906 0.042969
0 0.051562 0.563281 0.040625 0.054688
0 0.782422 0.594141 0.092969 0.044531
0 0.081641 0.629297 0.085156 0.039844
0 0.605859 0.075000 0.027344 0.025000
