0 0.371484 0.017578 0.014844 0.032031
0 0.500391 0.236328 0.022656 0.082031
0 0.104297 0.297266 0.039844 0.078906
0 0.346094 0.036719 0.020313 0.035937
0 0.101953 0.394922 0.047656 0.071094
0 0.839063 0.409766 0.025000 0.094531
0 0.598047 0.047266 0.027344 0.091406
0 0.121094 0.473438 0.073438 0.059375
0 0.970703 0.484375 0.035156 0.084375
0 0.897266 0.486719 0.035156 0.035937
0 0.633203 0.050391 0.025781 0.044531
0 0.827344 0.519531 0.092188 0.039062
0 0.126172 0.555078 0.083594 0.060156
0 0.500391 0.813672 0.041406 0.061719
0 0.383203 0.833984 0.038281 0.099219
