0 0.730078 0.967187 0.028906 0.056250
0 0.640234 0.191016 0.064844 0.060156
0 0.625391 0.279297 0.088281 0.105469
0 0.568359 0.309375 0.039844 0.100000
0 0.665234 0.379297 0.052344 0.142969
0 0.622266 0.452344 0.044531 0.135937
0 0.589844 0.462109 0.060937 0.149219
0 0.722266 0.493359 0.066406 0.121094
0 0.492578 0.502734 0.047656 0.111719
0 0.812109 0.542578 0.049219 0.132031
0 0.673047 0.569141 0.077344 0.103906
0 0.531250 0.586719 0.062500 0.064062
0 0.617578 0.607422 0.047656 0.108594
0 0.588281 0.616797 0.039062 0.124219
0 0.652734 0.707812 0.067969 0.075000
