0 0.882422 0.927734 0.021094 0.071094
0 0.773828 0.932813 0.032031 0.084375
0 0.045312 0.937500 0.034375 0.046875
0 0.908203 0.939063 0.041406 0.096875
0 0.013672 0.942187 0.024219 0.046875
0 0.083203 0.950781 0.038281 0.098437
0 0.396094 0.127734 0.029687 0.049219
0 0.322266 0.135547 0.038281 0.042969
0 0.433203 0.193359 0.028906 0.064844
0 0.324609 0.228125 0.033594 0.053125
0 0.583984 0.254297 0.052344 0.089844
0 0.472656 0.256641 0.032813 0.053906
0 0.377734 0.280469 0.061719 0.060937
0 0.326953 0.352734 0.069531 0.111719
0 0.442188 0.358203 0.059375 0.103906
0 0.382422 0.358984 0.033594 0.058594
0 0.248828 0.456250 0.032031 0.046875
0 0.487891 0.062109 0.025781 0.074219
0 0.961328 0.630469 0.050781 0.085938
0 0.428516 0.664844 0.028906 0.079687
0 0.439453 0.743359 0.028906 0.058594
0 0.579688 0.805078 0.028125 0.053906
0 0.526563 0.884766 0.028125 0.057031
0 0.659766 0.886719 0.032031 0.079687
0 0.366016 0.092188 0.035156 0.056250
