0 0.369922 0.018359 0.014844 0.033594
0 0.501953 0.226172 0.028906 0.071094
0 0.134375 0.301953 0.078125 0.085156
0 0.344141 0.035156 0.019531 0.039062
0 0.099609 0.398828 0.030469 0.063281
0 0.826172 0.436328 0.077344 0.057031
0 0.956250 0.481250 0.062500 0.053125
0 0.161328 0.480859 0.100781 0.071094
0 0.880469 0.483594 0.073438 0.051562
0 0.787500 0.516406 0.090625 0.054688
0 0.596094 0.054297 0.032813 0.080469
0 0.156250 0.541016 0.096875 0.041406
0 0.630469 0.068750 0.023438 0.071875
0 0.154297 0.071094 0.024219 0.039062
0 0.496875 0.821484 0.031250 0.049219
0 0.373047 0.838672 0.039844 0.089844
