0 0.660156 0.151953 0.060937 0.075781
0 0.337500 0.018750 0.025000 0.037500
0 0.465234 0.198437 0.061719 0.078125
0 0.309766 0.021875 0.028906 0.043750
0 0.506641 0.022656 0.038281 0.045312
0 0.801562 0.037109 0.040625 0.067969
0 0.722266 0.393359 0.110156 0.074219
0 0.325781 0.441797 0.089063 0.049219
0 0.226172 0.466797 0.092969 0.039844
0 0.761719 0.478516 0.092188 0.063281
0 0.552734 0.490625 0.080469 0.040625
0 0.149609 0.497266 0.102344 0.041406
0 0.072266 0.530078 0.091406 0.044531
0 0.618750 0.560156 0.081250 0.039062
0 0.586719 0.565625 0.010937 0.021875
0 0.369922 0.787109 0.024219 0.046094
0 0.514453 0.829297 0.047656 0.061719
