0 0.056641 0.986328 0.082031 0.025781
0 0.823438 0.374609 0.084375 0.086719
0 0.760156 0.446094 0.051562 0.079687
0 0.887109 0.455469 0.042969 0.073438
0 0.939063 0.470703 0.050000 0.075781
0 0.791797 0.501563 0.064844 0.065625
0 0.872656 0.506641 0.048438 0.060156
0 0.760547 0.563672 0.046094 0.067969
0 0.842969 0.569141 0.060937 0.075781
0 0.919531 0.587109 0.057813 0.108594
0 0.803516 0.614062 0.066406 0.081250
0 0.832812 0.653516 0.043750 0.085156
0 0.744531 0.073438 0.089063 0.106250
0 0.716016 0.808203 0.060156 0.128906
0 0.767969 0.925781 0.057813 0.070312
