0 0.408984 0.100000 0.039844 0.100000
0 0.517188 0.107422 0.093750 0.099219
0 0.361328 0.150000 0.044531 0.153125
0 0.485547 0.180859 0.058594 0.121094
0 0.454297 0.217188 0.064844 0.175000
0 0.538672 0.219922 0.039844 0.155469
0 0.598828 0.271484 0.050781 0.096094
0 0.399219 0.276953 0.029687 0.057031
0 0.345703 0.302734 0.085156 0.092969
0 0.519922 0.306641 0.049219 0.125781
0 0.541016 0.049219 0.088281 0.070312
0 0.446484 0.074609 0.027344 0.064844
0 0.494141 0.790625 0.050781 0.156250
0 0.427344 0.911719 0.064062 0.148438
