0 0.553516 0.478125 0.044531 0.106250
0 0.938672 0.485547 0.049219 0.064844
0 0.836719 0.554688 0.042188 0.056250
0 0.598437 0.570703 0.059375 0.066406
0 0.656641 0.585938 0.044531 0.053125
0 0.440625 0.599609 0.037500 0.064844
0 0.778906 0.643750 0.039062 0.068750
0 0.466016 0.681250 0.044531 0.084375
0 0.646484 0.683984 0.030469 0.092969
0 0.501953 0.724219 0.035156 0.120313
0 0.680859 0.731250 0.042969 0.065625
0 0.567578 0.739062 0.035156 0.071875
0 0.598828 0.816406 0.050781 0.095312
0 0.466016 0.821094 0.041406 0.104688
