0 0.683594 0.839453 0.120313 0.066406
0 0.629297 0.718359 0.111719 0.033594
0 0.556641 0.622656 0.097656 0.045312
0 0.513281 0.496094 0.079687 0.029687
0 0.492188 0.428906 0.078125 0.026562
0 0.440234 0.383203 0.049219 0.032031
0 0.428906 0.305078 0.073438 0.025781
0 0.410156 0.250000 0.060937 0.012500
0 0.392578 0.198828 0.063281 0.016406
0 0.369531 0.171094 0.060937 0.020313
0 0.879687 0.578516 0.050000 0.075781
0 0.825000 0.570312 0.037500 0.065625
0 0.746484 0.456641 0.049219 0.063281
0 0.722656 0.362891 0.032813 0.066406
0 0.651172 0.320703 0.042969 0.060156
0 0.543750 0.245703 0.031250 0.041406
0 0.526172 0.185938 0.027344 0.034375
0 0.548047 0.173047 0.021094 0.036719
0 0.505859 0.133594 0.027344 0.039062
