0 0.300391 0.101562 0.044531 0.065625
0 0.848047 0.148438 0.077344 0.106250
0 0.807031 0.259375 0.064062 0.096875
0 0.730469 0.287891 0.054688 0.091406
0 0.745703 0.335547 0.019531 0.046094
0 0.781250 0.345313 0.065625 0.068750
0 0.697266 0.351953 0.060156 0.119531
0 0.783203 0.399609 0.044531 0.083594
0 0.607031 0.042578 0.023438 0.032031
0 0.800391 0.454688 0.066406 0.084375
0 0.579688 0.054688 0.053125 0.068750
0 0.521484 0.553125 0.039844 0.075000
0 0.699609 0.719531 0.039844 0.089063
0 0.508594 0.076953 0.048438 0.078906
0 0.123828 0.090625 0.038281 0.128125
