0 0.460547 0.144531 0.083594 0.064062
0 0.350391 0.237500 0.057031 0.115625
0 0.672656 0.034375 0.042188 0.068750
0 0.692578 0.360156 0.094531 0.070312
0 0.749219 0.390625 0.057813 0.121875
0 0.419922 0.426563 0.089844 0.081250
0 0.501563 0.053125 0.090625 0.031250
0 0.273438 0.528516 0.040625 0.125781
0 0.171484 0.626563 0.086719 0.068750
0 0.477734 0.645312 0.092969 0.050000
0 0.482031 0.721094 0.070312 0.064062
0 0.632422 0.076172 0.036719 0.055469
0 0.333203 0.082812 0.035156 0.075000
0 0.593750 0.840625 0.068750 0.050000
0 0.250000 0.891406 0.090625 0.035937
0 0.177734 0.091797 0.049219 0.074219
