0 0.198828 0.269531 0.116406 0.089063
0 0.224219 0.280859 0.010937 0.021094
0 0.075781 0.318750 0.107813 0.081250
0 0.104297 0.331641 0.014844 0.025781
0 0.679688 0.341797 0.125000 0.055469
0 0.647656 0.345313 0.014063 0.025000
0 0.259766 0.357812 0.116406 0.053125
0 0.289062 0.362109 0.012500 0.021094
0 0.834766 0.377734 0.113281 0.042969
0 0.804688 0.378906 0.012500 0.023438
0 0.677734 0.429297 0.014844 0.024219
0 0.700391 0.428516 0.107031 0.041406
0 0.197266 0.442188 0.013281 0.021875
0 0.166016 0.447656 0.128906 0.051562
0 0.778516 0.460156 0.013281 0.023438
0 0.810937 0.466406 0.121875 0.045312
0 0.584766 0.725391 0.010156 0.025781
0 0.586328 0.769922 0.063281 0.155469
0 0.364453 0.791016 0.013281 0.025781
0 0.485547 0.811719 0.039844 0.073438
0 0.360547 0.815234 0.039844 0.067969
0 0.481641 0.820703 0.013281 0.028906
0 0.418359 0.906641 0.033594 0.075781
