0 0.675781 0.184375 0.060937 0.221875
0 0.523828 0.204687 0.013281 0.031250
0 0.719141 0.246484 0.019531 0.030469
0 0.505859 0.250391 0.099219 0.132031
0 0.575391 0.290234 0.091406 0.086719
0 0.640234 0.298047 0.058594 0.146094
0 0.725391 0.311719 0.069531 0.170313
0 0.680859 0.368750 0.014844 0.025000
0 0.448047 0.402344 0.099219 0.160938
0 0.654687 0.435937 0.137500 0.171875
0 0.505859 0.482031 0.014844 0.026562
0 0.205078 0.503125 0.019531 0.034375
0 0.527344 0.522266 0.098437 0.175781
0 0.162891 0.526172 0.125781 0.117969
0 0.697656 0.635938 0.017188 0.031250
0 0.668750 0.660937 0.103125 0.121875
