0 0.675000 0.926172 0.009375 0.017969
0 0.976953 0.346484 0.044531 0.061719
0 0.993750 0.362891 0.012500 0.019531
0 0.249219 0.476172 0.104688 0.061719
0 0.225391 0.479297 0.010156 0.017969
0 0.512109 0.494531 0.039844 0.064062
0 0.398047 0.507422 0.011719 0.021094
0 0.421484 0.514062 0.061719 0.053125
0 0.991406 0.530469 0.017188 0.032813
0 0.457422 0.654687 0.117969 0.071875
0 0.420312 0.676172 0.009375 0.021094
0 0.145313 0.773828 0.012500 0.019531
0 0.155859 0.787500 0.064844 0.159375
0 0.773047 0.824219 0.117969 0.060937
0 0.736719 0.831250 0.010937 0.021875
0 0.184766 0.893750 0.041406 0.059375
0 0.180859 0.897656 0.011719 0.020313
0 0.651172 0.925781 0.108594 0.054688
