0 0.587109 0.265625 0.008594 0.021875
0 0.546484 0.275000 0.008594 0.018750
0 0.566016 0.291406 0.013281 0.023438
0 0.567187 0.292969 0.028125 0.054688
0 0.517969 0.302734 0.079687 0.083594
0 0.606641 0.304688 0.050781 0.096875
0 0.644922 0.375000 0.071094 0.093750
0 0.492578 0.415625 0.007031 0.018750
0 0.487500 0.440234 0.056250 0.133594
0 0.592578 0.456250 0.041406 0.056250
0 0.580859 0.461328 0.008594 0.019531
0 0.539453 0.466406 0.038281 0.101562
0 0.585156 0.500000 0.010937 0.018750
0 0.586328 0.537500 0.060156 0.100000
0 0.503906 0.801953 0.007812 0.019531
0 0.483984 0.816797 0.067969 0.096094
