0 0.616016 0.961719 0.010156 0.014063
0 0.643359 0.968359 0.096094 0.046094
0 0.623828 0.396484 0.103906 0.083594
0 0.595703 0.414453 0.010156 0.016406
0 0.770703 0.431641 0.013281 0.019531
0 0.783984 0.444531 0.083594 0.073438
0 0.914062 0.447656 0.040625 0.073438
0 0.911328 0.454688 0.013281 0.025000
0 0.757422 0.483203 0.008594 0.019531
0 0.762109 0.494141 0.033594 0.053906
0 0.844531 0.521484 0.010937 0.017969
0 0.833984 0.531641 0.052344 0.082031
0 0.726953 0.600000 0.010156 0.021875
0 0.892969 0.599609 0.032813 0.049219
0 0.748047 0.610938 0.099219 0.059375
0 0.901953 0.613672 0.010156 0.017969
0 0.903516 0.669531 0.010156 0.023438
0 0.886328 0.679688 0.047656 0.071875
0 0.653125 0.803516 0.034375 0.069531
0 0.653516 0.818359 0.010156 0.017969
