0 0.341016 0.093359 0.013281 0.017969
0 0.348047 0.094531 0.042969 0.085938
0 0.054688 0.318359 0.075000 0.061719
0 0.082812 0.326562 0.009375 0.018750
0 0.596875 0.375391 0.096875 0.057031
0 0.576562 0.378516 0.015625 0.025781
0 0.049219 0.400391 0.085938 0.041406
0 0.069141 0.403516 0.010156 0.016406
0 0.610547 0.415625 0.089844 0.053125
0 0.571094 0.421094 0.007812 0.020313
0 0.712109 0.432422 0.096094 0.058594
0 0.680469 0.447656 0.014063 0.023438
0 0.633984 0.476172 0.080469 0.046094
0 0.607812 0.479687 0.012500 0.021875
0 0.351953 0.640625 0.016406 0.018750
0 0.361719 0.665625 0.039062 0.084375
0 0.417578 0.751172 0.010156 0.017969
0 0.419531 0.766406 0.042188 0.060937
