0 0.687109 0.455469 0.024219 0.039062
0 0.658984 0.456250 0.142969 0.075000
0 0.595703 0.514844 0.016406 0.035937
0 0.565234 0.545703 0.146094 0.125781
0 0.659766 0.567969 0.078906 0.195312
0 0.784766 0.644531 0.019531 0.026562
0 0.358203 0.662891 0.097656 0.085156
0 0.320703 0.682031 0.016406 0.029687
0 0.748047 0.694141 0.121094 0.157031
0 0.517188 0.701562 0.062500 0.128125
0 0.916016 0.722656 0.016406 0.026562
0 0.744922 0.748437 0.014844 0.028125
0 0.858203 0.756641 0.175781 0.132031
0 0.587891 0.764062 0.019531 0.034375
0 0.682422 0.773047 0.142969 0.108594
0 0.565625 0.778516 0.128125 0.100781
