0 0.252734 0.029687 0.064844 0.059375
0 0.200391 0.419922 0.210156 0.124219
0 0.947656 0.490625 0.104688 0.125000
0 0.942578 0.496484 0.032031 0.046094
0 0.526953 0.516406 0.163281 0.198437
0 0.322266 0.542578 0.169531 0.153906
0 0.008984 0.615234 0.017969 0.036719
0 0.032422 0.653125 0.064844 0.115625
0 0.893359 0.659375 0.211719 0.100000
0 0.818750 0.662500 0.021875 0.046875
0 0.682031 0.698047 0.235937 0.242969
0 0.614844 0.730078 0.026562 0.044531
0 0.229297 0.748828 0.174219 0.163281
0 0.294141 0.787891 0.019531 0.038281
