0 0.425781 0.987500 0.082812 0.025000
0 0.491016 0.140625 0.010156 0.021875
0 0.492969 0.157422 0.029687 0.061719
0 0.071094 0.393359 0.010937 0.021094
0 0.076563 0.395313 0.043750 0.050000
0 0.008984 0.471094 0.011719 0.020313
0 0.078906 0.473828 0.010937 0.016406
0 0.081641 0.473438 0.047656 0.059375
0 0.024609 0.473438 0.042969 0.053125
0 0.932031 0.475781 0.014063 0.023438
0 0.943750 0.479297 0.084375 0.061719
0 0.944922 0.562891 0.046094 0.069531
0 0.944141 0.571094 0.013281 0.023438
0 0.983594 0.575000 0.032813 0.059375
0 0.992578 0.578125 0.010156 0.015625
0 0.081250 0.579688 0.012500 0.021875
0 0.092969 0.580469 0.035937 0.060937
