0 0.618359 0.121094 0.133594 0.098437
0 0.520312 0.136719 0.018750 0.026562
0 0.539844 0.188672 0.079687 0.139844
0 0.374219 0.276562 0.017188 0.028125
0 0.494922 0.278906 0.014844 0.023438
0 0.414844 0.286328 0.098437 0.066406
0 0.533203 0.308594 0.116406 0.098437
0 0.415234 0.371094 0.017969 0.026562
0 0.447266 0.371875 0.132031 0.071875
0 0.793750 0.486328 0.015625 0.025781
0 0.817578 0.550391 0.119531 0.157031
0 0.633984 0.558594 0.017969 0.035937
0 0.609375 0.595703 0.018750 0.035156
0 0.667969 0.599219 0.104688 0.126562
0 0.635547 0.613672 0.117969 0.096094
0 0.469922 0.682813 0.014844 0.025000
0 0.505859 0.715234 0.117969 0.096094
0 0.587109 0.091016 0.021094 0.025781
