0 0.533594 0.938672 0.064062 0.121094
0 0.287109 0.097656 0.021094 0.045312
0 0.312500 0.142969 0.084375 0.135937
0 0.532422 0.492188 0.021094 0.046875
0 0.572266 0.514844 0.147656 0.195312
0 0.186719 0.530078 0.110937 0.144531
0 0.364453 0.055469 0.022656 0.029687
0 0.214062 0.573438 0.021875 0.031250
0 0.365625 0.059766 0.065625 0.113281
0 0.483984 0.734766 0.099219 0.188281
0 0.451562 0.794531 0.018750 0.039062
0 0.368359 0.841406 0.071094 0.210938
0 0.387500 0.870313 0.131250 0.100000
0 0.573828 0.885938 0.022656 0.040625
0 0.578516 0.911328 0.078906 0.175781
0 0.536719 0.921484 0.017188 0.046094
