0 0.466016 0.138281 0.016406 0.026562
0 0.501563 0.162891 0.093750 0.100781
0 0.509375 0.432031 0.012500 0.020313
0 0.522266 0.446875 0.057031 0.068750
0 0.274609 0.509375 0.033594 0.043750
0 0.276953 0.514062 0.013281 0.025000
0 0.692187 0.514844 0.015625 0.026562
0 0.691797 0.523828 0.064844 0.082031
0 0.494922 0.542969 0.039844 0.089063
0 0.491797 0.548438 0.014844 0.025000
0 0.604688 0.551562 0.065625 0.056250
0 0.623828 0.553516 0.016406 0.025781
0 0.355859 0.557031 0.014844 0.023438
0 0.279297 0.561719 0.014844 0.026562
0 0.271484 0.577734 0.039844 0.061719
0 0.355469 0.597266 0.060937 0.041406
0 0.397266 0.596484 0.128906 0.121094
0 0.332422 0.603125 0.014844 0.021875
0 0.309766 0.691797 0.032031 0.058594
0 0.301172 0.703125 0.011719 0.021875
0 0.900000 0.810156 0.012500 0.026562
0 0.889453 0.817187 0.041406 0.078125
