0 0.478516 0.942578 0.032031 0.088281
0 0.476953 0.970703 0.010156 0.019531
0 0.933203 0.414062 0.122656 0.059375
0 0.904297 0.420312 0.011719 0.018750
0 0.217188 0.426563 0.012500 0.018750
0 0.185938 0.428516 0.118750 0.050781
0 0.735547 0.498047 0.108594 0.058594
0 0.708984 0.506641 0.014844 0.019531
0 0.034766 0.507812 0.069531 0.040625
0 0.036719 0.508984 0.014063 0.017969
0 0.289453 0.528516 0.116406 0.041406
0 0.321484 0.536719 0.011719 0.020313
0 0.775391 0.599219 0.013281 0.020313
0 0.217578 0.601172 0.013281 0.024219
0 0.801953 0.603516 0.128906 0.078906
0 0.183203 0.603516 0.122656 0.041406
0 0.887891 0.621875 0.010156 0.021875
0 0.920703 0.642188 0.116406 0.106250
