0 0.435156 0.125391 0.067187 0.103906
0 0.501172 0.261328 0.011719 0.028906
0 0.498047 0.302344 0.042969 0.170313
0 0.262109 0.473438 0.030469 0.056250
0 0.716797 0.475000 0.055469 0.081250
0 0.715234 0.481250 0.014844 0.031250
0 0.269141 0.481250 0.013281 0.021875
0 0.518750 0.486719 0.015625 0.029687
0 0.309766 0.495312 0.013281 0.028125
0 0.660937 0.505469 0.068750 0.085938
0 0.497266 0.507031 0.066406 0.095312
0 0.683984 0.517578 0.017969 0.025781
0 0.326172 0.525781 0.096094 0.110937
0 0.278906 0.546875 0.017188 0.028125
0 0.276953 0.551953 0.047656 0.066406
0 0.316406 0.557422 0.017188 0.030469
0 0.315234 0.564063 0.039844 0.093750
0 0.288281 0.663672 0.014063 0.024219
0 0.291797 0.681641 0.039844 0.100781
0 0.902344 0.769531 0.054688 0.101562
0 0.921484 0.775000 0.014844 0.028125
0 0.447656 0.089453 0.014063 0.025781
