0 0.031250 0.940234 0.059375 0.046094
0 0.518750 0.242578 0.075000 0.110156
0 0.492578 0.245312 0.035156 0.115625
0 0.344141 0.275000 0.010156 0.015625
0 0.333203 0.276562 0.032031 0.056250
0 0.501563 0.281641 0.012500 0.019531
0 0.469922 0.310547 0.058594 0.071094
0 0.492578 0.316797 0.010156 0.021094
0 0.438672 0.318750 0.033594 0.100000
0 0.357031 0.339453 0.010937 0.019531
0 0.437891 0.344922 0.010156 0.021094
0 0.398047 0.348828 0.011719 0.019531
0 0.357422 0.357812 0.021094 0.068750
0 0.391016 0.362891 0.035156 0.057031
0 0.473047 0.393359 0.042969 0.064844
0 0.471875 0.403516 0.009375 0.019531
0 0.544922 0.810547 0.039844 0.058594
0 0.551562 0.814453 0.009375 0.019531
