0 0.799609 0.941406 0.052344 0.095312
0 0.819141 0.974219 0.013281 0.020313
0 0.830859 0.448828 0.052344 0.050781
0 0.832422 0.453516 0.011719 0.019531
0 0.666016 0.521484 0.094531 0.086719
0 0.589453 0.527734 0.010156 0.017969
0 0.580859 0.533594 0.067969 0.085938
0 0.627734 0.550000 0.011719 0.018750
0 0.846094 0.580078 0.060937 0.066406
0 0.852734 0.591016 0.011719 0.019531
0 0.639844 0.594531 0.045312 0.120313
0 0.932031 0.604688 0.082812 0.140625
0 0.641406 0.612891 0.010937 0.019531
0 0.921484 0.640625 0.011719 0.018750
0 0.555859 0.644141 0.052344 0.128906
0 0.548438 0.654687 0.009375 0.015625
0 0.716797 0.681250 0.114844 0.059375
0 0.689844 0.691797 0.010937 0.021094
0 0.577734 0.699219 0.046094 0.135937
0 0.566016 0.714063 0.010156 0.018750
0 0.654297 0.717578 0.011719 0.019531
0 0.887500 0.730859 0.103125 0.071094
0 0.659766 0.737500 0.044531 0.146875
0 0.786328 0.744531 0.100781 0.070312
0 0.866797 0.745703 0.014844 0.019531
0 0.760547 0.757422 0.014844 0.021094
