0 0.452344 0.243359 0.085938 0.089844
0 0.303516 0.251172 0.016406 0.033594
0 0.414062 0.277344 0.015625 0.026562
0 0.352734 0.284766 0.011719 0.025781
0 0.396875 0.297266 0.087500 0.169531
0 0.287109 0.304297 0.071094 0.174219
0 0.337891 0.310547 0.072656 0.117969
0 0.348828 0.360938 0.013281 0.031250
0 0.552734 0.402734 0.027344 0.174219
0 0.329297 0.440625 0.055469 0.221875
0 0.517188 0.496875 0.015625 0.025000
0 0.695312 0.528516 0.018750 0.028906
0 0.476953 0.549609 0.097656 0.142969
0 0.673047 0.589063 0.067969 0.203125
0 0.508594 0.662109 0.014063 0.033594
0 0.484766 0.720313 0.103906 0.190625
0 0.189453 0.744922 0.016406 0.030469
0 0.174219 0.769922 0.073438 0.133594
0 0.407031 0.781641 0.014063 0.035156
0 0.419141 0.833203 0.053906 0.241406
