0 0.441797 0.206250 0.017969 0.031250
0 0.458203 0.223438 0.103906 0.115625
0 0.316406 0.259375 0.073438 0.153125
0 0.258984 0.273047 0.074219 0.180469
0 0.347656 0.300391 0.020313 0.028906
0 0.375391 0.327734 0.110156 0.189844
0 0.235547 0.335547 0.017969 0.033594
0 0.425781 0.337500 0.014063 0.034375
0 0.581250 0.340625 0.140625 0.121875
0 0.546875 0.342578 0.018750 0.038281
0 0.450391 0.370703 0.075781 0.135156
0 0.422266 0.675000 0.016406 0.031250
0 0.439063 0.683984 0.093750 0.136719
0 0.649609 0.707031 0.014844 0.035937
0 0.688281 0.752344 0.132812 0.204687
0 0.260547 0.766797 0.017969 0.039844
0 0.372656 0.787891 0.017188 0.035156
0 0.275391 0.792578 0.082031 0.153906
0 0.419922 0.796094 0.149219 0.160938
