0 0.755078 0.937500 0.085156 0.125000
0 0.445703 0.473047 0.063281 0.171094
0 0.433984 0.508203 0.011719 0.019531
0 0.551953 0.524609 0.060156 0.146094
0 0.948047 0.539062 0.064844 0.109375
0 0.938672 0.572656 0.011719 0.023438
0 0.470313 0.601562 0.028125 0.100000
0 0.466406 0.643750 0.010937 0.018750
0 0.507812 0.671094 0.078125 0.160938
0 0.451172 0.676172 0.064844 0.164844
0 0.557422 0.692969 0.058594 0.145313
0 0.486328 0.732422 0.013281 0.021094
0 0.457031 0.734375 0.017188 0.025000
0 0.580078 0.744531 0.060156 0.145313
0 0.540234 0.754297 0.008594 0.014844
0 0.552344 0.823828 0.010937 0.019531
0 0.540234 0.845703 0.061719 0.063281
0 0.901953 0.853906 0.044531 0.095312
0 0.906641 0.881250 0.010156 0.018750
0 0.469922 0.892578 0.011719 0.019531
0 0.467578 0.899219 0.060156 0.073438
