0 0.507422 0.236719 0.011719 0.020313
0 0.508984 0.239844 0.030469 0.045312
0 0.085547 0.241797 0.008594 0.021094
0 0.094922 0.246875 0.027344 0.056250
0 0.086328 0.475000 0.107031 0.050000
0 0.946875 0.482812 0.090625 0.071875
0 0.910547 0.501563 0.011719 0.028125
0 0.132422 0.538672 0.099219 0.061719
0 0.843359 0.549219 0.011719 0.020313
0 0.873047 0.550781 0.114844 0.048438
0 0.171484 0.554688 0.011719 0.021875
0 0.093750 0.635156 0.012500 0.020313
0 0.921875 0.636719 0.112500 0.045312
0 0.892188 0.638281 0.015625 0.026562
0 0.069141 0.641406 0.107031 0.070312
0 0.490234 0.801172 0.055469 0.067969
0 0.488672 0.816406 0.017969 0.023438
