0 0.447656 0.975000 0.079687 0.040625
0 0.489844 0.163672 0.007812 0.014844
0 0.488281 0.176563 0.026562 0.043750
0 0.100000 0.396484 0.037500 0.058594
0 0.093359 0.401562 0.008594 0.015625
0 0.101172 0.470313 0.008594 0.015625
0 0.036328 0.471875 0.013281 0.018750
0 0.048438 0.475000 0.040625 0.046875
0 0.106250 0.477344 0.037500 0.064062
0 0.910547 0.480859 0.011719 0.017969
0 0.919141 0.481250 0.063281 0.050000
0 0.992188 0.493750 0.015625 0.018750
0 0.982812 0.493359 0.034375 0.061719
0 0.913672 0.562500 0.039844 0.043750
0 0.919922 0.567578 0.011719 0.019531
0 0.100781 0.567578 0.010937 0.016406
0 0.971875 0.568359 0.056250 0.067969
0 0.964453 0.574609 0.010156 0.017969
0 0.110547 0.577344 0.039844 0.079687
