0 0.382812 0.132812 0.078125 0.150000
0 0.362500 0.417578 0.115625 0.088281
0 0.319922 0.419141 0.017969 0.032031
0 0.412891 0.506250 0.019531 0.034375
0 0.266016 0.544141 0.107031 0.113281
0 0.096484 0.556641 0.071094 0.157031
0 0.434766 0.566016 0.107031 0.175781
0 0.088672 0.601562 0.017969 0.034375
0 0.663672 0.608203 0.017969 0.032031
0 0.209375 0.632422 0.100000 0.161719
0 0.229297 0.641016 0.021094 0.038281
0 0.325000 0.642578 0.068750 0.069531
0 0.700391 0.670703 0.144531 0.213281
0 0.451172 0.671875 0.111719 0.100000
0 0.405859 0.685547 0.014844 0.030469
0 0.308984 0.741406 0.014844 0.020313
0 0.357422 0.787109 0.108594 0.111719
