0 0.387109 0.132812 0.011719 0.025000
0 0.419141 0.151562 0.119531 0.078125
0 0.234375 0.376953 0.084375 0.128906
0 0.284375 0.391016 0.062500 0.103906
0 0.352344 0.421094 0.014063 0.020313
0 0.377734 0.444531 0.086719 0.129688
0 0.237109 0.456250 0.039844 0.131250
0 0.296484 0.463281 0.011719 0.026562
0 0.318750 0.495703 0.096875 0.135156
0 0.231250 0.498047 0.012500 0.017969
0 0.248438 0.524609 0.071875 0.099219
0 0.219922 0.539844 0.011719 0.020313
0 0.248828 0.552344 0.103906 0.101562
0 0.358984 0.582422 0.011719 0.017969
0 0.371875 0.623047 0.081250 0.189844
0 0.341797 0.630859 0.011719 0.024219
0 0.198047 0.633984 0.008594 0.017969
0 0.210547 0.656641 0.058594 0.110156
0 0.133984 0.675000 0.011719 0.018750
0 0.357812 0.676562 0.068750 0.146875
0 0.158203 0.709766 0.063281 0.094531
0 0.357031 0.792188 0.014063 0.021875
0 0.362500 0.838281 0.031250 0.160938
0 0.488672 0.908984 0.011719 0.024219
0 0.516016 0.909375 0.113281 0.050000
