0 0.439844 0.957422 0.045312 0.061719
0 0.451172 0.967187 0.011719 0.025000
0 0.497266 0.164062 0.010156 0.021875
0 0.493359 0.178906 0.024219 0.085938
0 0.060937 0.373047 0.015625 0.017969
0 0.056641 0.378125 0.069531 0.081250
0 0.989062 0.401953 0.012500 0.019531
0 0.980469 0.403516 0.039062 0.050781
0 0.019922 0.407813 0.011719 0.018750
0 0.028906 0.425000 0.035937 0.075000
0 0.018750 0.472266 0.037500 0.044531
0 0.062109 0.475000 0.080469 0.050000
0 0.009375 0.474609 0.015625 0.021094
0 0.071484 0.475781 0.014844 0.020313
0 0.991797 0.486719 0.014844 0.020313
0 0.979688 0.488281 0.040625 0.054688
0 0.012109 0.544922 0.024219 0.042969
0 0.037891 0.550781 0.013281 0.020313
0 0.050000 0.552344 0.043750 0.073438
0 0.955859 0.568750 0.052344 0.078125
0 0.959766 0.573047 0.010156 0.017969
0 0.495703 0.871484 0.025781 0.071094
0 0.497266 0.891016 0.010156 0.025781
