0 0.917578 0.428125 0.119531 0.043750
0 0.890234 0.429297 0.011719 0.021094
0 0.374609 0.432422 0.008594 0.014844
0 0.405078 0.434375 0.107031 0.053125
0 0.271094 0.449219 0.010937 0.020313
0 0.300391 0.458984 0.107031 0.055469
0 0.408203 0.540234 0.110156 0.042969
0 0.376172 0.546094 0.011719 0.020313
0 0.255859 0.553125 0.011719 0.018750
0 0.286328 0.556250 0.116406 0.043750
0 0.961328 0.583203 0.075781 0.153906
0 0.985156 0.590625 0.029687 0.050000
0 0.994531 0.601562 0.010937 0.015625
0 0.343359 0.615234 0.108594 0.046094
0 0.314844 0.619922 0.010937 0.017969
0 0.244141 0.658984 0.010156 0.017969
0 0.274609 0.660547 0.099219 0.049219
