0 0.441406 0.173828 0.020313 0.032031
0 0.480078 0.185938 0.128906 0.065625
0 0.377734 0.294922 0.011719 0.024219
0 0.419141 0.313672 0.100781 0.071094
0 0.310156 0.328516 0.092188 0.050781
0 0.282813 0.399219 0.015625 0.029687
0 0.246875 0.403906 0.012500 0.023438
0 0.320312 0.405078 0.115625 0.094531
0 0.413672 0.429688 0.014844 0.028125
0 0.450391 0.440234 0.135156 0.083594
0 0.266016 0.453125 0.060156 0.165625
0 0.575000 0.567187 0.137500 0.096875
0 0.365625 0.577734 0.015625 0.024219
0 0.546094 0.589844 0.017188 0.029687
0 0.330078 0.598828 0.013281 0.028906
0 0.407422 0.605078 0.108594 0.132031
0 0.340234 0.609766 0.036719 0.044531
0 0.683594 0.652344 0.139063 0.098437
0 0.302734 0.725781 0.014844 0.023438
0 0.345703 0.735547 0.116406 0.080469
0 0.694141 0.081250 0.013281 0.025000
0 0.724609 0.084766 0.074219 0.091406
