0 0.482422 0.983984 0.083594 0.030469
0 0.548438 0.140625 0.103125 0.103125
0 0.573828 0.179297 0.013281 0.021094
0 0.790234 0.391016 0.052344 0.153906
0 0.791406 0.437500 0.010937 0.021875
0 0.631641 0.483984 0.063281 0.142969
0 0.891797 0.496094 0.036719 0.070312
0 0.653516 0.508984 0.010156 0.024219
0 0.892969 0.519141 0.010937 0.013281
0 0.794141 0.550781 0.063281 0.126562
0 0.896484 0.585547 0.036719 0.096094
0 0.905859 0.616016 0.008594 0.016406
0 0.699609 0.649609 0.039844 0.121094
0 0.850000 0.666406 0.053125 0.164062
0 0.746875 0.687500 0.046875 0.096875
0 0.697266 0.696094 0.010156 0.023438
0 0.791406 0.721094 0.054688 0.126562
0 0.804297 0.756250 0.055469 0.146875
0 0.625000 0.817578 0.009375 0.019531
0 0.587109 0.818359 0.086719 0.083594
