0 0.744922 0.939453 0.011719 0.025781
0 0.769141 0.951562 0.072656 0.096875
0 0.644141 0.098828 0.013281 0.025781
0 0.782813 0.119531 0.012500 0.026562
0 0.348828 0.120703 0.010156 0.019531
0 0.352734 0.131641 0.030469 0.057031
0 0.973047 0.131641 0.052344 0.063281
0 0.605859 0.244531 0.092969 0.120313
0 0.589453 0.266406 0.013281 0.023438
0 0.452344 0.357812 0.017188 0.028125
0 0.592187 0.360938 0.075000 0.181250
0 0.456641 0.375000 0.041406 0.103125
0 0.607422 0.410156 0.017969 0.029687
0 0.553906 0.477734 0.073438 0.164844
0 0.476953 0.516016 0.066406 0.144531
0 0.579688 0.544922 0.015625 0.024219
0 0.308594 0.562109 0.095312 0.139844
0 0.376563 0.057031 0.012500 0.020313
0 0.531250 0.576953 0.059375 0.138281
0 0.325000 0.589453 0.018750 0.025781
0 0.592578 0.067187 0.013281 0.028125
0 0.509766 0.694531 0.078906 0.110937
0 0.379297 0.077344 0.036719 0.076563
0 0.799609 0.080859 0.071094 0.124219
0 0.594141 0.083984 0.041406 0.086719
0 0.640234 0.092969 0.039844 0.076563
