0 0.476953 0.932813 0.010156 0.021875
0 0.233984 0.273438 0.080469 0.128125
0 0.260156 0.308594 0.010937 0.020313
0 0.783984 0.467578 0.033594 0.178906
0 0.794922 0.514062 0.014844 0.025000
0 0.475391 0.535547 0.044531 0.061719
0 0.479297 0.535937 0.008594 0.015625
0 0.544531 0.543750 0.067187 0.134375
0 0.697266 0.566406 0.053906 0.139063
0 0.558203 0.567969 0.010156 0.023438
0 0.697266 0.606641 0.010156 0.019531
0 0.698047 0.606641 0.011719 0.019531
0 0.483984 0.657422 0.033594 0.058594
0 0.608984 0.662109 0.011719 0.017969
0 0.610547 0.664844 0.033594 0.060937
0 0.486328 0.666016 0.010156 0.019531
0 0.364063 0.670312 0.028125 0.059375
0 0.357422 0.679688 0.011719 0.018750
0 0.461328 0.758203 0.035156 0.082031
0 0.540625 0.761719 0.015625 0.029687
0 0.543359 0.767188 0.042969 0.053125
0 0.456641 0.778906 0.013281 0.020313
0 0.512109 0.789062 0.039844 0.134375
0 0.652344 0.791406 0.032813 0.051562
0 0.660937 0.800000 0.012500 0.021875
0 0.507422 0.812891 0.014844 0.019531
0 0.553125 0.880859 0.053125 0.080469
0 0.567969 0.882031 0.010937 0.020313
0 0.530078 0.890625 0.013281 0.025000
0 0.528906 0.898438 0.035937 0.078125
0 0.484766 0.909766 0.032031 0.066406
