0 0.733984 0.224609 0.105469 0.105469
0 0.772266 0.232031 0.013281 0.020313
0 0.624609 0.266406 0.092969 0.054688
0 0.666797 0.277344 0.011719 0.020313
0 0.737891 0.345313 0.113281 0.109375
0 0.636328 0.353516 0.082031 0.125781
0 0.936719 0.371094 0.064062 0.048438
0 0.764844 0.376172 0.014063 0.021094
0 0.884766 0.378906 0.010156 0.020313
0 0.964063 0.380859 0.009375 0.021094
0 0.857031 0.383203 0.107813 0.094531
0 0.658984 0.396484 0.011719 0.021094
0 0.897266 0.413672 0.103906 0.055469
0 0.744141 0.481641 0.085156 0.069531
0 0.761719 0.499219 0.010937 0.020313
0 0.450391 0.697656 0.069531 0.085938
0 0.468359 0.713281 0.011719 0.020313
