0 0.308203 0.193750 0.035156 0.084375
0 0.219531 0.389844 0.026562 0.098437
0 0.269922 0.391797 0.046094 0.092969
0 0.282422 0.411328 0.039844 0.135156
0 0.220703 0.426172 0.013281 0.024219
0 0.253516 0.426953 0.010156 0.019531
0 0.283984 0.468750 0.008594 0.015625
0 0.352734 0.507031 0.046094 0.114062
0 0.236719 0.560937 0.048438 0.131250
0 0.258594 0.582031 0.039062 0.129688
0 0.231641 0.677344 0.082031 0.064062
0 0.194922 0.687500 0.008594 0.018750
0 0.424609 0.761328 0.055469 0.085156
0 0.410547 0.767188 0.008594 0.015625
