0 0.603125 0.325391 0.031250 0.100781
0 0.608203 0.346094 0.010156 0.023438
0 0.912891 0.471484 0.044531 0.064844
0 0.915234 0.484375 0.014844 0.025000
0 0.592578 0.522656 0.010156 0.020313
0 0.584766 0.531250 0.057031 0.075000
0 0.674609 0.555859 0.008594 0.017969
0 0.660547 0.557422 0.046094 0.039844
0 0.848047 0.589844 0.014844 0.020313
0 0.832031 0.601562 0.051562 0.068750
0 0.453125 0.605469 0.028125 0.070312
0 0.449609 0.607031 0.011719 0.020313
0 0.801953 0.673047 0.028906 0.142969
0 0.810937 0.676953 0.012500 0.019531
0 0.670703 0.718359 0.044531 0.074219
0 0.496484 0.725391 0.042969 0.078906
0 0.680078 0.726562 0.010156 0.018750
0 0.491797 0.728516 0.011719 0.025781
0 0.675000 0.823047 0.034375 0.108594
0 0.625391 0.826953 0.038281 0.050781
0 0.629297 0.826172 0.011719 0.021094
0 0.678125 0.830859 0.012500 0.024219
0 0.491797 0.836719 0.030469 0.079687
0 0.578516 0.847656 0.013281 0.023438
0 0.711719 0.858594 0.035937 0.101562
0 0.486328 0.863672 0.013281 0.021094
0 0.580859 0.884375 0.046094 0.125000
0 0.721484 0.892969 0.011719 0.023438
