0 0.433594 0.098437 0.079687 0.071875
0 0.837500 0.010937 0.015625 0.021875
0 0.350781 0.015625 0.026562 0.031250
0 0.337891 0.179297 0.010156 0.024219
0 0.322266 0.020703 0.032031 0.041406
0 0.362109 0.208594 0.089844 0.085938
0 0.201953 0.258203 0.038281 0.085156
0 0.247266 0.281250 0.057031 0.115625
0 0.167578 0.307812 0.010156 0.021875
0 0.146094 0.319531 0.085938 0.098437
0 0.825000 0.032031 0.043750 0.064062
0 0.315234 0.367969 0.046094 0.114062
0 0.270703 0.367969 0.047656 0.098437
0 0.229297 0.433203 0.011719 0.019531
0 0.144531 0.434375 0.017188 0.046875
0 0.143359 0.437109 0.011719 0.017969
0 0.230859 0.453906 0.039844 0.104688
0 0.189062 0.461719 0.009375 0.020313
0 0.194141 0.498437 0.022656 0.100000
0 0.478125 0.654687 0.012500 0.028125
0 0.190625 0.686719 0.012500 0.026562
0 0.218359 0.711328 0.071094 0.119531
0 0.492188 0.719922 0.046875 0.155469
0 0.417187 0.088281 0.009375 0.023438
