0 0.187500 0.289844 0.106250 0.189062
0 0.366016 0.030078 0.100781 0.060156
0 0.352734 0.042188 0.017969 0.034375
0 0.233984 0.453516 0.102344 0.119531
0 0.403125 0.485938 0.015625 0.025000
0 0.425000 0.486328 0.096875 0.082031
0 0.111719 0.488281 0.064062 0.214062
0 0.656641 0.506250 0.085156 0.121875
0 0.186328 0.519922 0.072656 0.133594
0 0.622656 0.546484 0.017188 0.030469
0 0.413281 0.550391 0.132812 0.103906
0 0.217188 0.574609 0.128125 0.055469
0 0.316016 0.632031 0.016406 0.035937
0 0.330078 0.691406 0.047656 0.176563
0 0.349609 0.902734 0.161719 0.105469
0 0.299609 0.905859 0.017969 0.030469
