0 0.629297 0.517578 0.105469 0.119531
0 0.659375 0.545312 0.015625 0.028125
0 0.563281 0.566016 0.095312 0.110156
0 0.573438 0.604297 0.025000 0.036719
0 0.639062 0.605078 0.087500 0.057031
0 0.571875 0.617969 0.034375 0.095312
0 0.377734 0.672656 0.130469 0.114062
0 0.317969 0.678906 0.010937 0.020313
0 0.623047 0.693359 0.074219 0.111719
0 0.648828 0.714063 0.022656 0.040625
0 0.568359 0.765625 0.105469 0.100000
0 0.792578 0.780469 0.110156 0.126562
0 0.717578 0.793750 0.022656 0.031250
0 0.694922 0.794141 0.130469 0.119531
0 0.818359 0.796484 0.017969 0.036719
