0 0.592578 0.307422 0.016406 0.030469
0 0.461719 0.349219 0.014063 0.026562
0 0.561719 0.378125 0.085938 0.175000
0 0.586719 0.430078 0.051562 0.157031
0 0.758984 0.430469 0.017969 0.039062
0 0.469922 0.430859 0.042969 0.196094
0 0.500391 0.442969 0.038281 0.185938
0 0.748828 0.496484 0.044531 0.305469
0 0.653516 0.514062 0.013281 0.031250
0 0.595313 0.536719 0.012500 0.026562
0 0.640234 0.579688 0.052344 0.300000
0 0.475391 0.600391 0.016406 0.032031
0 0.266797 0.609375 0.017969 0.031250
0 0.562500 0.621875 0.078125 0.209375
0 0.871484 0.629297 0.021094 0.033594
0 0.504297 0.671875 0.086719 0.296875
0 0.271484 0.684375 0.042969 0.268750
0 0.863672 0.707812 0.117969 0.284375
