0 0.639844 0.485547 0.057813 0.117969
0 0.645703 0.516797 0.016406 0.030469
0 0.513281 0.551953 0.123438 0.110156
0 0.616016 0.582812 0.016406 0.028125
0 0.423047 0.620703 0.127344 0.144531
0 0.621484 0.621875 0.042969 0.209375
0 0.675391 0.648828 0.088281 0.144531
0 0.375391 0.676172 0.013281 0.033594
0 0.786719 0.721094 0.073438 0.148438
0 0.792188 0.736719 0.015625 0.029687
0 0.716406 0.739453 0.010937 0.025781
0 0.606641 0.752734 0.063281 0.142969
0 0.669922 0.766406 0.105469 0.104688
0 0.594531 0.798047 0.014063 0.030469
