0 0.530469 0.546484 0.010937 0.017969
0 0.496484 0.551953 0.108594 0.060156
0 0.685547 0.575781 0.086719 0.085938
0 0.543359 0.604688 0.011719 0.018750
0 0.509766 0.605078 0.128906 0.057031
0 0.554297 0.684375 0.011719 0.021875
0 0.637891 0.692578 0.010156 0.019531
0 0.518359 0.699609 0.111719 0.092969
0 0.605078 0.704297 0.107031 0.067969
0 0.680859 0.708203 0.083594 0.116406
0 0.696094 0.745703 0.092188 0.116406
0 0.646484 0.759375 0.014844 0.021875
0 0.656250 0.791797 0.012500 0.021094
0 0.477734 0.807813 0.049219 0.084375
0 0.481641 0.819531 0.010156 0.020313
