0 0.768359 0.932813 0.008594 0.018750
0 0.439453 0.132031 0.013281 0.023438
0 0.440234 0.150000 0.027344 0.065625
0 0.011719 0.404687 0.023438 0.034375
0 0.013672 0.466797 0.027344 0.071094
0 0.909766 0.482422 0.010156 0.011719
0 0.932031 0.488672 0.085938 0.055469
0 0.899609 0.515234 0.067969 0.074219
0 0.881641 0.518750 0.013281 0.015625
0 0.935156 0.519531 0.010937 0.023438
0 0.004687 0.525000 0.009375 0.015625
0 0.017578 0.529687 0.035156 0.059375
0 0.898828 0.574219 0.038281 0.060937
0 0.910156 0.575000 0.010937 0.018750
0 0.432031 0.770312 0.029687 0.071875
0 0.425391 0.794141 0.010156 0.019531
0 0.123828 0.855469 0.016406 0.020313
0 0.138281 0.865625 0.045312 0.053125
0 0.401953 0.870313 0.010156 0.018750
0 0.401172 0.878125 0.021094 0.053125
0 0.759766 0.901953 0.028906 0.091406
