0 0.439063 0.953906 0.009375 0.014063
0 0.458984 0.955469 0.083594 0.035937
0 0.486328 0.176563 0.010156 0.015625
0 0.483203 0.190234 0.025781 0.046094
0 0.107031 0.399609 0.029687 0.055469
0 0.103125 0.400781 0.009375 0.020313
0 0.109375 0.470703 0.009375 0.016406
0 0.048828 0.471484 0.010156 0.014844
0 0.061328 0.475391 0.035156 0.044531
0 0.116797 0.476562 0.033594 0.053125
0 0.900391 0.481641 0.010156 0.016406
0 0.911719 0.480859 0.064062 0.083594
0 0.981250 0.493750 0.009375 0.018750
0 0.973047 0.497266 0.030469 0.103906
0 0.907031 0.563672 0.032813 0.089844
0 0.911328 0.567187 0.010156 0.015625
0 0.966406 0.569531 0.067187 0.060937
0 0.112109 0.571875 0.011719 0.015625
0 0.951172 0.575391 0.011719 0.016406
0 0.119922 0.574609 0.039844 0.083594
