0 0.365234 0.157031 0.014844 0.029687
0 0.308594 0.196875 0.017188 0.028125
0 0.218359 0.211328 0.024219 0.028906
0 0.356250 0.221875 0.068750 0.271875
0 0.208594 0.227734 0.110937 0.149219
0 0.298828 0.228125 0.053906 0.100000
0 0.244141 0.263672 0.016406 0.033594
0 0.240234 0.278125 0.049219 0.084375
0 0.151172 0.329297 0.074219 0.114844
0 0.189844 0.033594 0.039062 0.067187
0 0.164453 0.366797 0.016406 0.030469
0 0.526953 0.367578 0.100781 0.125781
0 0.555859 0.368750 0.017969 0.028125
0 0.404687 0.036719 0.096875 0.073438
0 0.739453 0.467578 0.053906 0.088281
0 0.747656 0.469141 0.020313 0.028906
0 0.435547 0.534766 0.061719 0.103906
0 0.441016 0.565234 0.016406 0.033594
0 0.159766 0.566016 0.019531 0.038281
0 0.185547 0.585547 0.074219 0.196094
0 0.305078 0.725781 0.060156 0.110937
0 0.288672 0.753906 0.017969 0.029687
