0 0.133203 0.927734 0.007031 0.017969
0 0.799609 0.932813 0.039844 0.065625
0 0.807813 0.953516 0.009375 0.019531
0 0.466797 0.156250 0.011719 0.021875
0 0.467578 0.163281 0.022656 0.054688
0 0.003906 0.405078 0.007812 0.019531
0 0.016797 0.407031 0.033594 0.035937
0 0.015234 0.478516 0.030469 0.060156
0 0.005859 0.480859 0.011719 0.017969
0 0.969141 0.498437 0.060156 0.065625
0 0.958984 0.500391 0.011719 0.016406
0 0.915625 0.505078 0.050000 0.085156
0 0.933203 0.516016 0.013281 0.016406
0 0.993750 0.537891 0.012500 0.019531
0 0.983203 0.539844 0.032031 0.051562
0 0.015625 0.541406 0.009375 0.020313
0 0.027734 0.548828 0.052344 0.050781
0 0.949219 0.575781 0.032813 0.051562
0 0.957422 0.581250 0.011719 0.018750
0 0.439063 0.837500 0.037500 0.065625
0 0.432812 0.839063 0.009375 0.018750
0 0.426563 0.876172 0.009375 0.014844
0 0.426953 0.898047 0.022656 0.058594
0 0.140234 0.919922 0.024219 0.033594
