0 0.625000 0.962500 0.046875 0.075000
0 0.636328 0.971094 0.010156 0.020313
0 0.510156 0.632422 0.010937 0.017969
0 0.510938 0.634375 0.043750 0.090625
0 0.430078 0.687500 0.038281 0.121875
0 0.441797 0.691016 0.008594 0.013281
0 0.545703 0.728125 0.010156 0.018750
0 0.549609 0.727734 0.030469 0.061719
0 0.619141 0.740625 0.050781 0.071875
0 0.630859 0.740234 0.008594 0.017969
0 0.486328 0.792578 0.025781 0.094531
0 0.485156 0.815234 0.010937 0.024219
0 0.600000 0.835547 0.046875 0.071094
0 0.711328 0.837109 0.035156 0.099219
0 0.701172 0.839453 0.008594 0.016406
0 0.630078 0.842969 0.032031 0.135937
0 0.604297 0.850000 0.011719 0.021875
0 0.627734 0.893359 0.008594 0.017969
