0 0.677734 0.925781 0.011719 0.020313
0 0.942969 0.930859 0.048438 0.099219
0 0.834375 0.939063 0.050000 0.090625
0 0.894922 0.957422 0.033594 0.058594
0 0.817187 0.962109 0.012500 0.021094
0 0.923828 0.968750 0.013281 0.021875
0 0.904297 0.975781 0.014844 0.020313
0 0.293359 0.267969 0.011719 0.023438
0 0.276953 0.319141 0.069531 0.210156
0 0.428516 0.335547 0.075781 0.071094
0 0.380859 0.340625 0.011719 0.018750
0 0.309375 0.343750 0.012500 0.025000
0 0.358984 0.371875 0.086719 0.118750
0 0.310156 0.373828 0.029687 0.100781
0 0.489063 0.375781 0.009375 0.020313
0 0.474219 0.399609 0.107813 0.083594
0 0.219922 0.402344 0.011719 0.020313
0 0.229687 0.403906 0.056250 0.045312
0 0.305859 0.449219 0.011719 0.020313
0 0.303516 0.452734 0.057031 0.055469
0 0.374609 0.471875 0.011719 0.021875
0 0.350391 0.505078 0.094531 0.091406
0 0.360547 0.524609 0.011719 0.024219
0 0.369922 0.535937 0.039844 0.068750
0 0.367578 0.694531 0.010156 0.020313
0 0.353516 0.702344 0.094531 0.048438
0 0.389453 0.787500 0.013281 0.025000
0 0.383203 0.796875 0.041406 0.071875
0 0.557031 0.799219 0.014063 0.026562
0 0.578906 0.841016 0.073438 0.110156
0 0.516797 0.868750 0.014844 0.021875
0 0.525391 0.870313 0.041406 0.096875
0 0.668750 0.893359 0.031250 0.080469
