0 0.353125 0.009375 0.043750 0.018750
0 0.415234 0.153125 0.086719 0.043750
0 0.320703 0.017969 0.028906 0.035937
0 0.506641 0.017969 0.032031 0.035937
0 0.276172 0.197266 0.011719 0.016406
0 0.248047 0.206641 0.102344 0.057031
0 0.373828 0.212500 0.069531 0.043750
0 0.404297 0.215234 0.008594 0.017969
0 0.314453 0.248047 0.013281 0.021094
0 0.201953 0.264062 0.078906 0.046875
0 0.218359 0.265625 0.011719 0.021875
0 0.291016 0.271875 0.094531 0.081250
0 0.821484 0.030078 0.039844 0.060156
0 0.304688 0.331250 0.012500 0.018750
0 0.282813 0.339453 0.087500 0.053906
0 0.176172 0.412500 0.011719 0.015625
0 0.159766 0.424609 0.091406 0.083594
0 0.436328 0.046484 0.010156 0.021094
0 0.442969 0.050000 0.051562 0.059375
0 0.496484 0.564063 0.008594 0.018750
0 0.478516 0.600391 0.044531 0.113281
0 0.200781 0.650391 0.007812 0.016406
0 0.183203 0.663281 0.041406 0.054688
0 0.315625 0.068750 0.009375 0.021875
0 0.316406 0.069141 0.042188 0.050781
0 0.832812 0.007031 0.012500 0.014063
