0 0.405859 0.938672 0.042969 0.114844
0 0.426172 0.116406 0.030469 0.054688
0 0.429297 0.128125 0.011719 0.021875
0 0.371484 0.466406 0.074219 0.126562
0 0.500000 0.487891 0.059375 0.132031
0 0.391406 0.495312 0.010937 0.015625
0 0.487500 0.521094 0.009375 0.020313
0 0.339062 0.549609 0.053125 0.133594
0 0.440625 0.550391 0.031250 0.094531
0 0.541406 0.564063 0.057813 0.118750
0 0.445703 0.583203 0.010156 0.028906
0 0.458594 0.616406 0.029687 0.129688
0 0.437500 0.647656 0.037500 0.114062
0 0.457813 0.655859 0.012500 0.021094
0 0.446875 0.687109 0.009375 0.024219
0 0.441797 0.787109 0.011719 0.021094
0 0.423047 0.824219 0.049219 0.104688
0 0.124219 0.888672 0.007812 0.021094
0 0.712891 0.899219 0.044531 0.095312
0 0.139063 0.905078 0.053125 0.085156
0 0.714453 0.924219 0.010156 0.020313
