0 0.569922 0.153125 0.139844 0.103125
0 0.607031 0.169922 0.014063 0.030469
0 0.557422 0.492969 0.014844 0.039062
0 0.492969 0.500000 0.095312 0.103125
0 0.317578 0.503516 0.016406 0.035156
0 0.457422 0.505078 0.011719 0.028906
0 0.429297 0.535547 0.117969 0.142969
0 0.385156 0.545703 0.039062 0.066406
0 0.295703 0.549609 0.060156 0.164844
0 0.362109 0.552734 0.014844 0.030469
0 0.387500 0.552344 0.012500 0.026562
0 0.560156 0.560937 0.045312 0.190625
0 0.350391 0.602344 0.050781 0.251563
0 0.544922 0.724219 0.099219 0.129688
0 0.738672 0.806641 0.014844 0.028906
0 0.700000 0.835938 0.137500 0.121875
0 0.581641 0.878906 0.016406 0.029687
0 0.541406 0.921875 0.114062 0.118750
