0 0.421875 0.126172 0.109375 0.074219
0 0.469141 0.139453 0.013281 0.025781
0 0.737109 0.027344 0.121094 0.054688
0 0.515234 0.412500 0.014844 0.028125
0 0.634766 0.414844 0.144531 0.085938
0 0.673047 0.421875 0.014844 0.028125
0 0.901563 0.435156 0.128125 0.110937
0 0.480469 0.435547 0.135937 0.086719
0 0.777344 0.005078 0.014063 0.010156
0 0.817578 0.474609 0.019531 0.036719
0 0.787891 0.486719 0.094531 0.135937
0 0.645703 0.563672 0.019531 0.030469
0 0.619531 0.576953 0.104688 0.100781
0 0.724609 0.579297 0.117969 0.055469
0 0.759766 0.582422 0.016406 0.033594
0 0.752734 0.066406 0.014844 0.023438
0 0.568750 0.728516 0.015625 0.032031
0 0.523438 0.728516 0.109375 0.060156
0 0.718359 0.078125 0.133594 0.065625
0 0.948828 0.790625 0.019531 0.031250
0 0.902734 0.837500 0.111719 0.128125
