0 0.851172 0.107422 0.033594 0.071094
0 0.685547 0.106641 0.036719 0.135156
0 0.749609 0.114062 0.121094 0.121875
0 0.714844 0.137500 0.014063 0.025000
0 0.725391 0.182812 0.010156 0.021875
0 0.854688 0.183594 0.040625 0.135937
0 0.740234 0.240625 0.061719 0.143750
0 0.747266 0.027734 0.041406 0.055469
0 0.756250 0.028516 0.012500 0.025781
0 0.838281 0.034375 0.045312 0.068750
0 0.679297 0.399609 0.071094 0.086719
0 0.677344 0.413672 0.014063 0.024219
0 0.985938 0.417187 0.028125 0.115625
0 0.983984 0.439844 0.014844 0.029687
