0 0.457813 0.155859 0.015625 0.036719
0 0.463281 0.167187 0.082812 0.140625
0 0.508594 0.281641 0.120313 0.157031
0 0.555078 0.304297 0.016406 0.030469
0 0.351562 0.326172 0.015625 0.030469
0 0.356250 0.333203 0.034375 0.066406
0 0.363672 0.414062 0.017969 0.031250
0 0.316797 0.430859 0.130469 0.108594
0 0.201172 0.473047 0.071094 0.121094
0 0.320703 0.505859 0.091406 0.083594
0 0.193359 0.519531 0.021094 0.026562
0 0.337109 0.529297 0.017969 0.033594
0 0.303906 0.541797 0.014063 0.024219
0 0.427734 0.569531 0.099219 0.129688
0 0.299219 0.616016 0.070312 0.175781
0 0.611328 0.701562 0.016406 0.031250
0 0.630469 0.791797 0.076563 0.217969
0 0.031641 0.911719 0.063281 0.079687
0 0.055469 0.916406 0.017188 0.029687
