0 0.701953 0.178906 0.010156 0.020313
0 0.690234 0.217188 0.049219 0.165625
0 0.593750 0.351172 0.012500 0.021094
0 0.588672 0.362109 0.033594 0.083594
0 0.686719 0.369531 0.010937 0.023438
0 0.702734 0.394922 0.099219 0.092969
0 0.811719 0.412109 0.010937 0.021094
0 0.796484 0.428906 0.046094 0.076563
0 0.921484 0.444922 0.011719 0.033594
0 0.558984 0.452344 0.027344 0.064062
0 0.912891 0.451172 0.038281 0.064844
0 0.562500 0.456250 0.012500 0.028125
0 0.758984 0.524609 0.036719 0.092969
0 0.760156 0.535547 0.014063 0.030469
0 0.514453 0.563672 0.075781 0.130469
0 0.539844 0.566016 0.010937 0.028906
0 0.647266 0.607031 0.069531 0.104688
0 0.624219 0.641016 0.017188 0.028906
0 0.842187 0.706250 0.012500 0.031250
0 0.852734 0.768359 0.039844 0.161719
0 0.700781 0.814063 0.017188 0.021875
0 0.850000 0.835938 0.015625 0.028125
0 0.701562 0.837500 0.043750 0.100000
0 0.837500 0.846875 0.040625 0.078125
0 0.025781 0.918359 0.048438 0.074219
