0 0.909766 0.203906 0.010156 0.020313
0 0.907031 0.216016 0.039062 0.103906
0 0.941406 0.383594 0.010937 0.020313
0 0.932031 0.387109 0.035937 0.061719
0 0.695312 0.494531 0.012500 0.020313
0 0.690625 0.502734 0.034375 0.061719
0 0.816016 0.515234 0.016406 0.017969
0 0.814063 0.519141 0.034375 0.069531
0 0.915234 0.528516 0.014844 0.019531
0 0.913281 0.531250 0.042188 0.118750
0 0.768750 0.546484 0.009375 0.021094
0 0.763672 0.560937 0.039844 0.081250
0 0.825781 0.593359 0.057813 0.074219
0 0.832812 0.608984 0.012500 0.021094
0 0.748828 0.632031 0.032031 0.101562
0 0.751953 0.640625 0.010156 0.018750
0 0.977344 0.652734 0.045312 0.046094
0 0.957422 0.720703 0.064844 0.050781
0 0.971484 0.727344 0.011719 0.023438
0 0.885156 0.853125 0.067187 0.096875
0 0.910937 0.871094 0.012500 0.029687
