0 0.603516 0.197656 0.019531 0.039062
0 0.560937 0.209375 0.118750 0.115625
0 0.707422 0.475000 0.017969 0.031250
0 0.743359 0.507031 0.014844 0.029687
0 0.660547 0.518750 0.111719 0.118750
0 0.477734 0.519531 0.017969 0.035937
0 0.560547 0.524609 0.014844 0.033594
0 0.545703 0.563672 0.044531 0.117969
0 0.455078 0.568750 0.116406 0.240625
0 0.646484 0.576562 0.017969 0.025000
0 0.730859 0.576953 0.046094 0.244531
0 0.612891 0.617188 0.085156 0.106250
0 0.663672 0.691016 0.067969 0.110156
0 0.643359 0.796484 0.102344 0.096094
0 0.463672 0.812109 0.017969 0.030469
0 0.463281 0.867969 0.060937 0.264062
0 0.288672 0.870703 0.014844 0.025781
0 0.933984 0.882422 0.014844 0.033594
0 0.864453 0.908203 0.153906 0.182031
0 0.271484 0.919141 0.102344 0.160156
