0 0.325781 0.117969 0.054688 0.235937
0 0.315234 0.014063 0.021094 0.028125
0 0.008984 0.381250 0.017969 0.031250
0 0.034375 0.387109 0.065625 0.049219
0 0.790234 0.401562 0.199219 0.100000
0 0.734766 0.410938 0.016406 0.031250
0 0.125000 0.478125 0.018750 0.034375
0 0.109375 0.486719 0.131250 0.070312
0 0.866016 0.494531 0.225781 0.145313
0 0.810156 0.514453 0.020313 0.035156
0 0.966016 0.555859 0.019531 0.030469
0 0.951953 0.562891 0.094531 0.082031
0 0.054688 0.657813 0.109375 0.078125
0 0.046094 0.659766 0.023438 0.035156
