0 0.823047 0.934766 0.039844 0.057031
0 0.831641 0.935547 0.010156 0.024219
0 0.472656 0.101172 0.010937 0.021094
0 0.477734 0.119531 0.046094 0.064062
0 0.002734 0.367188 0.005469 0.015625
0 0.018359 0.370312 0.036719 0.043750
0 0.017188 0.439844 0.034375 0.057813
0 0.009375 0.441016 0.012500 0.019531
0 0.978125 0.470313 0.043750 0.050000
0 0.971484 0.475391 0.011719 0.019531
0 0.935547 0.493750 0.049219 0.075000
0 0.951562 0.495703 0.009375 0.016406
0 0.017578 0.506250 0.010156 0.015625
0 0.030859 0.506250 0.052344 0.059375
0 0.969531 0.558203 0.045312 0.063281
0 0.983594 0.562109 0.014063 0.024219
0 0.462109 0.786719 0.042969 0.070312
0 0.458594 0.803906 0.010937 0.020313
0 0.144922 0.883203 0.039844 0.057031
0 0.138281 0.891406 0.014063 0.020313
0 0.422266 0.892188 0.010156 0.015625
0 0.433984 0.900781 0.058594 0.039062
