0 0.318359 0.424219 0.186719 0.114062
0 0.365234 0.435156 0.021094 0.039062
0 0.907031 0.505469 0.185938 0.176563
0 0.896875 0.524219 0.025000 0.035937
0 0.478516 0.596094 0.053906 0.304688
0 0.408203 0.620703 0.113281 0.263281
0 0.722266 0.640234 0.019531 0.036719
0 0.096875 0.641406 0.159375 0.235937
0 0.779687 0.667969 0.153125 0.154688
0 0.120703 0.704297 0.025781 0.049219
0 0.551172 0.725391 0.183594 0.163281
0 0.455859 0.728906 0.021094 0.045312
0 0.327344 0.785547 0.132812 0.167969
0 0.510547 0.787109 0.017969 0.033594
0 0.383594 0.848828 0.020313 0.041406
