0 0.235937 0.196875 0.015625 0.025000
0 0.276953 0.209766 0.132031 0.066406
0 0.344922 0.508984 0.014844 0.024219
0 0.380469 0.531641 0.114062 0.085156
0 0.097266 0.539062 0.013281 0.021875
0 0.136328 0.555469 0.097656 0.064062
0 0.341797 0.583203 0.014844 0.025781
0 0.477734 0.601953 0.014844 0.028906
0 0.371484 0.612891 0.133594 0.110156
0 0.517578 0.623828 0.097656 0.113281
0 0.170703 0.625000 0.135156 0.053125
0 0.130078 0.628906 0.016406 0.023438
0 0.276172 0.645703 0.017969 0.028906
0 0.320312 0.666406 0.106250 0.079687
0 0.142187 0.669141 0.012500 0.025781
0 0.187891 0.694141 0.107031 0.075781
0 0.052734 0.704688 0.017969 0.028125
0 0.102344 0.734375 0.114062 0.093750
0 0.615234 0.756250 0.133594 0.096875
0 0.573828 0.784375 0.016406 0.028125
