0 0.948047 0.204687 0.046094 0.056250
0 0.952734 0.218359 0.011719 0.017969
0 0.891406 0.241797 0.010937 0.017969
0 0.879297 0.245312 0.036719 0.068750
0 0.958594 0.311328 0.045312 0.157031
0 0.928516 0.312109 0.010156 0.017969
0 0.918359 0.323828 0.033594 0.060156
0 0.710547 0.035156 0.011719 0.020313
0 0.828125 0.358203 0.078125 0.091406
0 0.856641 0.360938 0.010156 0.018750
0 0.689063 0.039844 0.059375 0.079687
0 0.935547 0.404687 0.008594 0.021875
0 0.921094 0.417969 0.039062 0.070312
0 0.957422 0.460547 0.011719 0.021094
0 0.951562 0.467187 0.056250 0.084375
0 0.915234 0.585938 0.014844 0.021875
0 0.880859 0.631641 0.080469 0.113281
0 0.875781 0.887891 0.095312 0.078906
0 0.915234 0.905469 0.014844 0.026562
