0 0.272266 0.125781 0.063281 0.129688
0 0.377344 0.141016 0.104688 0.069531
0 0.405859 0.142969 0.011719 0.023438
0 0.280078 0.146094 0.013281 0.020313
0 0.318750 0.172266 0.065625 0.119531
0 0.325391 0.196484 0.010156 0.017969
0 0.400391 0.200000 0.013281 0.021875
0 0.370703 0.203906 0.072656 0.073438
0 0.478516 0.238672 0.066406 0.089844
0 0.419922 0.271875 0.092969 0.056250
0 0.505859 0.271094 0.011719 0.020313
0 0.304297 0.307422 0.102344 0.089844
0 0.538672 0.316797 0.064844 0.096094
0 0.335156 0.324219 0.014063 0.026562
0 0.235937 0.330469 0.103125 0.098437
0 0.260547 0.339062 0.011719 0.021875
0 0.566016 0.353516 0.007031 0.016406
0 0.451172 0.377734 0.089844 0.083594
0 0.280078 0.050781 0.010156 0.020313
0 0.250391 0.053516 0.125781 0.041406
0 0.376563 0.715234 0.093750 0.142969
0 0.400391 0.719141 0.010156 0.025781
0 0.442578 0.084766 0.085156 0.082031
