0 0.826562 0.298047 0.081250 0.055469
0 0.863281 0.300000 0.010937 0.021875
0 0.944922 0.320703 0.014844 0.019531
0 0.936328 0.331250 0.078906 0.059375
0 0.840625 0.382422 0.050000 0.105469
0 0.855078 0.405469 0.010156 0.020313
0 0.880078 0.433984 0.013281 0.021094
0 0.906641 0.448828 0.091406 0.085156
0 0.882031 0.465625 0.014063 0.021875
0 0.862500 0.470313 0.056250 0.050000
0 0.720313 0.538672 0.106250 0.061719
0 0.749609 0.541797 0.011719 0.017969
0 0.947266 0.543359 0.097656 0.105469
0 0.921094 0.577734 0.010937 0.021094
0 0.969922 0.626172 0.058594 0.074219
0 0.504687 0.765625 0.034375 0.084375
0 0.502734 0.787891 0.011719 0.019531
