0 0.358984 0.129297 0.099219 0.224219
0 0.485547 0.265625 0.017969 0.031250
0 0.144141 0.274219 0.103906 0.129688
0 0.273047 0.279297 0.142969 0.111719
0 0.219531 0.296484 0.017188 0.030469
0 0.452734 0.300000 0.099219 0.109375
0 0.367578 0.316406 0.019531 0.039062
0 0.273438 0.353125 0.165625 0.118750
0 0.361328 0.353125 0.066406 0.171875
0 0.232422 0.369531 0.014844 0.029687
0 0.519922 0.493359 0.014844 0.033594
0 0.576953 0.500000 0.166406 0.131250
0 0.509766 0.050391 0.075781 0.100781
0 0.348828 0.053906 0.050781 0.089063
0 0.017969 0.656641 0.020313 0.028906
0 0.345703 0.065625 0.016406 0.031250
0 0.382812 0.067578 0.018750 0.032031
0 0.033203 0.676562 0.057031 0.078125
0 0.515234 0.070312 0.017969 0.031250
