0 0.356641 0.111328 0.122656 0.091406
0 0.590234 0.126953 0.011719 0.028906
0 0.985156 0.167187 0.029687 0.093750
0 0.678906 0.171875 0.017188 0.025000
0 0.989453 0.175000 0.016406 0.025000
0 0.560937 0.176172 0.103125 0.130469
0 0.449609 0.200781 0.011719 0.020313
0 0.707422 0.203516 0.086719 0.169531
0 0.418750 0.213672 0.128125 0.064844
0 0.900781 0.345703 0.110937 0.069531
0 0.335938 0.350391 0.112500 0.060156
0 0.385547 0.366016 0.011719 0.025781
0 0.339453 0.394141 0.000781 0.003906
0 0.507422 0.609375 0.014844 0.028125
0 0.484375 0.649219 0.109375 0.154688
0 0.604297 0.841797 0.052344 0.158594
0 0.387500 0.085547 0.012500 0.021094
0 0.613672 0.901953 0.017969 0.028906
