0 0.439453 0.944141 0.028906 0.110156
0 0.468359 0.121875 0.036719 0.059375
0 0.466406 0.123828 0.010937 0.019531
0 0.450391 0.507812 0.050781 0.056250
0 0.503516 0.534766 0.063281 0.078906
0 0.423047 0.616406 0.058594 0.114062
0 0.506641 0.624219 0.013281 0.020313
0 0.534766 0.634375 0.041406 0.150000
0 0.501172 0.640625 0.033594 0.081250
0 0.455078 0.646484 0.047656 0.067969
0 0.495312 0.726172 0.034375 0.105469
0 0.485547 0.829297 0.011719 0.017969
0 0.465234 0.832031 0.055469 0.104688
0 0.747656 0.890625 0.054688 0.084375
0 0.167187 0.907422 0.062500 0.080469
0 0.743359 0.910937 0.011719 0.021875
