0 0.319141 0.100000 0.047656 0.081250
0 0.593359 0.443750 0.042969 0.043750
0 0.592969 0.445703 0.010937 0.019531
0 0.948047 0.485547 0.014844 0.021094
0 0.960547 0.491797 0.077344 0.061719
0 0.933594 0.544141 0.014063 0.016406
0 0.921484 0.551172 0.064844 0.067969
0 0.752734 0.569141 0.046094 0.113281
0 0.761328 0.568750 0.016406 0.025000
0 0.840234 0.591406 0.049219 0.045312
0 0.825000 0.593750 0.012500 0.015625
0 0.957031 0.606250 0.085938 0.050000
0 0.945703 0.611719 0.016406 0.023438
0 0.322266 0.066406 0.013281 0.023438
0 0.956641 0.684375 0.066406 0.100000
0 0.880078 0.684766 0.063281 0.057031
0 0.894141 0.694531 0.013281 0.023438
0 0.953516 0.710938 0.013281 0.021875
0 0.844141 0.832812 0.013281 0.015625
0 0.866406 0.837500 0.114062 0.059375
