0 0.312109 0.955469 0.099219 0.039062
0 0.286328 0.958594 0.013281 0.023438
0 0.014063 0.353125 0.018750 0.021875
0 0.288281 0.364063 0.014063 0.021875
0 0.050781 0.367188 0.095312 0.078125
0 0.306641 0.370312 0.113281 0.071875
0 0.954297 0.414844 0.011719 0.020313
0 0.941406 0.417969 0.067187 0.064062
0 0.947266 0.465625 0.010156 0.018750
0 0.938281 0.470703 0.042188 0.066406
0 0.204687 0.477344 0.015625 0.026562
0 0.229687 0.481641 0.106250 0.066406
0 0.978516 0.491016 0.041406 0.075781
0 0.994531 0.496094 0.010937 0.020313
0 0.497266 0.497656 0.060156 0.079687
0 0.488672 0.499609 0.011719 0.021094
0 0.669141 0.817187 0.019531 0.021875
0 0.654297 0.827734 0.071094 0.089844
