0 0.427734 0.938281 0.011719 0.023438
0 0.425781 0.942969 0.045312 0.060937
0 0.103906 0.354687 0.114062 0.068750
0 0.069141 0.359766 0.010156 0.016406
0 0.183984 0.422266 0.008594 0.019531
0 0.219922 0.428516 0.102344 0.063281
0 0.983203 0.450391 0.032031 0.044531
0 0.994141 0.456641 0.010156 0.019531
0 0.112109 0.493750 0.014844 0.018750
0 0.148438 0.496484 0.118750 0.049219
0 0.981250 0.575781 0.034375 0.060937
0 0.990625 0.581641 0.018750 0.016406
0 0.138672 0.586719 0.011719 0.020313
0 0.175000 0.600000 0.118750 0.059375
0 0.445703 0.717187 0.032031 0.146875
0 0.444141 0.780078 0.010156 0.019531
