0 0.577344 0.309766 0.010937 0.025781
0 0.583984 0.309766 0.042969 0.078906
0 0.501953 0.365234 0.010156 0.017969
0 0.529687 0.371094 0.071875 0.054688
0 0.625781 0.419531 0.010937 0.020313
0 0.632812 0.422266 0.062500 0.066406
0 0.580469 0.470313 0.010937 0.018750
0 0.595313 0.473438 0.043750 0.065625
0 0.640625 0.494922 0.015625 0.024219
0 0.645703 0.501172 0.050781 0.071094
0 0.702344 0.527734 0.057813 0.080469
0 0.708203 0.544141 0.010156 0.019531
0 0.811328 0.859375 0.082031 0.065625
0 0.839844 0.869922 0.010937 0.017969
