0 0.458594 0.933203 0.073438 0.132031
0 0.456641 0.940234 0.019531 0.046094
0 0.344141 0.950000 0.063281 0.100000
0 0.460547 0.264844 0.021094 0.045312
0 0.094922 0.284375 0.121094 0.143750
0 0.116797 0.317578 0.027344 0.044531
0 0.460156 0.340625 0.117188 0.225000
0 0.414062 0.554688 0.131250 0.165625
0 0.271094 0.641406 0.082812 0.148438
0 0.505469 0.748828 0.023438 0.044531
0 0.316406 0.749219 0.132812 0.195312
0 0.458984 0.757031 0.017969 0.039062
0 0.469922 0.784766 0.042969 0.103906
0 0.530078 0.833594 0.085156 0.279687
