0 0.521875 0.246484 0.006250 0.011719
0 0.525391 0.248828 0.019531 0.078906
0 0.530469 0.250000 0.007812 0.018750
0 0.405859 0.250000 0.011719 0.018750
0 0.512109 0.250391 0.008594 0.016406
0 0.384766 0.264453 0.082031 0.044531
0 0.492578 0.283594 0.050781 0.085938
0 0.539453 0.293750 0.041406 0.115625
0 0.512891 0.332031 0.007031 0.014063
0 0.491797 0.337109 0.008594 0.017969
0 0.512891 0.338672 0.022656 0.055469
0 0.585547 0.348828 0.033594 0.088281
0 0.494141 0.366016 0.022656 0.103906
0 0.590234 0.382812 0.011719 0.015625
0 0.559766 0.444141 0.050781 0.091406
0 0.363672 0.531641 0.039844 0.085156
0 0.422266 0.829297 0.028906 0.064844
0 0.420312 0.837109 0.006250 0.014844
