0 0.251953 0.370703 0.063281 0.125781
0 0.150781 0.437109 0.095312 0.099219
0 0.256641 0.448828 0.047656 0.100781
0 0.121484 0.478125 0.014844 0.018750
0 0.191016 0.500391 0.063281 0.069531
0 0.414453 0.526563 0.122656 0.118750
0 0.382422 0.546875 0.011719 0.018750
0 0.202734 0.575781 0.083594 0.089063
0 0.472656 0.614062 0.060937 0.084375
0 0.457813 0.616797 0.009375 0.021094
0 0.338672 0.626953 0.061719 0.100781
0 0.273828 0.637500 0.063281 0.093750
0 0.250391 0.642969 0.010156 0.023438
0 0.315625 0.651953 0.006250 0.016406
