0 0.553516 0.478125 0.044531 0.106250
0 0.939453 0.485938 0.013281 0.021875
0 0.938672 0.485547 0.049219 0.064844
0 0.558984 0.494141 0.008594 0.016406
0 0.836719 0.554688 0.042188 0.056250
0 0.851562 0.558984 0.012500 0.021094
0 0.599219 0.565625 0.010937 0.021875
0 0.598437 0.570703 0.059375 0.066406
0 0.656641 0.585938 0.044531 0.053125
0 0.672656 0.592187 0.014063 0.021875
0 0.430078 0.591016 0.010156 0.016406
0 0.440625 0.599609 0.037500 0.064844
0 0.778906 0.643750 0.039062 0.068750
0 0.780859 0.660937 0.014844 0.021875
0 0.466016 0.681250 0.044531 0.084375
0 0.646484 0.683984 0.030469 0.092969
0 0.467578 0.686719 0.010156 0.020313
0 0.653906 0.706641 0.010937 0.019531
0 0.501953 0.724219 0.035156 0.120313
0 0.682031 0.728906 0.010937 0.020313
0 0.680859 0.731250 0.042969 0.065625
0 0.498047 0.731250 0.011719 0.018750
0 0.567578 0.739062 0.035156 0.071875
0 0.569922 0.755078 0.011719 0.019531
0 0.598828 0.816406 0.050781 0.095312
0 0.603125 0.820312 0.009375 0.018750
0 0.466016 0.821094 0.041406 0.104688
0 0.471094 0.850391 0.010937 0.016406
