0 0.867969 0.107031 0.035937 0.095312
0 0.205469 0.187109 0.010937 0.017969
0 0.241016 0.205859 0.113281 0.089844
0 0.553516 0.273828 0.010156 0.025781
0 0.557422 0.326562 0.036719 0.193750
0 0.823828 0.435937 0.135156 0.056250
0 0.858594 0.437109 0.014063 0.030469
0 0.921484 0.563672 0.033594 0.142969
0 0.749609 0.578125 0.052344 0.053125
0 0.762109 0.583984 0.011719 0.024219
0 0.750781 0.606641 0.073438 0.063281
0 0.655078 0.613672 0.107031 0.080469
0 0.750000 0.617188 0.012500 0.025000
0 0.637891 0.618359 0.016406 0.033594
0 0.926172 0.619922 0.011719 0.024219
0 0.796484 0.621484 0.011719 0.024219
0 0.782422 0.639453 0.139844 0.116406
0 0.986719 0.695312 0.010937 0.021875
0 0.948828 0.699609 0.100781 0.064844
0 0.869922 0.075000 0.011719 0.018750
0 0.907422 0.802344 0.011719 0.023438
0 0.866016 0.802344 0.125781 0.076563
0 0.641797 0.916406 0.011719 0.026562
0 0.640625 0.924219 0.028125 0.073438
