0 0.590625 0.956641 0.012500 0.028906
0 0.920312 0.502344 0.040625 0.054688
0 0.921484 0.508203 0.014844 0.025781
0 0.601562 0.556641 0.043750 0.091406
0 0.594922 0.570703 0.014844 0.025781
0 0.875391 0.583203 0.013281 0.032031
0 0.862891 0.591797 0.053906 0.099219
0 0.709375 0.598047 0.015625 0.030469
0 0.687891 0.602734 0.063281 0.080469
0 0.556641 0.609766 0.041406 0.066406
0 0.568359 0.613672 0.008594 0.017969
0 0.817578 0.626563 0.013281 0.031250
0 0.801953 0.628906 0.047656 0.129688
0 0.542969 0.649219 0.014063 0.023438
0 0.431641 0.661719 0.082031 0.079687
0 0.456250 0.663281 0.006250 0.014063
0 0.701953 0.665234 0.035156 0.074219
0 0.521094 0.667188 0.085938 0.125000
0 0.637891 0.667188 0.060156 0.075000
0 0.658203 0.672266 0.013281 0.028906
0 0.747266 0.678125 0.013281 0.034375
0 0.742188 0.680859 0.037500 0.089844
0 0.704688 0.688281 0.012500 0.026562
0 0.657813 0.713281 0.015625 0.026562
0 0.646484 0.723047 0.089844 0.089844
0 0.559766 0.803125 0.013281 0.034375
0 0.548828 0.809375 0.063281 0.096875
0 0.569922 0.914062 0.052344 0.115625
