0 0.378516 0.101172 0.019531 0.036719
0 0.264453 0.177344 0.016406 0.026562
0 0.361328 0.180078 0.103906 0.235156
0 0.301563 0.192969 0.015625 0.029687
0 0.236328 0.209375 0.144531 0.140625
0 0.298828 0.214453 0.047656 0.103906
0 0.263672 0.285938 0.092969 0.115625
0 0.278516 0.297656 0.016406 0.026562
0 0.201563 0.032031 0.050000 0.064062
0 0.148828 0.327734 0.069531 0.108594
0 0.599609 0.359766 0.014844 0.032031
0 0.155469 0.361328 0.017188 0.032031
0 0.408594 0.036719 0.064062 0.073438
0 0.556641 0.364063 0.113281 0.078125
0 0.730859 0.456641 0.055469 0.094531
0 0.736328 0.466016 0.019531 0.028906
0 0.163672 0.544531 0.017969 0.029687
0 0.454297 0.564063 0.130469 0.118750
0 0.187891 0.585938 0.088281 0.190625
0 0.467578 0.587109 0.016406 0.030469
0 0.295703 0.723828 0.050781 0.082031
0 0.286328 0.735156 0.019531 0.029687
