0 0.510156 0.137500 0.010937 0.025000
0 0.490234 0.141016 0.052344 0.060156
0 0.051953 0.382812 0.013281 0.018750
0 0.044922 0.396484 0.089844 0.086719
0 0.191797 0.404687 0.011719 0.028125
0 0.921484 0.414453 0.014844 0.016406
0 0.950781 0.417969 0.098437 0.054688
0 0.158984 0.423828 0.124219 0.088281
0 0.901563 0.491797 0.012500 0.021094
0 0.933594 0.494141 0.132812 0.053906
0 0.171875 0.499609 0.121875 0.042969
0 0.047656 0.499219 0.095312 0.045312
0 0.063672 0.500391 0.011719 0.019531
0 0.200781 0.501563 0.014063 0.018750
0 0.162109 0.581250 0.011719 0.025000
0 0.126953 0.582812 0.085156 0.053125
0 0.095703 0.605859 0.094531 0.080469
0 0.509766 0.823828 0.053906 0.088281
0 0.508203 0.839844 0.010156 0.020313
