0 0.122656 0.011719 0.023438 0.023438
0 0.393359 0.023047 0.017969 0.030469
0 0.307812 0.317578 0.046875 0.116406
0 0.183984 0.322656 0.117969 0.064062
0 0.109766 0.361328 0.019531 0.028906
0 0.159766 0.368750 0.016406 0.028125
0 0.302734 0.384375 0.017969 0.034375
0 0.133594 0.396484 0.082812 0.133594
0 0.168359 0.401172 0.077344 0.186719
0 0.330859 0.423828 0.099219 0.185156
0 0.144922 0.045703 0.067969 0.091406
0 0.696484 0.473047 0.017969 0.030469
0 0.424219 0.050391 0.101562 0.100781
0 0.701562 0.511328 0.106250 0.135156
0 0.338672 0.556250 0.042969 0.103125
0 0.330078 0.566016 0.019531 0.032031
0 0.132422 0.632812 0.021094 0.034375
0 0.176563 0.707812 0.106250 0.278125
0 0.284766 0.808984 0.016406 0.030469
0 0.326172 0.834766 0.099219 0.091406
