0 0.177344 0.964844 0.064062 0.070312
0 0.812500 0.311328 0.175000 0.257031
0 0.499609 0.338281 0.096094 0.273438
0 0.776953 0.386719 0.035156 0.048438
0 0.405078 0.461328 0.032031 0.053906
0 0.487109 0.476172 0.027344 0.042969
0 0.453125 0.483984 0.021875 0.046094
0 0.340625 0.483984 0.165625 0.130469
0 0.447656 0.532422 0.114062 0.242969
0 0.533594 0.538672 0.023438 0.039844
0 0.537891 0.591406 0.085156 0.189062
0 0.689063 0.680078 0.025000 0.044531
0 0.511328 0.718750 0.025781 0.043750
0 0.491797 0.723828 0.155469 0.157031
0 0.651953 0.808984 0.141406 0.380469
