0 0.067578 0.289062 0.013281 0.021875
0 0.016797 0.295703 0.033594 0.060156
0 0.089453 0.300781 0.063281 0.076563
0 0.254297 0.341406 0.014844 0.020313
0 0.258203 0.354687 0.035156 0.059375
0 0.015625 0.473047 0.031250 0.061719
0 0.087109 0.500781 0.080469 0.060937
0 0.391016 0.502344 0.044531 0.076563
0 0.074609 0.511719 0.011719 0.020313
0 0.260937 0.511719 0.040625 0.054688
0 0.389844 0.511328 0.010937 0.019531
0 0.253906 0.521094 0.010937 0.023438
0 0.240234 0.664062 0.011719 0.021875
0 0.272266 0.683594 0.107031 0.089063
