0 0.568359 0.174609 0.017969 0.036719
0 0.608594 0.223438 0.142187 0.134375
0 0.533984 0.280859 0.017969 0.039844
0 0.567578 0.284766 0.091406 0.078906
0 0.664062 0.378516 0.140625 0.066406
0 0.467969 0.381250 0.017188 0.034375
0 0.740234 0.382031 0.114844 0.110937
0 0.619141 0.387500 0.019531 0.034375
0 0.505078 0.387891 0.103906 0.088281
0 0.723047 0.399609 0.021094 0.033594
0 0.458203 0.463281 0.022656 0.035937
0 0.814453 0.472266 0.166406 0.091406
0 0.505078 0.473828 0.153906 0.069531
0 0.773438 0.491406 0.018750 0.039062
0 0.587891 0.558594 0.157031 0.085938
0 0.544531 0.570703 0.020313 0.035156
0 0.571875 0.059766 0.018750 0.035156
0 0.602734 0.059375 0.117969 0.103125
0 0.798047 0.735547 0.021094 0.033594
0 0.834766 0.747266 0.153906 0.113281
0 0.308984 0.826562 0.021094 0.031250
0 0.286328 0.868359 0.125781 0.158594
