0 0.476953 0.103125 0.010156 0.018750
0 0.472266 0.110937 0.025781 0.056250
0 0.012109 0.342969 0.011719 0.023438
0 0.019531 0.342969 0.039062 0.067187
0 0.012500 0.403125 0.015625 0.018750
0 0.021875 0.404687 0.040625 0.059375
0 0.021484 0.466016 0.011719 0.016406
0 0.031641 0.475391 0.044531 0.044531
0 0.963281 0.481250 0.010937 0.015625
0 0.976172 0.487109 0.046094 0.092969
0 0.938281 0.498047 0.026562 0.067969
0 0.944922 0.501953 0.011719 0.016406
0 0.987500 0.522656 0.025000 0.045312
0 0.962891 0.563672 0.013281 0.024219
0 0.951172 0.567969 0.042969 0.064062
0 0.451953 0.769922 0.025781 0.064844
0 0.451172 0.771875 0.008594 0.018750
0 0.419922 0.855859 0.011719 0.017969
0 0.148047 0.859375 0.061719 0.106250
0 0.140234 0.867969 0.027344 0.035937
0 0.424609 0.881250 0.030469 0.068750
0 0.803906 0.912109 0.042188 0.058594
0 0.814453 0.912109 0.007031 0.017969
