0 0.626953 0.281641 0.016406 0.038281
0 0.673438 0.322266 0.181250 0.132031
0 0.598828 0.040625 0.050781 0.081250
0 0.542969 0.041406 0.035937 0.082812
0 0.509375 0.483594 0.150000 0.164062
0 0.551953 0.504687 0.019531 0.031250
0 0.442578 0.565625 0.016406 0.028125
0 0.208203 0.058594 0.078906 0.114062
0 0.544141 0.587109 0.016406 0.030469
0 0.405078 0.622656 0.085156 0.145313
0 0.311328 0.632422 0.053906 0.161719
0 0.581641 0.640625 0.141406 0.190625
0 0.217969 0.067969 0.020313 0.035937
0 0.301172 0.694141 0.017969 0.032031
0 0.437500 0.716016 0.050000 0.150781
0 0.828906 0.781641 0.020313 0.035156
0 0.367578 0.819922 0.182031 0.096094
0 0.321484 0.823047 0.021094 0.030469
0 0.876953 0.880469 0.144531 0.239063
0 0.620313 0.920312 0.015625 0.028125
0 0.664844 0.925000 0.167187 0.150000
