0 0.351172 0.013281 0.024219 0.026562
0 0.486328 0.199219 0.063281 0.110937
0 0.476953 0.231250 0.007031 0.021875
0 0.352734 0.231641 0.008594 0.016406
0 0.327344 0.232813 0.070312 0.071875
0 0.327734 0.034375 0.008594 0.018750
0 0.330469 0.035937 0.017188 0.031250
0 0.603516 0.038281 0.007031 0.014063
0 0.598828 0.043750 0.019531 0.034375
0 0.598437 0.509375 0.043750 0.106250
0 0.399609 0.530469 0.049219 0.114062
0 0.580859 0.554297 0.008594 0.014844
0 0.466797 0.566016 0.030469 0.082031
0 0.468359 0.569141 0.008594 0.016406
0 0.419922 0.578125 0.008594 0.015625
0 0.350781 0.006250 0.010937 0.012500
0 0.425000 0.656641 0.056250 0.085156
0 0.438672 0.659766 0.008594 0.016406
0 0.591016 0.069141 0.007031 0.013281
0 0.383203 0.686719 0.069531 0.064062
0 0.501953 0.723047 0.032031 0.058594
0 0.495703 0.730859 0.007031 0.011719
0 0.593359 0.075781 0.021094 0.029687
0 0.334375 0.780859 0.009375 0.014844
0 0.319141 0.788281 0.057031 0.079687
0 0.466016 0.801953 0.032031 0.050781
0 0.476172 0.806250 0.008594 0.015625
