0 0.055469 0.928125 0.110937 0.084375
0 0.056641 0.980859 0.113281 0.036719
0 0.178906 0.391406 0.151562 0.073438
0 0.244922 0.401953 0.017969 0.035156
0 0.207813 0.553906 0.018750 0.029687
0 0.155469 0.564453 0.167187 0.113281
0 0.304297 0.660156 0.080469 0.148438
0 0.310547 0.711719 0.017969 0.029687
0 0.080859 0.717187 0.121094 0.140625
0 0.133594 0.719531 0.017188 0.029687
0 0.311719 0.763672 0.020313 0.033594
0 0.265625 0.771094 0.153125 0.110937
0 0.021484 0.816016 0.039844 0.088281
0 0.369531 0.816797 0.064062 0.186719
0 0.023828 0.833203 0.019531 0.032031
0 0.369922 0.866406 0.017969 0.029687
