0 0.750391 0.394141 0.091406 0.069531
0 0.525781 0.399609 0.029687 0.036719
0 0.531641 0.400000 0.010156 0.021875
0 0.711328 0.409375 0.013281 0.018750
0 0.498828 0.475781 0.094531 0.051562
0 0.472656 0.485938 0.010937 0.018750
0 0.967578 0.487891 0.053906 0.088281
0 0.982812 0.502734 0.012500 0.021094
0 0.969141 0.573438 0.053906 0.053125
0 0.983203 0.576562 0.013281 0.018750
0 0.948047 0.624219 0.102344 0.048438
0 0.987109 0.624219 0.011719 0.020313
0 0.563672 0.662109 0.008594 0.011719
0 0.979688 0.669531 0.040625 0.048438
0 0.990234 0.668359 0.011719 0.017969
0 0.376563 0.671484 0.009375 0.021094
0 0.402734 0.676172 0.105469 0.039844
0 0.592969 0.696484 0.067187 0.092969
0 0.371484 0.742969 0.011719 0.023438
0 0.401172 0.749609 0.108594 0.046094
0 0.626953 0.764062 0.107031 0.043750
0 0.603906 0.765234 0.010937 0.017969
0 0.539453 0.842578 0.010156 0.019531
0 0.565234 0.853125 0.105469 0.081250
