0 0.504687 0.930469 0.012500 0.020313
0 0.445312 0.144531 0.012500 0.020313
0 0.444922 0.157812 0.033594 0.056250
0 0.978906 0.362500 0.042188 0.053125
0 0.983984 0.363672 0.011719 0.021094
0 0.031641 0.371484 0.053906 0.099219
0 0.034766 0.373828 0.010156 0.016406
0 0.985938 0.445312 0.028125 0.046875
0 0.996094 0.448828 0.007812 0.019531
0 0.034766 0.468359 0.010156 0.017969
0 0.028906 0.472266 0.057813 0.069531
0 0.980859 0.515625 0.036719 0.071875
0 0.989844 0.521094 0.010937 0.020313
0 0.026953 0.535547 0.013281 0.021094
0 0.037891 0.539453 0.032031 0.063281
0 0.464844 0.895312 0.054688 0.075000
0 0.501172 0.915234 0.027344 0.055469
0 0.471484 0.923047 0.011719 0.017969
