0 0.503125 0.111328 0.028125 0.060156
0 0.047266 0.384375 0.072656 0.046875
0 0.055469 0.385547 0.014063 0.017969
0 0.078125 0.463672 0.109375 0.074219
0 0.943750 0.466797 0.112500 0.058594
0 0.004297 0.471094 0.008594 0.020313
0 0.010156 0.472656 0.020313 0.039062
0 0.099219 0.473047 0.010937 0.021094
0 0.923828 0.479687 0.019531 0.025000
0 0.056641 0.559375 0.100781 0.075000
0 0.918750 0.567578 0.015625 0.019531
0 0.935547 0.569922 0.092969 0.039844
0 0.081641 0.575781 0.013281 0.020313
0 0.994141 0.592578 0.010156 0.038281
0 0.502344 0.091797 0.010937 0.021094
