0 0.302344 0.092969 0.089063 0.170313
0 0.134375 0.098828 0.021875 0.032031
0 0.142578 0.137891 0.066406 0.116406
0 0.246484 0.190234 0.039844 0.114844
0 0.232422 0.224609 0.017969 0.036719
0 0.264062 0.305078 0.093750 0.225781
0 0.386719 0.323047 0.020313 0.039844
0 0.376172 0.387500 0.099219 0.193750
0 0.128516 0.479687 0.019531 0.034375
0 0.140625 0.541016 0.053125 0.163281
0 0.276953 0.545312 0.022656 0.040625
0 0.264453 0.601172 0.103906 0.233594
0 0.802344 0.652344 0.017188 0.035937
0 0.796484 0.741016 0.077344 0.260156
0 0.303906 0.801562 0.095312 0.246875
0 0.279297 0.082812 0.017969 0.040625
0 0.182031 0.085156 0.070312 0.170313
0 0.257812 0.892969 0.015625 0.035937
0 0.246875 0.920312 0.071875 0.159375
