0 0.008203 0.312109 0.013281 0.021094
0 0.019922 0.326953 0.036719 0.063281
0 0.080078 0.328125 0.013281 0.021875
0 0.087891 0.340234 0.032031 0.067969
0 0.142187 0.394141 0.012500 0.016406
0 0.151953 0.397656 0.035156 0.073438
0 0.201563 0.412500 0.012500 0.021875
0 0.198047 0.412500 0.042969 0.056250
0 0.040625 0.441797 0.012500 0.021094
0 0.061719 0.457422 0.079687 0.080469
0 0.052734 0.493750 0.011719 0.018750
0 0.055469 0.495703 0.026562 0.044531
0 0.019531 0.503516 0.039062 0.050781
0 0.290234 0.517969 0.102344 0.073438
0 0.142969 0.531250 0.045312 0.056250
0 0.132812 0.537500 0.012500 0.021875
0 0.317578 0.537500 0.013281 0.021875
0 0.071875 0.607812 0.046875 0.043750
0 0.055078 0.615234 0.013281 0.024219
0 0.082812 0.712109 0.059375 0.061719
0 0.060547 0.716406 0.011719 0.026562
0 0.277734 0.077344 0.011719 0.023438
0 0.297266 0.081641 0.082031 0.060156
