0 0.460938 0.603906 0.046875 0.104688
0 0.467578 0.608203 0.010156 0.019531
0 0.556250 0.639844 0.009375 0.020313
0 0.391016 0.651172 0.010156 0.021094
0 0.385547 0.658984 0.049219 0.146094
0 0.554297 0.668359 0.030469 0.092969
0 0.490625 0.680469 0.050000 0.070312
0 0.496094 0.680469 0.010937 0.020313
0 0.447266 0.695312 0.010156 0.018750
0 0.582422 0.694922 0.011719 0.017969
0 0.758984 0.698828 0.011719 0.019531
0 0.759766 0.702734 0.041406 0.121094
0 0.594531 0.712109 0.073438 0.086719
0 0.449609 0.722656 0.036719 0.076563
0 0.701953 0.729297 0.010156 0.024219
0 0.715234 0.767188 0.080469 0.134375
0 0.619531 0.816797 0.010937 0.021094
0 0.618359 0.826953 0.049219 0.128906
