0 0.782031 0.936328 0.010937 0.019531
0 0.437891 0.131250 0.010156 0.018750
0 0.437891 0.144141 0.057031 0.044531
0 0.010547 0.391406 0.021094 0.029687
0 0.010547 0.466797 0.021094 0.049219
0 0.922656 0.479297 0.010937 0.017969
0 0.944922 0.485156 0.089844 0.045312
0 0.912500 0.513281 0.056250 0.079687
0 0.894141 0.515625 0.010156 0.015625
0 0.941797 0.519922 0.027344 0.039844
0 0.943750 0.523828 0.012500 0.016406
0 0.002734 0.526563 0.005469 0.015625
0 0.017188 0.528125 0.034375 0.046875
0 0.916016 0.568359 0.028906 0.074219
0 0.923828 0.572656 0.010156 0.020313
0 0.430859 0.770703 0.042969 0.063281
0 0.426953 0.790625 0.010156 0.018750
0 0.122266 0.862891 0.010156 0.019531
0 0.132812 0.879687 0.040625 0.071875
0 0.407422 0.880469 0.030469 0.051562
0 0.401953 0.884766 0.010156 0.019531
0 0.776172 0.917969 0.024219 0.060937
