0 0.509375 0.944141 0.056250 0.057031
0 0.526172 0.957422 0.011719 0.021094
0 0.476953 0.101172 0.053906 0.114844
0 0.488672 0.113281 0.011719 0.026562
0 0.477344 0.338672 0.007812 0.021094
0 0.450781 0.366406 0.067187 0.098437
0 0.552734 0.370312 0.008594 0.018750
0 0.390234 0.401172 0.011719 0.021094
0 0.569141 0.402734 0.069531 0.117969
0 0.364453 0.425781 0.085156 0.104688
0 0.696484 0.427734 0.080469 0.071094
0 0.491797 0.449609 0.008594 0.017969
0 0.188672 0.464062 0.092969 0.096875
0 0.214453 0.467187 0.013281 0.018750
0 0.566797 0.469922 0.074219 0.074219
0 0.739062 0.475000 0.012500 0.018750
0 0.765625 0.479297 0.112500 0.074219
0 0.478906 0.492188 0.054688 0.125000
0 0.344922 0.534766 0.011719 0.019531
0 0.316016 0.536719 0.100781 0.070312
0 0.569141 0.550781 0.010156 0.020313
0 0.587109 0.551953 0.074219 0.057031
0 0.756250 0.566016 0.084375 0.069531
0 0.723047 0.580859 0.008594 0.021094
0 0.452344 0.582031 0.010937 0.020313
0 0.426172 0.594531 0.089844 0.054688
0 0.473828 0.792578 0.010156 0.016406
0 0.475391 0.804297 0.038281 0.061719
