0 0.554297 0.138281 0.011719 0.020313
0 0.575000 0.164453 0.059375 0.166406
0 0.474609 0.233203 0.086719 0.138281
0 0.719922 0.239063 0.017969 0.025000
0 0.580859 0.259766 0.042969 0.119531
0 0.544141 0.274219 0.010156 0.020313
0 0.251172 0.277344 0.014844 0.026562
0 0.749219 0.297266 0.104688 0.175781
0 0.570312 0.310156 0.059375 0.098437
0 0.221484 0.309375 0.105469 0.118750
0 0.407422 0.342187 0.014844 0.021875
0 0.385547 0.380859 0.089844 0.136719
0 0.569141 0.420703 0.013281 0.028906
0 0.599219 0.456250 0.076563 0.128125
0 0.721094 0.671094 0.010937 0.026562
0 0.687109 0.734375 0.102344 0.181250
0 0.451172 0.878906 0.046094 0.073438
0 0.443359 0.880859 0.011719 0.024219
