0 0.048828 0.975000 0.082031 0.050000
0 0.080859 0.976562 0.017969 0.034375
0 0.396094 0.100391 0.017188 0.035156
0 0.266797 0.203516 0.017969 0.032031
0 0.229687 0.233203 0.146875 0.107031
0 0.444141 0.343750 0.078906 0.196875
0 0.271484 0.373047 0.121094 0.099219
0 0.473828 0.391406 0.019531 0.048438
0 0.316797 0.401562 0.021094 0.028125
0 0.347656 0.458984 0.017188 0.033594
0 0.457422 0.461328 0.102344 0.116406
0 0.308984 0.462891 0.158594 0.125781
0 0.156250 0.481250 0.015625 0.034375
0 0.425781 0.490234 0.023438 0.036719
0 0.158203 0.496875 0.078906 0.121875
0 0.272266 0.513672 0.128906 0.099219
0 0.300391 0.537109 0.019531 0.030469
0 0.107031 0.655859 0.139063 0.130469
0 0.154688 0.671875 0.018750 0.028125
0 0.605469 0.764453 0.014063 0.035156
0 0.558984 0.798047 0.108594 0.146094
0 0.351562 0.089844 0.159375 0.076563
