0 0.367578 0.093359 0.016406 0.030469
0 0.035937 0.964453 0.018750 0.028906
0 0.023438 0.964844 0.046875 0.070312
0 0.221484 0.160547 0.017969 0.039844
0 0.178906 0.185156 0.154688 0.101562
0 0.407813 0.387500 0.090625 0.159375
0 0.441016 0.426172 0.022656 0.033594
0 0.330859 0.458984 0.171094 0.086719
0 0.071484 0.469531 0.139844 0.089063
0 0.371875 0.469141 0.015625 0.019531
0 0.098828 0.473047 0.019531 0.030469
0 0.444141 0.513672 0.075781 0.096094
0 0.233203 0.519922 0.088281 0.130469
0 0.266016 0.572656 0.016406 0.026562
0 0.085547 0.662109 0.158594 0.096094
0 0.321875 0.068359 0.159375 0.096094
0 0.126172 0.695703 0.024219 0.025781
0 0.546875 0.767578 0.015625 0.028906
0 0.522656 0.795703 0.114062 0.100781
