0 0.403906 0.233594 0.132812 0.101562
0 0.353516 0.261328 0.013281 0.025781
0 0.487109 0.638281 0.014844 0.029687
0 0.566016 0.658984 0.013281 0.024219
0 0.581641 0.660937 0.057031 0.059375
0 0.499219 0.673438 0.070312 0.100000
0 0.307031 0.704688 0.073438 0.081250
0 0.376563 0.744922 0.078125 0.074219
0 0.191406 0.746875 0.014063 0.021875
0 0.406250 0.751563 0.015625 0.028125
0 0.438672 0.760938 0.014844 0.031250
0 0.235547 0.774609 0.108594 0.080469
0 0.651953 0.800781 0.016406 0.029687
0 0.340234 0.810156 0.014844 0.020313
0 0.450391 0.816797 0.082031 0.196094
0 0.680078 0.822656 0.113281 0.135937
0 0.370312 0.826562 0.115625 0.093750
