0 0.634375 0.494922 0.021875 0.033594
0 0.605078 0.503906 0.094531 0.101562
0 0.644141 0.543359 0.088281 0.067969
0 0.563672 0.575391 0.039844 0.075781
0 0.569141 0.576172 0.016406 0.033594
0 0.615234 0.612891 0.017969 0.028906
0 0.596875 0.623437 0.062500 0.093750
0 0.319141 0.659766 0.019531 0.035156
0 0.354687 0.671484 0.100000 0.114844
0 0.712109 0.705078 0.014844 0.028906
0 0.514844 0.721484 0.051562 0.096094
0 0.664062 0.727344 0.131250 0.114062
0 0.861328 0.753516 0.016406 0.025781
0 0.674219 0.780859 0.148438 0.142969
0 0.736328 0.786328 0.016406 0.032031
0 0.814063 0.785547 0.146875 0.108594
0 0.566797 0.799219 0.042969 0.064062
0 0.568750 0.800000 0.018750 0.028125
