0 0.641797 0.131641 0.014844 0.032031
0 0.596484 0.150000 0.158594 0.084375
0 0.521484 0.262109 0.139844 0.086719
0 0.566797 0.269922 0.021094 0.024219
0 0.699609 0.321875 0.099219 0.084375
0 0.548438 0.376953 0.015625 0.032031
0 0.737109 0.408203 0.083594 0.110156
0 0.496875 0.423047 0.118750 0.130469
0 0.577734 0.442969 0.014844 0.029687
0 0.565625 0.444531 0.103125 0.073438
0 0.650000 0.516797 0.134375 0.099219
0 0.497656 0.527344 0.020313 0.026562
0 0.492969 0.532813 0.060937 0.078125
0 0.521484 0.572656 0.127344 0.135937
0 0.556250 0.574219 0.018750 0.035937
0 0.409766 0.664844 0.053906 0.060937
0 0.412891 0.677344 0.016406 0.026562
0 0.900391 0.831250 0.019531 0.034375
0 0.855469 0.841016 0.135937 0.100781
