0 0.814063 0.932031 0.012500 0.023438
0 0.978516 0.216016 0.013281 0.019531
0 0.968359 0.216016 0.036719 0.044531
0 0.809766 0.255078 0.010156 0.016406
0 0.846484 0.257031 0.080469 0.051562
0 0.674609 0.307812 0.011719 0.018750
0 0.697656 0.310547 0.101562 0.036719
0 0.919141 0.033203 0.066406 0.066406
0 0.721094 0.351172 0.107813 0.039844
0 0.698828 0.357812 0.010156 0.015625
0 0.940234 0.359375 0.046094 0.053125
0 0.608984 0.385937 0.011719 0.018750
0 0.634766 0.391016 0.066406 0.053906
0 0.986719 0.394531 0.026562 0.054688
0 0.936328 0.411328 0.078906 0.100781
0 0.919922 0.424219 0.011719 0.020313
0 0.922656 0.043359 0.010937 0.021094
0 0.730859 0.450391 0.011719 0.019531
0 0.732422 0.453516 0.030469 0.053906
0 0.953125 0.487500 0.040625 0.065625
0 0.962500 0.494141 0.012500 0.019531
0 0.800391 0.925781 0.050781 0.048438
