0 0.710547 0.937500 0.127344 0.125000
0 0.055469 0.960938 0.110937 0.075000
0 0.101953 0.965625 0.016406 0.031250
0 0.613672 0.148828 0.014844 0.035156
0 0.546484 0.173828 0.149219 0.135156
0 0.423047 0.269141 0.017969 0.035156
0 0.374219 0.305859 0.151562 0.105469
0 0.491797 0.426563 0.083594 0.059375
0 0.704297 0.498437 0.014844 0.018750
0 0.550781 0.517188 0.014063 0.028125
0 0.452344 0.526172 0.014063 0.030469
0 0.702734 0.540625 0.077344 0.150000
0 0.401562 0.554297 0.118750 0.092969
0 0.504687 0.555078 0.106250 0.144531
0 0.747266 0.587891 0.019531 0.032031
0 0.703516 0.598437 0.128906 0.093750
0 0.694922 0.601562 0.111719 0.106250
0 0.741406 0.634375 0.017188 0.031250
0 0.293359 0.727734 0.017969 0.030469
0 0.636719 0.742578 0.017188 0.035156
0 0.260547 0.774219 0.161719 0.123438
0 0.583594 0.777734 0.129688 0.142969
0 0.765625 0.887891 0.018750 0.028906
