0 0.909766 0.926953 0.082031 0.078906
0 0.880078 0.931250 0.013281 0.025000
0 0.636328 0.942578 0.013281 0.019531
0 0.659375 0.955859 0.071875 0.064844
0 0.237891 0.232422 0.013281 0.021094
0 0.241797 0.239844 0.027344 0.070312
0 0.603125 0.341797 0.059375 0.064844
0 0.623047 0.385937 0.067969 0.040625
0 0.519922 0.419141 0.011719 0.019531
0 0.544922 0.434766 0.064844 0.082031
0 0.654297 0.442969 0.055469 0.070312
0 0.759766 0.448828 0.078906 0.066406
0 0.622266 0.505469 0.010156 0.020313
0 0.636328 0.510547 0.038281 0.042969
0 0.604297 0.569141 0.011719 0.016406
0 0.658984 0.573438 0.052344 0.043750
0 0.646875 0.580859 0.009375 0.017969
0 0.603516 0.583203 0.041406 0.060156
0 0.723047 0.637500 0.080469 0.081250
0 0.713672 0.660156 0.011719 0.020313
0 0.708594 0.078906 0.017188 0.026562
0 0.740234 0.086719 0.108594 0.045312
