0 0.357031 0.139453 0.092188 0.194531
0 0.551953 0.017969 0.141406 0.035937
0 0.464844 0.258984 0.151562 0.217969
0 0.586328 0.296875 0.113281 0.168750
0 0.502344 0.347266 0.129688 0.238281
0 0.650391 0.385547 0.016406 0.030469
0 0.690234 0.426953 0.136719 0.163281
0 0.631641 0.467578 0.000781 0.000781
0 0.645703 0.470703 0.016406 0.025781
0 0.623047 0.508594 0.021094 0.029687
0 0.664844 0.509375 0.092188 0.178125
0 0.319922 0.519922 0.021094 0.033594
0 0.595313 0.541406 0.087500 0.170313
0 0.276172 0.566406 0.117969 0.123438
0 0.378516 0.067969 0.022656 0.035937
0 0.691016 0.729688 0.019531 0.031250
0 0.689844 0.755469 0.095312 0.160938
0 0.053906 0.816016 0.107813 0.082031
0 0.091797 0.831250 0.021094 0.031250
