0 0.832422 0.981641 0.027344 0.035156
0 0.369141 0.155078 0.066406 0.088281
0 0.350000 0.175000 0.015625 0.021875
0 0.566406 0.287891 0.054688 0.188281
0 0.524219 0.303906 0.057813 0.189062
0 0.427344 0.304688 0.079687 0.150000
0 0.460547 0.337891 0.042969 0.057031
0 0.411719 0.341406 0.010937 0.023438
0 0.551562 0.341797 0.012500 0.021094
0 0.444922 0.346094 0.011719 0.023438
0 0.508203 0.364844 0.010156 0.020313
0 0.361328 0.397656 0.044531 0.123438
0 0.550781 0.418359 0.054688 0.111719
0 0.435547 0.418750 0.089844 0.109375
0 0.527734 0.451562 0.011719 0.021875
0 0.466797 0.692969 0.014844 0.020313
0 0.476953 0.737109 0.044531 0.121094
