0 0.432812 0.371094 0.043750 0.098437
0 0.423828 0.408984 0.010156 0.017969
0 0.893359 0.462500 0.067969 0.100000
0 0.396484 0.483203 0.011719 0.025781
0 0.391797 0.495312 0.042969 0.128125
0 0.889453 0.496875 0.016406 0.028125
0 0.535937 0.536719 0.056250 0.101562
0 0.519922 0.541797 0.011719 0.024219
0 0.432812 0.545703 0.056250 0.132031
0 0.680859 0.547656 0.011719 0.026562
0 0.677344 0.548828 0.054688 0.082031
0 0.501172 0.552344 0.030469 0.054688
0 0.500391 0.552344 0.013281 0.020313
0 0.445703 0.561719 0.013281 0.026562
0 0.629687 0.585547 0.050000 0.092969
0 0.639062 0.614453 0.012500 0.028906
0 0.564453 0.719922 0.047656 0.064844
0 0.574609 0.729688 0.017969 0.031250
0 0.648047 0.788281 0.008594 0.029687
0 0.662109 0.793359 0.049219 0.071094
0 0.839453 0.807422 0.053906 0.067969
0 0.853516 0.808203 0.016406 0.028906
0 0.714453 0.083984 0.010156 0.024219
0 0.618750 0.885938 0.078125 0.071875
0 0.712109 0.089844 0.042969 0.064062
