0 0.588672 0.967969 0.064844 0.064062
0 0.581641 0.969531 0.025781 0.048438
0 0.444531 0.290234 0.023438 0.033594
0 0.490234 0.334375 0.142969 0.209375
0 0.279297 0.338672 0.017969 0.030469
0 0.282422 0.462500 0.055469 0.284375
0 0.353125 0.487500 0.096875 0.265625
0 0.516016 0.487109 0.019531 0.039844
0 0.558203 0.556250 0.144531 0.203125
0 0.502734 0.623047 0.024219 0.049219
0 0.498047 0.726562 0.086719 0.350000
0 0.334375 0.812500 0.018750 0.043750
0 0.441016 0.082812 0.116406 0.165625
0 0.315234 0.892188 0.092969 0.215625
