0 0.494922 0.241016 0.052344 0.063281
0 0.503125 0.259766 0.012500 0.019531
0 0.341797 0.460156 0.017969 0.023438
0 0.312891 0.463672 0.088281 0.055469
0 0.655859 0.479687 0.099219 0.059375
0 0.629297 0.480859 0.014844 0.017969
0 0.620703 0.546875 0.097656 0.046875
0 0.222656 0.574219 0.017188 0.029687
0 0.194922 0.575781 0.105469 0.048438
0 0.333984 0.576172 0.099219 0.058594
0 0.801953 0.578516 0.013281 0.019531
0 0.831250 0.580078 0.109375 0.053906
0 0.390234 0.636328 0.011719 0.025781
0 0.360547 0.639453 0.080469 0.057031
0 0.667188 0.646484 0.084375 0.042969
0 0.501953 0.791406 0.010156 0.023438
0 0.503516 0.842969 0.032031 0.126562
0 0.818359 0.894531 0.102344 0.101562
0 0.798047 0.902734 0.011719 0.024219
