0 0.245703 0.093750 0.053906 0.075000
0 0.250781 0.097266 0.010937 0.019531
0 0.612109 0.103516 0.008594 0.016406
0 0.618359 0.114844 0.046094 0.051562
0 0.579688 0.129297 0.037500 0.074219
0 0.586328 0.135547 0.010156 0.014844
0 0.257422 0.139063 0.008594 0.015625
0 0.612891 0.144922 0.010156 0.014844
0 0.254688 0.146484 0.053125 0.055469
0 0.612109 0.158984 0.030469 0.058594
0 0.536328 0.287109 0.088281 0.049219
0 0.511328 0.292578 0.013281 0.019531
0 0.564453 0.327344 0.010156 0.020313
0 0.578516 0.333984 0.041406 0.039844
0 0.451562 0.387500 0.009375 0.015625
0 0.632422 0.399609 0.008594 0.017969
0 0.656250 0.401562 0.096875 0.050000
0 0.562109 0.406641 0.080469 0.078906
0 0.474609 0.405859 0.058594 0.089844
0 0.530859 0.410547 0.008594 0.017969
0 0.640234 0.436328 0.008594 0.016406
0 0.669141 0.449219 0.103906 0.064062
0 0.510156 0.472266 0.010937 0.019531
0 0.542578 0.483984 0.075781 0.067969
0 0.463672 0.488281 0.042969 0.051562
