0 0.282813 0.189453 0.015625 0.041406
0 0.239063 0.232031 0.162500 0.148438
0 0.318359 0.312891 0.124219 0.194531
0 0.286328 0.349219 0.019531 0.035937
0 0.162500 0.409766 0.065625 0.144531
0 0.387891 0.435156 0.132031 0.104688
0 0.051562 0.469531 0.015625 0.039062
0 0.426172 0.473438 0.021094 0.034375
0 0.041016 0.476953 0.082031 0.113281
0 0.256641 0.049219 0.166406 0.098437
0 0.362891 0.530469 0.100781 0.098437
0 0.181250 0.587109 0.112500 0.089844
0 0.221484 0.589063 0.017969 0.028125
0 0.180078 0.658984 0.016406 0.033594
0 0.141016 0.674609 0.128906 0.136719
0 0.481641 0.734375 0.016406 0.031250
0 0.309766 0.074609 0.019531 0.030469
0 0.501953 0.784766 0.075781 0.153906
