0 0.133984 0.928516 0.083594 0.141406
0 0.516406 0.164453 0.070312 0.316406
0 0.864062 0.210156 0.193750 0.248438
0 0.826172 0.271094 0.027344 0.048438
0 0.516797 0.281250 0.024219 0.040625
0 0.507031 0.358984 0.170313 0.186719
0 0.460547 0.406250 0.024219 0.040625
0 0.359766 0.409766 0.028906 0.044531
0 0.289453 0.410547 0.182031 0.136719
0 0.461328 0.466406 0.025781 0.039062
0 0.464844 0.490234 0.042188 0.121094
0 0.507812 0.500000 0.021875 0.043750
0 0.405859 0.503125 0.083594 0.175000
0 0.420703 0.515625 0.016406 0.040625
0 0.527734 0.546484 0.067969 0.167969
0 0.475391 0.663672 0.078906 0.149219
0 0.476172 0.672266 0.024219 0.050781
0 0.693750 0.710156 0.025000 0.051562
0 0.653516 0.814063 0.138281 0.371875
