0 0.714063 0.964844 0.053125 0.048438
0 0.705078 0.969531 0.013281 0.020313
0 0.449219 0.102734 0.032813 0.058594
0 0.451562 0.112109 0.009375 0.021094
0 0.246484 0.394922 0.086719 0.071094
0 0.269922 0.409766 0.011719 0.016406
0 0.130859 0.434375 0.092969 0.053125
0 0.155078 0.439453 0.010156 0.016406
0 0.260547 0.460938 0.077344 0.050000
0 0.286328 0.467969 0.010156 0.020313
0 0.686719 0.494141 0.076563 0.041406
0 0.608984 0.521094 0.008594 0.020313
0 0.637891 0.522266 0.082031 0.050781
0 0.203516 0.548828 0.078906 0.053906
0 0.229297 0.561719 0.008594 0.014063
0 0.751172 0.567187 0.014844 0.018750
0 0.779297 0.568359 0.086719 0.061719
0 0.646875 0.601562 0.012500 0.018750
0 0.669141 0.613281 0.094531 0.073438
0 0.408984 0.775000 0.030469 0.084375
0 0.405078 0.777344 0.010156 0.023438
0 0.111719 0.809766 0.057813 0.075781
0 0.101172 0.819922 0.014844 0.021094
0 0.380859 0.895703 0.030469 0.057031
