0 0.069141 0.937891 0.010156 0.025781
0 0.083594 0.953516 0.057813 0.091406
0 0.828906 0.229687 0.014063 0.018750
0 0.817578 0.241797 0.038281 0.061719
0 0.337500 0.426953 0.068750 0.063281
0 0.315625 0.447266 0.012500 0.019531
0 0.960938 0.508984 0.043750 0.061719
0 0.322266 0.510547 0.078906 0.067969
0 0.972266 0.518750 0.013281 0.025000
0 0.291797 0.524609 0.014844 0.021094
0 0.551953 0.567969 0.125781 0.045312
0 0.520703 0.568359 0.013281 0.033594
0 0.987500 0.631250 0.025000 0.153125
0 0.848828 0.675391 0.100781 0.135156
0 0.936328 0.685547 0.057031 0.064844
0 0.939453 0.691016 0.013281 0.025781
0 0.832422 0.707422 0.017969 0.021094
