0 0.107422 0.985156 0.021094 0.029687
0 0.706250 0.105078 0.071875 0.210156
0 0.690625 0.165234 0.031250 0.064844
0 0.678516 0.166797 0.100781 0.261719
0 0.410547 0.181250 0.127344 0.350000
0 0.479297 0.184375 0.055469 0.165625
0 0.624609 0.203906 0.021094 0.048438
0 0.583203 0.306641 0.157031 0.344531
0 0.433594 0.432422 0.020313 0.039844
0 0.398828 0.459766 0.138281 0.175781
0 0.687109 0.483984 0.021094 0.039844
0 0.629687 0.531250 0.171875 0.156250
0 0.422656 0.055469 0.020313 0.045312
0 0.798438 0.553516 0.025000 0.041406
0 0.726172 0.594531 0.224219 0.176563
0 0.127344 0.915625 0.079687 0.168750
