0 0.428125 0.985156 0.040625 0.029687
0 0.525781 0.116797 0.107813 0.080469
0 0.556641 0.130859 0.013281 0.021094
0 0.580859 0.292578 0.067969 0.144531
0 0.595703 0.334375 0.010156 0.021875
0 0.694531 0.370312 0.098437 0.093750
0 0.490234 0.382422 0.074219 0.133594
0 0.723437 0.394922 0.012500 0.024219
0 0.508594 0.408594 0.010937 0.023438
0 0.705859 0.430078 0.092969 0.119531
0 0.731250 0.457813 0.012500 0.021875
0 0.583203 0.538281 0.072656 0.154688
0 0.447656 0.542578 0.060937 0.188281
0 0.702734 0.568359 0.058594 0.171094
0 0.549609 0.575391 0.046094 0.182031
0 0.454297 0.586328 0.011719 0.025781
0 0.719922 0.612891 0.011719 0.019531
0 0.553516 0.631250 0.010156 0.021875
0 0.624609 0.680859 0.039844 0.189844
0 0.594141 0.724609 0.069531 0.142969
0 0.510547 0.803906 0.089844 0.089063
0 0.550391 0.814844 0.010156 0.020313
