0 0.555859 0.219922 0.080469 0.124219
0 0.564063 0.219141 0.015625 0.025781
0 0.628906 0.333594 0.017188 0.026562
0 0.627734 0.353125 0.058594 0.093750
0 0.513281 0.354687 0.079687 0.118750
0 0.431641 0.376172 0.010156 0.021094
0 0.560156 0.408594 0.045312 0.085938
0 0.418750 0.423047 0.087500 0.183594
0 0.671094 0.426953 0.101562 0.125781
0 0.634766 0.428125 0.016406 0.028125
0 0.573047 0.471094 0.074219 0.085938
0 0.591797 0.471094 0.017969 0.029687
0 0.667188 0.562500 0.015625 0.021875
0 0.659766 0.585547 0.050781 0.133594
