0 0.067578 0.122656 0.010156 0.014063
0 0.078906 0.161328 0.032813 0.094531
0 0.100391 0.198828 0.010156 0.016406
0 0.138281 0.216406 0.085938 0.064062
0 0.048828 0.463672 0.078906 0.080469
0 0.167578 0.492578 0.010156 0.016406
0 0.189844 0.507812 0.082812 0.075000
0 0.171484 0.538281 0.061719 0.073438
0 0.208984 0.588672 0.008594 0.014844
0 0.189453 0.600391 0.007031 0.016406
0 0.202734 0.621484 0.036719 0.071094
0 0.226172 0.626953 0.049219 0.141406
0 0.172266 0.641406 0.010156 0.020313
0 0.186328 0.654297 0.041406 0.067969
0 0.116406 0.746094 0.007812 0.020313
0 0.148828 0.757031 0.075781 0.045312
0 0.362109 0.778906 0.008594 0.010937
0 0.387891 0.779297 0.075781 0.055469
