0 0.680859 0.125000 0.011719 0.021875
0 0.684766 0.163672 0.066406 0.114844
0 0.452734 0.265234 0.011719 0.017969
0 0.440234 0.296094 0.011719 0.020313
0 0.475391 0.296484 0.097656 0.080469
0 0.467969 0.314063 0.098437 0.084375
0 0.264844 0.344922 0.073438 0.061719
0 0.403125 0.349219 0.012500 0.029687
0 0.405078 0.360547 0.047656 0.086719
0 0.282813 0.385937 0.012500 0.018750
0 0.309766 0.411719 0.097656 0.089063
0 0.359766 0.424219 0.082031 0.098437
0 0.546484 0.454297 0.011719 0.024219
0 0.572266 0.457422 0.072656 0.099219
0 0.482812 0.494141 0.012500 0.019531
0 0.512891 0.518359 0.082031 0.089844
0 0.296484 0.547656 0.011719 0.023438
0 0.331250 0.553516 0.084375 0.060156
0 0.633984 0.813672 0.064844 0.086719
0 0.619141 0.822656 0.010156 0.023438
