0 0.896875 0.252734 0.009375 0.011719
0 0.902344 0.264062 0.026562 0.046875
0 0.086719 0.267188 0.023438 0.065625
0 0.083984 0.280469 0.005469 0.010937
0 0.242578 0.400000 0.007031 0.009375
0 0.244531 0.398828 0.023438 0.038281
0 0.953906 0.415625 0.029687 0.053125
0 0.961719 0.428125 0.007812 0.009375
0 0.250000 0.437891 0.006250 0.010156
0 0.212500 0.439844 0.006250 0.010937
0 0.216797 0.441797 0.017969 0.030469
0 0.253125 0.443750 0.018750 0.031250
0 0.767578 0.457031 0.007031 0.010937
0 0.776172 0.458594 0.042969 0.045312
0 0.817578 0.460938 0.022656 0.040625
0 0.819141 0.461328 0.007031 0.013281
0 0.257031 0.488672 0.023438 0.030469
0 0.248047 0.492578 0.005469 0.013281
0 0.775000 0.502344 0.006250 0.010937
0 0.820703 0.505469 0.007031 0.010937
0 0.773828 0.510938 0.016406 0.065625
0 0.827734 0.512891 0.021094 0.032031
0 0.555078 0.768750 0.050781 0.021875
0 0.542969 0.768750 0.007812 0.009375
0 0.909766 0.815625 0.057031 0.059375
