0 0.523438 0.178125 0.125000 0.115625
0 0.474609 0.204687 0.017969 0.043750
0 0.558203 0.309375 0.141406 0.096875
0 0.517578 0.324219 0.019531 0.039062
0 0.404687 0.392578 0.137500 0.069531
0 0.677734 0.403906 0.017969 0.035937
0 0.568750 0.413281 0.168750 0.073438
0 0.526953 0.417578 0.019531 0.035156
0 0.722266 0.419141 0.166406 0.094531
0 0.341406 0.443359 0.020313 0.036719
0 0.393750 0.471875 0.146875 0.093750
0 0.750000 0.525781 0.137500 0.070312
0 0.693750 0.541016 0.021875 0.035156
0 0.495703 0.596484 0.166406 0.064844
0 0.444141 0.596875 0.019531 0.031250
0 0.515625 0.075000 0.021875 0.040625
0 0.824219 0.770312 0.176563 0.109375
0 0.775000 0.770703 0.021875 0.035156
0 0.266797 0.817578 0.021094 0.041406
0 0.575391 0.085156 0.138281 0.076563
0 0.306641 0.843359 0.147656 0.221094
