0 0.680078 0.941797 0.066406 0.071094
0 0.920312 0.943750 0.012500 0.018750
0 0.933203 0.945703 0.069531 0.075781
0 0.658203 0.947656 0.010156 0.014063
0 0.765625 0.118359 0.103125 0.055469
0 0.795703 0.122656 0.013281 0.023438
0 0.207813 0.242578 0.012500 0.025781
0 0.191797 0.246875 0.055469 0.093750
0 0.776953 0.333594 0.050781 0.054688
0 0.836328 0.368359 0.091406 0.074219
0 0.849609 0.387109 0.046094 0.071094
0 0.693359 0.408984 0.014844 0.024219
0 0.668750 0.420312 0.109375 0.081250
0 0.837891 0.434375 0.097656 0.059375
0 0.867578 0.440625 0.013281 0.021875
0 0.738281 0.471484 0.085938 0.086719
0 0.807813 0.554688 0.012500 0.021875
0 0.775391 0.563672 0.094531 0.058594
0 0.719141 0.674219 0.010156 0.023438
0 0.693359 0.676562 0.105469 0.096875
