0 0.516016 0.356250 0.013281 0.021875
0 0.514453 0.370312 0.038281 0.071875
0 0.530078 0.485547 0.010156 0.024219
0 0.980078 0.492578 0.010156 0.019531
0 0.024609 0.503906 0.049219 0.048438
0 0.970703 0.504297 0.057031 0.080469
0 0.012891 0.508984 0.013281 0.014844
0 0.508984 0.516016 0.083594 0.113281
0 0.996875 0.576562 0.006250 0.025000
0 0.982422 0.577344 0.033594 0.054688
0 0.479297 0.631641 0.008594 0.019531
0 0.981641 0.648828 0.035156 0.050781
0 0.032422 0.651172 0.046094 0.064844
0 0.020313 0.653516 0.012500 0.019531
0 0.492969 0.658203 0.067187 0.138281
0 0.008984 0.673438 0.017969 0.050000
0 0.005078 0.680859 0.010156 0.017969
0 0.092578 0.693359 0.060156 0.046094
0 0.069922 0.694141 0.011719 0.019531
