0 0.610547 0.189453 0.014844 0.025781
0 0.689453 0.230859 0.010156 0.021094
0 0.495703 0.247656 0.019531 0.023438
0 0.620703 0.249609 0.097656 0.174219
0 0.701172 0.290625 0.077344 0.221875
0 0.507812 0.302734 0.053125 0.171094
0 0.548828 0.325391 0.044531 0.188281
0 0.543359 0.369531 0.008594 0.026562
0 0.653125 0.375000 0.012500 0.021875
0 0.542578 0.381250 0.032031 0.071875
0 0.621484 0.390625 0.011719 0.025000
0 0.650391 0.416016 0.028906 0.185156
0 0.641016 0.436719 0.050781 0.185938
0 0.513672 0.472656 0.011719 0.026562
0 0.793359 0.474609 0.014844 0.024219
0 0.404297 0.497656 0.011719 0.023438
0 0.537500 0.536719 0.087500 0.195312
0 0.796875 0.542188 0.043750 0.209375
0 0.394531 0.574609 0.039062 0.183594
