0 0.277344 0.118750 0.014063 0.028125
0 0.193359 0.122656 0.102344 0.085938
0 0.320312 0.124609 0.018750 0.036719
0 0.142187 0.139844 0.075000 0.151562
0 0.386719 0.152344 0.151562 0.123438
0 0.565234 0.174609 0.142969 0.124219
0 0.258203 0.207422 0.082031 0.211719
0 0.410938 0.255078 0.025000 0.038281
0 0.217188 0.027734 0.018750 0.030469
0 0.457422 0.282813 0.221094 0.156250
0 0.414062 0.381641 0.018750 0.038281
0 0.474609 0.394141 0.174219 0.138281
0 0.261328 0.476953 0.103906 0.150781
0 0.878906 0.488672 0.017188 0.030469
0 0.250391 0.496484 0.019531 0.039844
0 0.931250 0.549219 0.137500 0.157812
0 0.228516 0.058984 0.044531 0.114844
0 0.124609 0.080859 0.021094 0.039844
0 0.862109 0.869141 0.067969 0.125781
