0 0.512109 0.979688 0.071094 0.040625
0 0.482031 0.990625 0.010937 0.018750
0 0.439063 0.137109 0.012500 0.033594
0 0.582812 0.177734 0.078125 0.086719
0 0.469922 0.180859 0.077344 0.124219
0 0.325391 0.183203 0.013281 0.019531
0 0.569141 0.186719 0.013281 0.023438
0 0.327734 0.191797 0.030469 0.067969
0 0.512109 0.024609 0.011719 0.024219
0 0.318359 0.289844 0.011719 0.020313
0 0.592969 0.298828 0.082812 0.057031
0 0.576172 0.301172 0.008594 0.017969
0 0.326172 0.304688 0.036719 0.071875
0 0.359766 0.308203 0.013281 0.019531
0 0.340234 0.353906 0.074219 0.173437
0 0.458984 0.371094 0.008594 0.023438
0 0.461328 0.395313 0.060156 0.109375
0 0.546484 0.041797 0.014844 0.030469
0 0.511328 0.043359 0.035156 0.086719
0 0.546875 0.046484 0.031250 0.067969
0 0.476172 0.046484 0.011719 0.030469
0 0.437500 0.058594 0.059375 0.073438
0 0.432812 0.691406 0.012500 0.023438
0 0.437109 0.748437 0.061719 0.134375
0 0.417578 0.084766 0.013281 0.016406
0 0.477344 0.088281 0.054688 0.173437
