0 0.676953 0.964063 0.075781 0.071875
0 0.908203 0.135156 0.013281 0.020313
0 0.888672 0.136328 0.064844 0.091406
0 0.069922 0.393750 0.114844 0.071875
0 0.167969 0.401953 0.117188 0.050781
0 0.133594 0.408203 0.010937 0.019531
0 0.035156 0.408984 0.014063 0.021094
0 0.955469 0.510156 0.089063 0.035937
0 0.263281 0.513672 0.010937 0.021094
0 0.262500 0.514453 0.009375 0.019531
0 0.294141 0.515625 0.122656 0.050000
0 0.494922 0.545312 0.049219 0.121875
0 0.491797 0.593750 0.008594 0.021875
0 0.146484 0.671094 0.011719 0.023438
0 0.185938 0.673047 0.125000 0.071094
0 0.976953 0.745313 0.010156 0.018750
0 0.942969 0.773047 0.114062 0.149219
0 0.686328 0.859375 0.013281 0.028125
0 0.945703 0.859375 0.053906 0.103125
0 0.701953 0.876563 0.066406 0.125000
0 0.957422 0.892969 0.011719 0.023438
