0 0.452734 0.104688 0.092969 0.175000
0 0.433203 0.143750 0.013281 0.025000
0 0.316016 0.172266 0.013281 0.028906
0 0.339844 0.174219 0.064062 0.095312
0 0.426953 0.392578 0.116406 0.144531
0 0.399609 0.420703 0.011719 0.028906
0 0.342578 0.461328 0.047656 0.160156
0 0.111719 0.465625 0.067187 0.159375
0 0.119141 0.498828 0.013281 0.032031
0 0.247656 0.509766 0.089063 0.119531
0 0.328516 0.522656 0.013281 0.026562
0 0.561328 0.533203 0.097656 0.169531
0 0.350000 0.541406 0.106250 0.079687
0 0.309766 0.563281 0.016406 0.029687
0 0.534766 0.583594 0.016406 0.026562
0 0.363281 0.611328 0.107813 0.091406
0 0.343359 0.732812 0.108594 0.096875
0 0.311328 0.756250 0.013281 0.021875
0 0.513672 0.819531 0.052344 0.101562
0 0.505859 0.826562 0.011719 0.025000
