0 0.629297 0.253125 0.071094 0.115625
0 0.580859 0.305859 0.052344 0.058594
0 0.372266 0.355859 0.057031 0.111719
0 0.396875 0.380078 0.006250 0.019531
0 0.683203 0.414062 0.066406 0.115625
0 0.533594 0.421484 0.067187 0.164844
0 0.611328 0.044531 0.010156 0.020313
0 0.612109 0.458203 0.074219 0.057031
0 0.498437 0.497656 0.106250 0.151562
0 0.521484 0.500000 0.039844 0.121875
0 0.615625 0.551562 0.009375 0.018750
0 0.608984 0.057031 0.067969 0.076563
0 0.623047 0.561328 0.055469 0.082031
0 0.526563 0.578906 0.012500 0.023438
0 0.526953 0.599219 0.057031 0.064062
