0 0.965234 0.385547 0.049219 0.086719
0 0.426953 0.387891 0.010156 0.016406
0 0.974609 0.390625 0.011719 0.018750
0 0.426953 0.402734 0.035156 0.058594
0 0.022656 0.501563 0.010937 0.018750
0 0.030078 0.505469 0.038281 0.060937
0 0.966797 0.505859 0.014844 0.017969
0 0.951953 0.506641 0.047656 0.088281
0 0.903516 0.524219 0.050781 0.085938
0 0.917578 0.530078 0.010156 0.016406
0 0.044141 0.555859 0.047656 0.042969
0 0.038672 0.561328 0.011719 0.019531
0 0.010937 0.570703 0.021875 0.050781
0 0.891797 0.579297 0.061719 0.064844
0 0.916797 0.595703 0.014844 0.016406
