0 0.292578 0.150391 0.019531 0.041406
0 0.458203 0.192578 0.016406 0.028906
0 0.256250 0.202734 0.093750 0.164844
0 0.175781 0.237500 0.017188 0.043750
0 0.630859 0.244141 0.030469 0.044531
0 0.397266 0.250000 0.138281 0.159375
0 0.584766 0.303125 0.113281 0.175000
0 0.138672 0.306641 0.096094 0.191406
0 0.379297 0.453516 0.017969 0.032031
0 0.414844 0.460156 0.129688 0.095312
0 0.166797 0.483984 0.021094 0.024219
0 0.341016 0.487500 0.141406 0.109375
0 0.628516 0.509375 0.022656 0.034375
0 0.133203 0.532813 0.107031 0.140625
0 0.583984 0.537109 0.139844 0.158594
