0 0.868359 0.978125 0.064844 0.043750
0 0.402344 0.355078 0.010937 0.019531
0 0.403516 0.361328 0.032031 0.060156
0 0.634766 0.464844 0.035156 0.098437
0 0.812891 0.469531 0.013281 0.023438
0 0.803516 0.476953 0.032031 0.069531
0 0.637500 0.482812 0.012500 0.021875
0 0.681250 0.483984 0.012500 0.024219
0 0.672656 0.490625 0.048438 0.056250
0 0.584766 0.531250 0.066406 0.100000
0 0.884375 0.541406 0.050000 0.045312
0 0.891406 0.544531 0.010937 0.020313
0 0.589844 0.549219 0.014063 0.020313
0 0.687500 0.579297 0.028125 0.042969
0 0.815234 0.580078 0.036719 0.044531
0 0.690234 0.581250 0.011719 0.018750
0 0.828906 0.582422 0.010937 0.024219
0 0.786719 0.664453 0.048438 0.069531
0 0.664453 0.669141 0.057031 0.057031
0 0.805078 0.675000 0.013281 0.021875
0 0.679297 0.676562 0.011719 0.028125
0 0.730078 0.711328 0.053906 0.063281
0 0.745313 0.732422 0.012500 0.021094
