0 0.591797 0.107031 0.011719 0.023438
0 0.611328 0.135547 0.075781 0.146094
0 0.409375 0.268359 0.012500 0.021094
0 0.386719 0.299219 0.014063 0.023438
0 0.434375 0.306250 0.075000 0.121875
0 0.410547 0.334766 0.086719 0.103906
0 0.311719 0.341406 0.010937 0.026562
0 0.323047 0.348047 0.080469 0.089844
0 0.232813 0.373047 0.012500 0.021094
0 0.261328 0.404297 0.110156 0.086719
0 0.493750 0.447656 0.012500 0.023438
0 0.516797 0.466406 0.099219 0.110937
0 0.441406 0.510938 0.010937 0.021875
0 0.468359 0.523438 0.080469 0.096875
0 0.230469 0.526172 0.014063 0.024219
0 0.268750 0.554688 0.090625 0.081250
0 0.566016 0.795312 0.097656 0.081250
0 0.543359 0.817578 0.011719 0.019531
