0 0.710156 0.016406 0.070312 0.032813
0 0.750391 0.217188 0.041406 0.175000
0 0.573047 0.278125 0.046094 0.103125
0 0.707422 0.301563 0.049219 0.109375
0 0.566016 0.313672 0.010156 0.014844
0 0.491797 0.326562 0.083594 0.134375
0 0.676953 0.366016 0.072656 0.116406
0 0.525781 0.377344 0.010937 0.014063
0 0.698047 0.406641 0.014844 0.025781
0 0.588672 0.456250 0.067969 0.096875
0 0.552734 0.048438 0.036719 0.065625
0 0.601953 0.488672 0.013281 0.024219
0 0.562891 0.054688 0.010156 0.028125
0 0.895703 0.686719 0.113281 0.114062
0 0.864844 0.693750 0.014063 0.021875
0 0.560156 0.721484 0.014063 0.024219
0 0.581250 0.771484 0.056250 0.133594
