0 0.569141 0.934375 0.013281 0.021875
0 0.571094 0.940234 0.042188 0.055469
0 0.671875 0.953125 0.009375 0.015625
0 0.630859 0.957812 0.033594 0.075000
0 0.637891 0.971875 0.010156 0.018750
0 0.526953 0.178906 0.038281 0.148438
0 0.528906 0.215234 0.010937 0.017969
0 0.556641 0.670312 0.044531 0.068750
0 0.564453 0.689453 0.010156 0.019531
0 0.608984 0.710938 0.046094 0.075000
0 0.621875 0.730078 0.009375 0.016406
0 0.526563 0.773438 0.040625 0.096875
0 0.519922 0.794531 0.011719 0.023438
0 0.580859 0.795703 0.030469 0.075781
0 0.582422 0.802734 0.011719 0.017969
0 0.563672 0.887500 0.042969 0.143750
0 0.565625 0.898047 0.012500 0.017969
0 0.647266 0.910547 0.060156 0.105469
