0 0.503516 0.092578 0.010156 0.019531
0 0.455469 0.093359 0.032813 0.055469
0 0.494922 0.109375 0.064844 0.068750
0 0.441406 0.027344 0.010937 0.023438
0 0.309375 0.031641 0.012500 0.019531
0 0.510547 0.314844 0.039844 0.089063
0 0.500391 0.316797 0.010156 0.021094
0 0.447266 0.037500 0.050781 0.075000
0 0.528516 0.042188 0.013281 0.021875
0 0.314453 0.048438 0.038281 0.071875
0 0.525781 0.054688 0.029687 0.075000
0 0.583203 0.077344 0.038281 0.076563
0 0.589063 0.078125 0.012500 0.021875
0 0.508984 0.779297 0.011719 0.024219
0 0.511719 0.782813 0.020313 0.065625
0 0.448828 0.090234 0.013281 0.021094
