0 0.485547 0.931250 0.049219 0.056250
0 0.490234 0.939844 0.008594 0.020313
0 0.596484 0.556641 0.111719 0.053906
0 0.682422 0.560156 0.077344 0.148438
0 0.575391 0.560156 0.013281 0.023438
0 0.482031 0.582422 0.073438 0.146094
0 0.658984 0.596484 0.011719 0.021094
0 0.533984 0.623437 0.014844 0.021875
0 0.553516 0.633594 0.110156 0.060937
0 0.681250 0.639844 0.087500 0.148438
0 0.656250 0.675781 0.012500 0.020313
0 0.577734 0.683594 0.049219 0.073438
0 0.501172 0.698047 0.074219 0.083594
0 0.473828 0.707812 0.010156 0.018750
0 0.571094 0.708594 0.014063 0.023438
0 0.579297 0.760938 0.071094 0.081250
0 0.552344 0.782031 0.014063 0.023438
