0 0.587109 0.173437 0.017969 0.034375
0 0.644922 0.178906 0.174219 0.085938
0 0.602734 0.348047 0.014844 0.030469
0 0.566797 0.350000 0.017969 0.031250
0 0.537109 0.421094 0.080469 0.229687
0 0.714844 0.429688 0.089063 0.184375
0 0.621094 0.451953 0.017188 0.028906
0 0.737109 0.456641 0.017969 0.038281
0 0.592969 0.469531 0.048438 0.270313
0 0.443750 0.493750 0.018750 0.034375
0 0.613672 0.495703 0.061719 0.194531
0 0.413672 0.559375 0.142969 0.259375
0 0.433984 0.617578 0.021094 0.035156
0 0.922656 0.621875 0.017188 0.031250
0 0.692187 0.657031 0.015625 0.023438
0 0.918750 0.674219 0.100000 0.164062
0 0.412109 0.684766 0.108594 0.250781
0 0.695312 0.749609 0.056250 0.211719
0 0.667578 0.809375 0.019531 0.034375
0 0.685937 0.875000 0.075000 0.250000
