0 0.636719 0.931250 0.067187 0.081250
0 0.614453 0.938281 0.010156 0.023438
0 0.358984 0.941406 0.055469 0.060937
0 0.336328 0.959375 0.010156 0.021875
0 0.502344 0.158594 0.073438 0.135937
0 0.485547 0.214844 0.008594 0.020313
0 0.524219 0.608984 0.098437 0.086719
0 0.459766 0.614844 0.066406 0.079687
0 0.496875 0.618359 0.012500 0.021094
0 0.289453 0.650000 0.063281 0.078125
0 0.400391 0.672266 0.050781 0.044531
0 0.571484 0.684375 0.011719 0.021875
0 0.595703 0.688672 0.103906 0.064844
0 0.339453 0.738672 0.041406 0.074219
0 0.502734 0.768359 0.105469 0.064844
0 0.478516 0.768359 0.010156 0.017969
0 0.353516 0.778125 0.078906 0.065625
0 0.323437 0.798047 0.009375 0.017969
0 0.453125 0.821484 0.081250 0.064844
0 0.419141 0.835938 0.010156 0.025000
0 0.346875 0.868359 0.034375 0.108594
