0 0.957812 0.173047 0.065625 0.064844
0 0.967187 0.180078 0.012500 0.019531
0 0.531250 0.330078 0.065625 0.053906
0 0.501953 0.348438 0.010156 0.018750
0 0.198437 0.433203 0.009375 0.016406
0 0.346484 0.433203 0.111719 0.050781
0 0.310547 0.446875 0.011719 0.018750
0 0.233984 0.457813 0.111719 0.075000
0 0.485547 0.514844 0.067969 0.051562
0 0.976172 0.530469 0.046094 0.060937
0 0.995703 0.537891 0.007031 0.019531
0 0.940234 0.575391 0.036719 0.094531
0 0.208203 0.577734 0.110156 0.036719
0 0.178906 0.580078 0.010937 0.019531
0 0.948047 0.612500 0.011719 0.018750
0 0.371094 0.619922 0.010937 0.014844
0 0.395703 0.622656 0.072656 0.048438
0 0.447656 0.684766 0.060937 0.085156
0 0.969922 0.701172 0.055469 0.046094
0 0.423828 0.700391 0.010156 0.016406
0 0.991797 0.705078 0.014844 0.019531
0 0.786328 0.900391 0.088281 0.044531
0 0.762500 0.905078 0.012500 0.016406
