0 0.461719 0.252344 0.142187 0.264062
0 0.507422 0.303516 0.024219 0.041406
0 0.889844 0.342187 0.160938 0.300000
0 0.870703 0.432812 0.022656 0.056250
0 0.688281 0.476172 0.170313 0.192969
0 0.637500 0.523828 0.018750 0.041406
0 0.483594 0.562109 0.110937 0.264844
0 0.217969 0.569141 0.154688 0.313281
0 0.252734 0.620313 0.024219 0.046875
0 0.504297 0.644141 0.074219 0.188281
0 0.461719 0.659375 0.023438 0.053125
0 0.525000 0.709375 0.025000 0.050000
0 0.446484 0.718359 0.092969 0.199219
0 0.483594 0.789062 0.017188 0.046875
