0 0.968359 0.956641 0.061719 0.085156
0 0.899219 0.121094 0.010937 0.020313
0 0.875781 0.126562 0.057813 0.081250
0 0.545703 0.323437 0.085156 0.050000
0 0.509766 0.326953 0.013281 0.019531
0 0.707812 0.399609 0.109375 0.086719
0 0.566406 0.400000 0.079687 0.128125
0 0.556641 0.407422 0.010156 0.021094
0 0.679297 0.414062 0.011719 0.018750
0 0.744922 0.436719 0.105469 0.076563
0 0.717969 0.457422 0.014063 0.024219
0 0.873828 0.475000 0.066406 0.081250
0 0.894922 0.478906 0.014844 0.020313
0 0.703125 0.576562 0.121875 0.078125
0 0.671875 0.589453 0.009375 0.019531
0 0.882031 0.696094 0.070312 0.060937
0 0.901172 0.709766 0.011719 0.028906
0 0.831641 0.810156 0.010156 0.020313
0 0.845313 0.841016 0.053125 0.128906
0 0.841016 0.858203 0.010156 0.019531
0 0.822266 0.875781 0.050781 0.079687
