0 0.242969 0.978125 0.048438 0.043750
0 0.023828 0.224219 0.016406 0.026562
0 0.057813 0.226172 0.062500 0.180469
0 0.033203 0.244141 0.047656 0.069531
0 0.043750 0.273047 0.015625 0.024219
0 0.032031 0.332031 0.064062 0.054688
0 0.026953 0.331250 0.013281 0.021875
0 0.194141 0.368750 0.013281 0.031250
0 0.198047 0.369531 0.036719 0.079687
0 0.044141 0.414062 0.013281 0.021875
0 0.055859 0.419141 0.052344 0.053906
0 0.216016 0.453516 0.013281 0.019531
0 0.214844 0.457813 0.051562 0.103125
0 0.014453 0.478516 0.028906 0.035156
0 0.267578 0.505078 0.032031 0.063281
0 0.264453 0.518750 0.013281 0.021875
0 0.055078 0.523047 0.050781 0.071094
0 0.038281 0.536719 0.010937 0.023438
0 0.034766 0.560937 0.060156 0.075000
0 0.026953 0.585938 0.013281 0.021875
0 0.084766 0.673828 0.013281 0.019531
0 0.105078 0.716406 0.069531 0.123438
