0 0.152734 0.928125 0.011719 0.025000
0 0.819141 0.954297 0.088281 0.089844
0 0.479297 0.329297 0.011719 0.017969
0 0.470703 0.335938 0.035156 0.156250
0 0.482812 0.478125 0.125000 0.068750
0 0.446094 0.493750 0.010937 0.021875
0 0.559766 0.579297 0.010156 0.017969
0 0.565234 0.583594 0.039844 0.076563
0 0.819141 0.609375 0.057031 0.068750
0 0.826953 0.628516 0.013281 0.019531
0 0.636328 0.650391 0.113281 0.057031
0 0.605078 0.656250 0.013281 0.021875
0 0.823047 0.703125 0.092969 0.134375
0 0.854688 0.716406 0.012500 0.029687
0 0.678516 0.759766 0.088281 0.053906
0 0.802734 0.820312 0.108594 0.150000
0 0.767188 0.835938 0.056250 0.096875
0 0.833203 0.847656 0.013281 0.026562
0 0.783984 0.857812 0.014844 0.025000
0 0.598437 0.864062 0.062500 0.065625
0 0.577734 0.879687 0.011719 0.025000
0 0.158984 0.923828 0.052344 0.088281
