0 0.891797 0.989062 0.027344 0.021875
0 0.333594 0.098828 0.017188 0.025781
0 0.338281 0.132031 0.045312 0.085938
0 0.595703 0.446094 0.038281 0.048438
0 0.591406 0.451953 0.010937 0.019531
0 0.993359 0.515234 0.011719 0.024219
0 0.975000 0.517969 0.050000 0.054688
0 0.916797 0.547266 0.030469 0.032031
0 0.915625 0.555859 0.050000 0.096094
0 0.785547 0.571875 0.014844 0.021875
0 0.794141 0.574609 0.038281 0.055469
0 0.848047 0.591797 0.030469 0.058594
0 0.985938 0.598047 0.028125 0.042969
0 0.851172 0.599609 0.011719 0.021094
0 0.987891 0.604297 0.013281 0.017969
0 0.969922 0.669141 0.033594 0.100781
0 0.862891 0.685156 0.047656 0.054688
0 0.977734 0.689063 0.011719 0.021875
0 0.876172 0.692578 0.008594 0.019531
0 0.891406 0.841016 0.023438 0.038281
0 0.894141 0.846875 0.010156 0.018750
