0 0.191797 0.016016 0.011719 0.019531
0 0.596094 0.021875 0.026562 0.043750
0 0.194531 0.028125 0.032813 0.056250
0 0.365625 0.494531 0.009375 0.014063
0 0.342969 0.515625 0.085938 0.065625
0 0.288281 0.605078 0.032813 0.103906
0 0.383984 0.642578 0.008594 0.019531
0 0.283203 0.650000 0.028906 0.046875
0 0.282031 0.654687 0.007812 0.015625
0 0.364453 0.663672 0.072656 0.099219
0 0.292187 0.668359 0.009375 0.017969
0 0.281641 0.688672 0.053906 0.055469
0 0.428516 0.735156 0.010156 0.014063
0 0.294531 0.753516 0.010937 0.016406
0 0.400391 0.782031 0.088281 0.110937
0 0.342187 0.787109 0.021875 0.055469
0 0.285547 0.787891 0.055469 0.138281
0 0.338672 0.798438 0.008594 0.018750
