0 0.485547 0.213672 0.021094 0.036719
0 0.487500 0.213281 0.006250 0.010937
0 0.979297 0.251563 0.039844 0.078125
0 0.191406 0.392188 0.032813 0.043750
0 0.189453 0.394141 0.007031 0.013281
0 0.191797 0.443359 0.008594 0.011719
0 0.153516 0.444141 0.025781 0.035156
0 0.194141 0.450000 0.032031 0.046875
0 0.833594 0.461328 0.051562 0.050781
0 0.826172 0.462891 0.008594 0.013281
0 0.889062 0.464062 0.009375 0.015625
0 0.885156 0.468359 0.026562 0.058594
0 0.201172 0.501172 0.024219 0.049219
0 0.198437 0.502734 0.009375 0.011719
0 0.832031 0.516016 0.007812 0.013281
0 0.828906 0.517969 0.029687 0.035937
0 0.886719 0.530078 0.064062 0.060156
0 0.869922 0.534766 0.008594 0.013281
0 0.506641 0.841406 0.007031 0.014063
0 0.521484 0.842187 0.061719 0.034375
0 0.966797 0.880859 0.008594 0.021094
0 0.980859 0.883984 0.036719 0.039844
