0 0.583203 0.200391 0.091406 0.113281
0 0.599609 0.217969 0.014844 0.026562
0 0.501563 0.255078 0.015625 0.028906
0 0.459766 0.277734 0.107031 0.099219
0 0.647266 0.302344 0.091406 0.076563
0 0.663672 0.327344 0.014844 0.023438
0 0.641797 0.373437 0.014844 0.025000
0 0.552344 0.383594 0.079687 0.176563
0 0.497266 0.406250 0.035156 0.068750
0 0.521484 0.408594 0.014844 0.026562
0 0.668359 0.415625 0.086719 0.118750
0 0.487891 0.425391 0.016406 0.025781
0 0.611328 0.454297 0.016406 0.024219
0 0.605859 0.467187 0.052344 0.106250
0 0.670703 0.535547 0.060156 0.114844
0 0.666016 0.558203 0.013281 0.025781
