0 0.964453 0.119141 0.069531 0.119531
0 0.629687 0.169922 0.015625 0.033594
0 0.658984 0.200781 0.124219 0.101562
0 0.535156 0.263281 0.014063 0.020313
0 0.456641 0.266406 0.075781 0.070312
0 0.559766 0.287891 0.107031 0.100781
0 0.431250 0.315625 0.034375 0.075000
0 0.458203 0.353516 0.013281 0.025781
0 0.579297 0.370312 0.011719 0.028125
0 0.485156 0.382422 0.070312 0.099219
0 0.606641 0.419141 0.066406 0.125781
0 0.545703 0.480859 0.016406 0.033594
0 0.573047 0.516797 0.096094 0.167969
0 0.573438 0.591797 0.018750 0.033594
0 0.703516 0.618750 0.019531 0.034375
0 0.729297 0.621094 0.133594 0.060937
0 0.595313 0.625000 0.078125 0.121875
0 0.815625 0.668750 0.015625 0.028125
0 0.856250 0.680859 0.109375 0.111719
0 0.482422 0.705859 0.011719 0.030469
0 0.529297 0.739062 0.105469 0.096875
