0 0.783984 0.944922 0.096094 0.036719
0 0.661719 0.396094 0.073438 0.076563
0 0.690625 0.408203 0.012500 0.019531
0 0.928516 0.467187 0.047656 0.143750
0 0.926953 0.498437 0.013281 0.021875
0 0.653906 0.539844 0.073438 0.079687
0 0.966406 0.541016 0.029687 0.116406
0 0.669922 0.546484 0.011719 0.021094
0 0.974609 0.563672 0.011719 0.021094
0 0.830078 0.573438 0.013281 0.025000
0 0.815234 0.578125 0.058594 0.065625
0 0.898828 0.583594 0.013281 0.023438
0 0.894141 0.590625 0.035156 0.081250
0 0.716016 0.621875 0.013281 0.021875
0 0.693750 0.624219 0.084375 0.104688
0 0.951172 0.628516 0.061719 0.091406
0 0.941797 0.637109 0.014844 0.021094
0 0.802344 0.673047 0.051562 0.064844
0 0.803516 0.694141 0.010156 0.019531
0 0.814063 0.823828 0.043750 0.057031
0 0.822266 0.834766 0.013281 0.025781
0 0.571875 0.847266 0.021875 0.050781
0 0.571484 0.860547 0.011719 0.017969
0 0.217969 0.867188 0.039062 0.096875
0 0.214453 0.875781 0.013281 0.020313
