0 0.837891 0.975781 0.035156 0.048438
0 0.833203 0.983984 0.010156 0.024219
0 0.375781 0.158594 0.107813 0.064062
0 0.400781 0.160938 0.010937 0.021875
0 0.273047 0.543750 0.102344 0.065625
0 0.300781 0.550000 0.014063 0.021875
0 0.376953 0.592578 0.069531 0.044531
0 0.522656 0.594922 0.104688 0.080469
0 0.314844 0.638672 0.117188 0.083594
0 0.338672 0.642969 0.014844 0.026562
0 0.534375 0.651563 0.118750 0.081250
0 0.560937 0.658203 0.012500 0.016406
0 0.449219 0.754687 0.010937 0.025000
0 0.416797 0.773828 0.099219 0.075781
0 0.412109 0.852344 0.011719 0.026562
0 0.373047 0.862109 0.089844 0.061719
