0 0.166016 0.299609 0.075781 0.096094
0 0.366797 0.031641 0.017969 0.032031
0 0.138281 0.323828 0.017188 0.032031
0 0.243359 0.441797 0.111719 0.155469
0 0.081250 0.442188 0.106250 0.193750
0 0.412109 0.478906 0.039844 0.064062
0 0.418359 0.486719 0.111719 0.179688
0 0.203516 0.492578 0.078906 0.150781
0 0.410547 0.495703 0.014844 0.025781
0 0.648828 0.506641 0.066406 0.116406
0 0.367969 0.051562 0.070312 0.103125
0 0.625391 0.522266 0.016406 0.028906
0 0.396094 0.541797 0.017188 0.030469
0 0.245703 0.569922 0.163281 0.074219
0 0.306641 0.659766 0.016406 0.028906
0 0.317969 0.675391 0.051562 0.091406
0 0.362500 0.882031 0.115625 0.104688
0 0.337891 0.905859 0.019531 0.036719
