0 0.538281 0.162891 0.020313 0.038281
0 0.482422 0.177734 0.136719 0.136719
0 0.336719 0.233984 0.101562 0.117969
0 0.242578 0.303906 0.141406 0.098437
0 0.299609 0.310156 0.017969 0.035937
0 0.332031 0.351172 0.017188 0.036719
0 0.483984 0.035937 0.017969 0.034375
0 0.219141 0.356641 0.016406 0.028906
0 0.466406 0.361719 0.151562 0.120313
0 0.188672 0.376953 0.099219 0.141406
0 0.289453 0.379297 0.113281 0.183594
0 0.416797 0.383203 0.014844 0.035156
0 0.308203 0.428516 0.016406 0.032031
0 0.412500 0.467969 0.015625 0.035937
0 0.441797 0.048438 0.139844 0.096875
0 0.280859 0.489844 0.117969 0.179688
0 0.364063 0.541016 0.118750 0.200781
0 0.637109 0.624219 0.017969 0.026562
0 0.605859 0.666406 0.124219 0.226562
0 0.013281 0.773438 0.026562 0.100000
0 0.005859 0.803516 0.011719 0.025781
