0 0.235937 0.966016 0.040625 0.066406
0 0.230078 0.989062 0.010156 0.021875
0 0.025000 0.264844 0.012500 0.023438
0 0.037891 0.281641 0.047656 0.057031
0 0.173047 0.358984 0.052344 0.064844
0 0.182422 0.362109 0.011719 0.024219
0 0.037891 0.375000 0.016406 0.028125
0 0.030469 0.375781 0.060937 0.064062
0 0.270703 0.389844 0.050781 0.070312
0 0.279297 0.393750 0.014844 0.025000
0 0.237891 0.452734 0.016406 0.021094
0 0.210938 0.462891 0.100000 0.060156
0 0.273047 0.482812 0.080469 0.065625
0 0.015625 0.486328 0.031250 0.050781
0 0.279297 0.494531 0.011719 0.023438
0 0.173047 0.543359 0.011719 0.021094
0 0.330859 0.546875 0.039844 0.065625
0 0.156641 0.553516 0.100781 0.053906
0 0.336719 0.559375 0.017188 0.021875
0 0.021875 0.565625 0.043750 0.040625
0 0.151562 0.713281 0.096875 0.048438
0 0.162109 0.717578 0.011719 0.019531
