0 0.398828 0.187891 0.113281 0.169531
0 0.374609 0.231641 0.011719 0.025781
0 0.280469 0.235156 0.010937 0.023438
0 0.293359 0.258984 0.049219 0.096094
0 0.384766 0.435156 0.013281 0.023438
0 0.401953 0.441016 0.044531 0.075781
0 0.237109 0.473047 0.030469 0.099219
0 0.241016 0.504687 0.010156 0.018750
0 0.075000 0.510547 0.015625 0.024219
0 0.069922 0.519141 0.058594 0.119531
0 0.152734 0.543359 0.077344 0.061719
0 0.546094 0.553125 0.057813 0.106250
0 0.353906 0.558984 0.048438 0.061719
0 0.166797 0.560937 0.014844 0.018750
0 0.234766 0.645703 0.013281 0.025781
0 0.229297 0.645703 0.036719 0.091406
0 0.432031 0.683984 0.057813 0.064844
0 0.296484 0.761328 0.011719 0.025781
0 0.301563 0.763672 0.040625 0.083594
0 0.447266 0.849219 0.038281 0.073438
0 0.440234 0.873047 0.011719 0.021094
