0 0.408984 0.100000 0.039844 0.100000
0 0.517188 0.107422 0.093750 0.099219
0 0.541406 0.125000 0.010937 0.018750
0 0.361328 0.150000 0.044531 0.153125
0 0.485547 0.180859 0.058594 0.121094
0 0.454297 0.217188 0.064844 0.175000
0 0.538672 0.219922 0.039844 0.155469
0 0.465234 0.253906 0.008594 0.020313
0 0.598828 0.271484 0.050781 0.096094
0 0.399219 0.276953 0.029687 0.057031
0 0.345703 0.302734 0.085156 0.092969
0 0.519922 0.306641 0.049219 0.125781
0 0.369141 0.317188 0.013281 0.021875
0 0.501563 0.038672 0.009375 0.021094
0 0.541016 0.049219 0.088281 0.070312
0 0.444922 0.071484 0.011719 0.021094
0 0.486719 0.741797 0.010937 0.017969
0 0.446484 0.074609 0.027344 0.064844
0 0.494141 0.790625 0.050781 0.156250
0 0.429688 0.863281 0.012500 0.026562
0 0.427344 0.911719 0.064062 0.148438
