0 0.419141 0.926953 0.022656 0.050781
0 0.419531 0.944922 0.010937 0.017969
0 0.667578 0.097266 0.053906 0.113281
0 0.578125 0.102734 0.034375 0.158594
0 0.641016 0.106641 0.044531 0.110156
0 0.717578 0.107813 0.053906 0.100000
0 0.550781 0.120313 0.029687 0.081250
0 0.551172 0.125391 0.011719 0.019531
0 0.443359 0.217578 0.011719 0.019531
0 0.773047 0.248047 0.014844 0.017969
0 0.422266 0.255469 0.085156 0.139063
0 0.782422 0.261328 0.067969 0.069531
0 0.655078 0.264453 0.047656 0.078906
0 0.636328 0.318359 0.010156 0.017969
0 0.649219 0.348047 0.057813 0.080469
0 0.597656 0.052734 0.039062 0.039844
0 0.501953 0.056250 0.010156 0.021875
0 0.577734 0.064062 0.014844 0.021875
0 0.538281 0.694531 0.010937 0.020313
0 0.521484 0.744922 0.067969 0.174219
0 0.481641 0.076172 0.050781 0.096094
