0 0.479687 0.214062 0.090625 0.090625
0 0.470703 0.293750 0.103906 0.078125
0 0.492578 0.296875 0.019531 0.034375
0 0.599609 0.305859 0.089844 0.164844
0 0.148047 0.305859 0.021094 0.033594
0 0.121484 0.311328 0.102344 0.138281
0 0.431641 0.332813 0.019531 0.034375
0 0.632422 0.338672 0.130469 0.136719
0 0.405469 0.350000 0.101562 0.121875
0 0.147266 0.380469 0.000781 0.004687
0 0.687891 0.381641 0.016406 0.028906
0 0.299609 0.505859 0.017969 0.033594
0 0.246875 0.521875 0.178125 0.084375
0 0.553516 0.534766 0.019531 0.032031
0 0.501953 0.571094 0.138281 0.114062
0 0.796484 0.582812 0.102344 0.206250
0 0.793750 0.632422 0.018750 0.033594
0 0.065234 0.678125 0.130469 0.265625
0 0.110547 0.731250 0.021094 0.034375
0 0.498437 0.008594 0.118750 0.017188
