0 0.481250 0.094531 0.012500 0.020313
0 0.441797 0.095703 0.067969 0.091406
0 0.311328 0.107813 0.044531 0.156250
0 0.558594 0.126172 0.010937 0.021094
0 0.430078 0.139063 0.088281 0.131250
0 0.587109 0.153125 0.077344 0.084375
0 0.610547 0.210547 0.086719 0.083594
0 0.513281 0.229297 0.079687 0.055469
0 0.496484 0.235156 0.014844 0.020313
0 0.339062 0.251563 0.012500 0.021875
0 0.410547 0.291797 0.011719 0.024219
0 0.358203 0.294531 0.072656 0.148438
0 0.441406 0.301563 0.104688 0.118750
0 0.532422 0.303125 0.014844 0.021875
0 0.551172 0.321484 0.080469 0.092969
0 0.679297 0.348047 0.014844 0.017969
0 0.705078 0.379297 0.103906 0.124219
0 0.311328 0.053516 0.013281 0.025781
0 0.451953 0.755078 0.010156 0.028906
0 0.471094 0.796875 0.060937 0.125000
0 0.510547 0.084375 0.074219 0.081250
