0 0.637891 0.154688 0.010156 0.021875
0 0.668359 0.161328 0.108594 0.057031
0 0.733984 0.389844 0.011719 0.020313
0 0.600391 0.397266 0.088281 0.057031
0 0.756250 0.405078 0.103125 0.107031
0 0.686328 0.426953 0.013281 0.019531
0 0.604297 0.442969 0.011719 0.020313
0 0.698438 0.456641 0.065625 0.110156
0 0.762109 0.461328 0.074219 0.050781
0 0.622266 0.466016 0.088281 0.088281
0 0.544141 0.486328 0.010156 0.019531
0 0.571875 0.487109 0.103125 0.049219
0 0.681250 0.534375 0.012500 0.018750
0 0.689063 0.537109 0.087500 0.061719
0 0.591406 0.563672 0.014063 0.021094
0 0.607422 0.583594 0.096094 0.073438
0 0.596484 0.683984 0.011719 0.024219
0 0.615234 0.688281 0.089844 0.076563
0 0.732422 0.903906 0.011719 0.020313
0 0.749609 0.908594 0.083594 0.076563
