0 0.655859 0.098437 0.021094 0.031250
0 0.580469 0.214453 0.067187 0.107031
0 0.584766 0.246094 0.016406 0.029687
0 0.695703 0.246484 0.072656 0.258594
0 0.685156 0.312891 0.017188 0.032031
0 0.448828 0.322266 0.125781 0.119531
0 0.410156 0.342969 0.017188 0.029687
0 0.426563 0.414844 0.065625 0.201563
0 0.451172 0.454688 0.083594 0.209375
0 0.412500 0.455859 0.021875 0.042969
0 0.610156 0.466406 0.054688 0.201563
0 0.680078 0.468359 0.063281 0.142969
0 0.539453 0.468750 0.085156 0.134375
0 0.695703 0.484375 0.019531 0.031250
0 0.537500 0.487891 0.018750 0.038281
0 0.595703 0.525781 0.016406 0.029687
0 0.743750 0.680469 0.015625 0.035937
0 0.770703 0.688672 0.082031 0.111719
0 0.487891 0.069922 0.016406 0.033594
0 0.215234 0.758594 0.055469 0.114062
0 0.222266 0.784375 0.016406 0.031250
0 0.645703 0.079687 0.072656 0.159375
0 0.461328 0.082422 0.097656 0.130469
