0 0.675391 0.936719 0.085156 0.126562
0 0.467969 0.942969 0.073438 0.114062
0 0.283594 0.944141 0.092188 0.110156
0 0.451953 0.958203 0.013281 0.038281
0 0.398438 0.270313 0.100000 0.190625
0 0.437109 0.330859 0.017969 0.033594
0 0.213672 0.435937 0.086719 0.259375
0 0.743750 0.450781 0.115625 0.220312
0 0.226172 0.489453 0.017969 0.035156
0 0.723828 0.508594 0.019531 0.035937
0 0.597266 0.514062 0.097656 0.093750
0 0.427734 0.528516 0.061719 0.191406
0 0.326953 0.568750 0.094531 0.156250
0 0.437891 0.580078 0.016406 0.028906
0 0.446484 0.604297 0.071094 0.096094
0 0.460938 0.614062 0.015625 0.040625
0 0.323437 0.627344 0.021875 0.023438
0 0.495703 0.634766 0.075781 0.116406
0 0.471484 0.665234 0.011719 0.030469
0 0.670312 0.890234 0.018750 0.033594
0 0.299609 0.919141 0.017969 0.032031
