0 0.409766 0.110937 0.122656 0.209375
0 0.884375 0.014844 0.037500 0.029687
0 0.444922 0.257031 0.027344 0.045312
0 0.228516 0.322266 0.032031 0.060156
0 0.463281 0.366406 0.120313 0.279687
0 0.250781 0.408984 0.101562 0.221094
0 0.652344 0.052344 0.057813 0.104688
0 0.887500 0.052734 0.093750 0.105469
0 0.668750 0.535156 0.034375 0.073438
0 0.637891 0.594531 0.147656 0.160938
0 0.493750 0.671484 0.034375 0.071094
0 0.506641 0.707031 0.107031 0.226562
0 0.761328 0.764062 0.044531 0.065625
0 0.752734 0.816016 0.071094 0.366406
0 0.190234 0.826953 0.046094 0.075781
0 0.607422 0.842578 0.039844 0.069531
0 0.216406 0.860156 0.132812 0.270313
0 0.622266 0.865625 0.088281 0.268750
0 0.352734 0.876563 0.046094 0.075000
0 0.374219 0.880859 0.101562 0.236719
