0 0.293359 0.243359 0.017969 0.030469
0 0.372266 0.250781 0.082031 0.098437
0 0.515234 0.267188 0.014844 0.028125
0 0.266016 0.278906 0.107031 0.135937
0 0.419141 0.288281 0.019531 0.026562
0 0.540625 0.296484 0.090625 0.114844
0 0.357422 0.310156 0.086719 0.098437
0 0.405469 0.357031 0.067187 0.220312
0 0.314453 0.373047 0.063281 0.139844
0 0.362500 0.039062 0.103125 0.078125
0 0.282422 0.470703 0.014844 0.025781
0 0.294922 0.503516 0.046094 0.116406
0 0.418359 0.520312 0.014844 0.028125
0 0.427734 0.588672 0.039844 0.211719
0 0.635156 0.600000 0.014063 0.025000
0 0.313281 0.652344 0.014063 0.026562
0 0.349609 0.661719 0.092969 0.079687
0 0.644531 0.661328 0.051562 0.250781
