0 0.402734 0.280859 0.099219 0.067969
0 0.268750 0.288281 0.093750 0.095312
0 0.548828 0.363281 0.016406 0.026562
0 0.151953 0.370312 0.016406 0.031250
0 0.355078 0.380469 0.016406 0.020313
0 0.126172 0.385156 0.121094 0.098437
0 0.334375 0.384766 0.059375 0.078906
0 0.583984 0.384766 0.142969 0.107031
0 0.391016 0.390234 0.053906 0.136719
0 0.243750 0.483594 0.078125 0.104688
0 0.448047 0.518359 0.124219 0.067969
0 0.416797 0.524219 0.014844 0.020313
0 0.423828 0.811328 0.016406 0.032031
0 0.448047 0.848437 0.061719 0.103125
0 0.554297 0.876172 0.067969 0.080469
0 0.565234 0.894531 0.014844 0.026562
