0 0.646484 0.102344 0.133594 0.073438
0 0.427344 0.111719 0.010937 0.026562
0 0.678516 0.025781 0.072656 0.051562
0 0.561328 0.369922 0.138281 0.121094
0 0.596484 0.401562 0.014844 0.031250
0 0.441016 0.438281 0.016406 0.035937
0 0.412891 0.440234 0.132031 0.083594
0 0.760156 0.501563 0.017188 0.025000
0 0.719531 0.511719 0.095312 0.073438
0 0.616797 0.550781 0.117969 0.129688
0 0.653125 0.571094 0.012500 0.029687
0 0.535547 0.586328 0.111719 0.053906
0 0.569141 0.588281 0.013281 0.023438
0 0.860156 0.591406 0.017188 0.029687
0 0.776172 0.596484 0.083594 0.180469
0 0.387500 0.062500 0.096875 0.125000
0 0.849219 0.623828 0.060937 0.185156
0 0.462891 0.713672 0.107031 0.071094
0 0.507031 0.721484 0.014063 0.030469
0 0.883594 0.826562 0.014063 0.028125
0 0.836328 0.844531 0.116406 0.079687
0 0.688672 0.091016 0.017969 0.025781
