0 0.701562 0.928125 0.087500 0.143750
0 0.641016 0.107422 0.088281 0.211719
0 0.369531 0.154688 0.148438 0.218750
0 0.426953 0.200000 0.057031 0.078125
0 0.409766 0.218750 0.019531 0.034375
0 0.528125 0.240625 0.096875 0.081250
0 0.494922 0.246875 0.021094 0.040625
0 0.394141 0.371484 0.019531 0.033594
0 0.609766 0.371484 0.050781 0.146094
0 0.532031 0.434766 0.017188 0.035156
0 0.446094 0.446875 0.017188 0.043750
0 0.395703 0.451953 0.078906 0.213281
0 0.446875 0.484766 0.078125 0.135156
0 0.552734 0.528516 0.061719 0.257031
0 0.716406 0.552344 0.023438 0.035937
0 0.749609 0.607812 0.174219 0.175000
0 0.630078 0.063672 0.022656 0.039844
0 0.532422 0.777734 0.017969 0.033594
0 0.397266 0.079297 0.022656 0.033594
0 0.509766 0.828906 0.144531 0.248438
0 0.691797 0.872266 0.024219 0.035156
