0 0.339062 0.351953 0.090625 0.169531
0 0.592578 0.378906 0.069531 0.126562
0 0.363672 0.382812 0.011719 0.025000
0 0.572266 0.412109 0.010156 0.021094
0 0.462109 0.471875 0.105469 0.081250
0 0.486719 0.479297 0.010937 0.024219
0 0.705078 0.498828 0.053906 0.175781
0 0.694531 0.558594 0.010937 0.023438
0 0.555469 0.578125 0.060937 0.068750
0 0.576172 0.593750 0.008594 0.015625
0 0.616406 0.598828 0.070312 0.082031
0 0.468359 0.601562 0.008594 0.018750
0 0.450000 0.603516 0.071875 0.060156
0 0.598828 0.607422 0.010156 0.021094
0 0.558203 0.624609 0.078906 0.074219
0 0.582422 0.641406 0.008594 0.020313
0 0.485156 0.883594 0.042188 0.064062
0 0.485938 0.898047 0.009375 0.021094
