0 0.485156 0.140234 0.014063 0.024219
0 0.522266 0.156641 0.125781 0.060156
0 0.566406 0.436719 0.014063 0.026562
0 0.598828 0.448828 0.122656 0.057031
0 0.308203 0.509375 0.113281 0.046875
0 0.683984 0.532422 0.011719 0.024219
0 0.715625 0.535937 0.112500 0.078125
0 0.578516 0.543359 0.013281 0.030469
0 0.315234 0.549219 0.102344 0.045312
0 0.618359 0.558594 0.127344 0.104688
0 0.489844 0.569141 0.014063 0.025781
0 0.383203 0.578906 0.013281 0.029687
0 0.517578 0.585938 0.119531 0.100000
0 0.428516 0.595313 0.125781 0.081250
0 0.403125 0.653906 0.078125 0.076563
0 0.288672 0.658594 0.014844 0.026562
0 0.332813 0.683594 0.103125 0.089063
0 0.838672 0.794141 0.014844 0.025781
0 0.887891 0.801562 0.113281 0.128125
