0 0.685547 0.226562 0.017969 0.034375
0 0.661719 0.258984 0.089063 0.149219
0 0.728516 0.297656 0.057031 0.154688
0 0.647266 0.356641 0.128906 0.128906
0 0.711328 0.356250 0.016406 0.034375
0 0.791797 0.374609 0.089844 0.089844
0 0.566797 0.387500 0.080469 0.090625
0 0.651953 0.430469 0.016406 0.029687
0 0.695703 0.458203 0.103906 0.094531
0 0.863281 0.473438 0.017188 0.028125
0 0.846875 0.478125 0.050000 0.065625
0 0.634766 0.050391 0.016406 0.035156
0 0.630859 0.526563 0.014844 0.031250
0 0.594141 0.534375 0.088281 0.090625
0 0.591406 0.058984 0.120313 0.114844
0 0.871484 0.710156 0.021094 0.035937
0 0.882422 0.724609 0.080469 0.142969
0 0.331641 0.846484 0.022656 0.033594
0 0.291406 0.864453 0.104688 0.075781
