0 0.747266 0.926172 0.044531 0.055469
0 0.755078 0.941016 0.010156 0.019531
0 0.435937 0.109375 0.009375 0.021875
0 0.433594 0.120313 0.023438 0.068750
0 0.096875 0.414453 0.096875 0.050781
0 0.121094 0.419141 0.010937 0.019531
0 0.108984 0.471484 0.080469 0.049219
0 0.139453 0.473828 0.010156 0.019531
0 0.821875 0.476953 0.012500 0.019531
0 0.029687 0.487891 0.009375 0.016406
0 0.025000 0.488281 0.050000 0.039062
0 0.851953 0.489453 0.088281 0.066406
0 0.793359 0.507812 0.089844 0.065625
0 0.775000 0.516016 0.012500 0.019531
0 0.912891 0.516016 0.075781 0.053906
0 0.894531 0.522266 0.010937 0.019531
0 0.076172 0.554297 0.089844 0.061719
0 0.098047 0.559375 0.011719 0.015625
0 0.816797 0.571484 0.086719 0.058594
0 0.793750 0.581641 0.009375 0.019531
0 0.419141 0.778516 0.025781 0.060156
0 0.416797 0.794922 0.008594 0.017969
0 0.132422 0.858203 0.058594 0.060156
0 0.123047 0.863672 0.011719 0.017969
0 0.396875 0.884375 0.025000 0.046875
0 0.393359 0.887891 0.008594 0.019531
