0 0.419141 0.103906 0.066406 0.120313
0 0.288672 0.298438 0.014844 0.021875
0 0.221875 0.303125 0.012500 0.028125
0 0.117578 0.310156 0.063281 0.095312
0 0.242969 0.328125 0.057813 0.096875
0 0.162891 0.331641 0.016406 0.025781
0 0.320312 0.332422 0.078125 0.096094
0 0.193359 0.367578 0.099219 0.107031
0 0.121484 0.373828 0.014844 0.019531
0 0.150000 0.411328 0.087500 0.119531
0 0.084375 0.478125 0.012500 0.025000
0 0.224219 0.478906 0.089063 0.151562
0 0.359766 0.485547 0.013281 0.021094
0 0.123828 0.504687 0.094531 0.078125
0 0.312891 0.507812 0.016406 0.025000
0 0.335547 0.520703 0.096094 0.107031
0 0.361328 0.539062 0.044531 0.140625
0 0.410547 0.071484 0.014844 0.021094
0 0.390234 0.754297 0.011719 0.024219
0 0.432031 0.779687 0.107813 0.106250
