0 0.560937 0.958984 0.050000 0.080469
0 0.553516 0.971875 0.016406 0.034375
0 0.492969 0.017578 0.014063 0.032031
0 0.621094 0.282422 0.017188 0.030469
0 0.645703 0.328516 0.122656 0.153906
0 0.541406 0.041016 0.045312 0.082031
0 0.460938 0.432812 0.068750 0.065625
0 0.444141 0.447266 0.016406 0.032031
0 0.495703 0.050391 0.035156 0.100781
0 0.194141 0.054688 0.072656 0.109375
0 0.519922 0.575391 0.014844 0.032031
0 0.324219 0.615234 0.092188 0.139844
0 0.544531 0.628125 0.123438 0.206250
0 0.421484 0.658984 0.152344 0.205469
0 0.203906 0.072266 0.017188 0.032031
0 0.387109 0.720313 0.017969 0.034375
0 0.764062 0.757031 0.015625 0.029687
0 0.656641 0.834375 0.147656 0.118750
0 0.624609 0.857422 0.014844 0.030469
0 0.803125 0.858984 0.100000 0.233594
