0 0.338281 0.219531 0.017188 0.029687
0 0.378516 0.228516 0.119531 0.100781
0 0.235156 0.228516 0.067187 0.116406
0 0.603125 0.030859 0.100000 0.058594
0 0.564453 0.032422 0.013281 0.033594
0 0.433203 0.354297 0.128906 0.096094
0 0.394922 0.373047 0.014844 0.021094
0 0.259766 0.383203 0.016406 0.028906
0 0.300391 0.386719 0.116406 0.070312
0 0.514453 0.477734 0.128906 0.108594
0 0.490234 0.507812 0.017969 0.031250
0 0.180859 0.518750 0.108594 0.053125
0 0.355469 0.545312 0.110937 0.118750
0 0.312500 0.573047 0.018750 0.024219
0 0.615234 0.584375 0.114844 0.143750
0 0.251953 0.608984 0.097656 0.086719
0 0.566797 0.623047 0.017969 0.030469
0 0.403906 0.067969 0.117188 0.135937
0 0.255469 0.710547 0.120313 0.061719
0 0.203516 0.724219 0.013281 0.029687
0 0.368750 0.087109 0.015625 0.030469
