0 0.623437 0.967187 0.028125 0.065625
0 0.627344 0.982031 0.014063 0.029687
0 0.930078 0.435937 0.013281 0.021875
0 0.909766 0.443750 0.057031 0.090625
0 0.701172 0.472656 0.011719 0.020313
0 0.636328 0.483594 0.035156 0.154688
0 0.722266 0.491016 0.094531 0.103906
0 0.633984 0.521875 0.011719 0.025000
0 0.937109 0.544922 0.014844 0.024219
0 0.725781 0.551562 0.010937 0.018750
0 0.941797 0.559375 0.077344 0.078125
0 0.538281 0.571875 0.014063 0.025000
0 0.879687 0.582422 0.012500 0.021094
0 0.877734 0.584375 0.030469 0.084375
0 0.708594 0.585938 0.045312 0.090625
0 0.533984 0.592578 0.067969 0.141406
0 0.758984 0.652344 0.042969 0.048438
0 0.771875 0.661719 0.015625 0.029687
0 0.754297 0.685156 0.055469 0.048438
0 0.770703 0.689844 0.013281 0.023438
0 0.539453 0.703906 0.053906 0.070312
0 0.496484 0.726562 0.114844 0.121875
0 0.807031 0.750000 0.054688 0.075000
0 0.523828 0.755859 0.013281 0.024219
0 0.806250 0.755469 0.015625 0.029687
0 0.722656 0.764062 0.060937 0.075000
0 0.735547 0.771875 0.011719 0.025000
