0 0.306250 0.929688 0.018750 0.034375
0 0.278906 0.945312 0.114062 0.109375
0 0.367969 0.952344 0.048438 0.095312
0 0.375781 0.961719 0.014063 0.026562
0 0.452734 0.232422 0.014844 0.030469
0 0.415234 0.268750 0.133594 0.156250
0 0.448047 0.432422 0.089844 0.158594
0 0.524609 0.442969 0.017969 0.026562
0 0.353516 0.455078 0.013281 0.032031
0 0.337500 0.514062 0.109375 0.181250
0 0.498047 0.522656 0.080469 0.189062
0 0.757422 0.595313 0.014844 0.031250
0 0.363672 0.606641 0.017969 0.038281
0 0.339453 0.655469 0.097656 0.189062
0 0.716797 0.669922 0.102344 0.211719
0 0.628516 0.762109 0.016406 0.030469
0 0.338672 0.782813 0.014844 0.031250
0 0.607812 0.823047 0.065625 0.242969
0 0.316797 0.824219 0.127344 0.145313
