0 0.483984 0.195703 0.008594 0.016406
0 0.482031 0.209766 0.023438 0.053906
0 0.128516 0.402344 0.035156 0.076563
0 0.123047 0.407813 0.008594 0.015625
0 0.126562 0.465625 0.009375 0.018750
0 0.070703 0.471484 0.010156 0.017969
0 0.083203 0.472266 0.035156 0.041406
0 0.134766 0.478125 0.032031 0.053125
0 0.889062 0.484375 0.062500 0.050000
0 0.883203 0.484766 0.010156 0.016406
0 0.957031 0.493750 0.010937 0.015625
0 0.948828 0.498437 0.038281 0.071875
0 0.140234 0.557813 0.033594 0.065625
0 0.894922 0.561719 0.027344 0.054688
0 0.889453 0.563281 0.010156 0.014063
0 0.948438 0.565234 0.078125 0.061719
0 0.931250 0.568750 0.009375 0.015625
0 0.129688 0.572266 0.009375 0.016406
