0 0.223047 0.955859 0.071094 0.083594
0 0.698047 0.963672 0.083594 0.046094
0 0.965625 0.964063 0.034375 0.053125
0 0.969922 0.964453 0.011719 0.028906
0 0.725391 0.978906 0.010156 0.010937
0 0.205859 0.980469 0.011719 0.026562
0 0.769922 0.305859 0.011719 0.021094
0 0.758984 0.325000 0.036719 0.071875
0 0.844531 0.486328 0.085938 0.053906
0 0.831250 0.491016 0.012500 0.019531
0 0.944922 0.534375 0.014844 0.018750
0 0.925391 0.534766 0.078906 0.057031
0 0.777734 0.571484 0.039844 0.042969
0 0.769141 0.576172 0.010156 0.017969
0 0.930078 0.576562 0.035156 0.059375
0 0.937500 0.587109 0.015625 0.021094
0 0.996094 0.596484 0.007812 0.024219
0 0.991406 0.606250 0.017188 0.046875
0 0.975781 0.627344 0.026562 0.064062
0 0.762891 0.630469 0.053906 0.079687
0 0.803906 0.635156 0.054688 0.070312
0 0.798828 0.637500 0.010156 0.018750
0 0.749219 0.637891 0.010937 0.019531
0 0.980078 0.640234 0.013281 0.021094
