0 0.308594 0.507812 0.010937 0.018750
0 0.304297 0.518359 0.046094 0.055469
0 0.340234 0.550000 0.033594 0.068750
0 0.335938 0.551172 0.009375 0.017969
0 0.132031 0.569922 0.085938 0.074219
0 0.153516 0.600000 0.010156 0.018750
0 0.058203 0.602734 0.107031 0.067969
0 0.083203 0.618750 0.013281 0.018750
0 0.232813 0.630078 0.100000 0.066406
0 0.305859 0.631250 0.067969 0.075000
0 0.330859 0.633984 0.008594 0.017969
0 0.262891 0.637891 0.010156 0.019531
0 0.402734 0.639453 0.052344 0.103906
0 0.419141 0.641797 0.010156 0.017969
0 0.210547 0.694141 0.089844 0.053906
0 0.227344 0.699609 0.010937 0.017969
0 0.341406 0.719141 0.039062 0.044531
0 0.345703 0.721484 0.010156 0.017969
0 0.337891 0.797266 0.047656 0.063281
0 0.330859 0.817969 0.011719 0.023438
