0 0.851953 0.932031 0.010156 0.020313
0 0.477734 0.101562 0.011719 0.021875
0 0.479297 0.113281 0.039844 0.060937
0 0.018359 0.378125 0.036719 0.040625
0 0.022656 0.445312 0.045312 0.062500
0 0.005859 0.448828 0.011719 0.019531
0 0.992188 0.453125 0.015625 0.059375
0 0.992188 0.458984 0.009375 0.017969
0 0.960547 0.471094 0.039844 0.120313
0 0.967187 0.476953 0.012500 0.019531
0 0.015234 0.516406 0.011719 0.026562
0 0.028125 0.516406 0.056250 0.060937
0 0.982031 0.541406 0.035937 0.082812
0 0.473828 0.792188 0.047656 0.050000
0 0.467187 0.800391 0.009375 0.025781
0 0.151172 0.901563 0.039844 0.056250
0 0.140234 0.908984 0.011719 0.021094
0 0.422266 0.910547 0.010156 0.017969
0 0.426953 0.914062 0.035156 0.043750
0 0.833984 0.925781 0.058594 0.060937
