0 0.342187 0.942969 0.134375 0.114062
0 0.115625 0.011719 0.081250 0.023438
0 0.648438 0.236719 0.015625 0.029687
0 0.586328 0.240234 0.157031 0.099219
0 0.492578 0.415625 0.016406 0.031250
0 0.444922 0.447266 0.149219 0.119531
0 0.673047 0.588281 0.142969 0.054688
0 0.730078 0.592578 0.013281 0.028906
0 0.462109 0.605859 0.017969 0.030469
0 0.723437 0.623828 0.021875 0.028906
0 0.409375 0.631641 0.125000 0.163281
0 0.682422 0.636328 0.171094 0.050781
0 0.574219 0.694531 0.023438 0.045312
0 0.471484 0.701562 0.017969 0.034375
0 0.541016 0.737500 0.125781 0.153125
0 0.435547 0.746094 0.152344 0.145313
0 0.718359 0.783984 0.017969 0.036719
0 0.693359 0.804297 0.127344 0.086719
0 0.680859 0.897656 0.017969 0.035937
0 0.642578 0.908203 0.135156 0.110156
0 0.348828 0.913281 0.022656 0.039062
