0 0.761328 0.318750 0.010156 0.018750
0 0.603125 0.331250 0.012500 0.018750
0 0.732422 0.334375 0.092969 0.075000
0 0.576953 0.353516 0.085156 0.091406
0 0.859375 0.366797 0.012500 0.021094
0 0.830859 0.371094 0.086719 0.070312
0 0.858984 0.387109 0.067969 0.105469
0 0.626563 0.423438 0.009375 0.015625
0 0.821875 0.424219 0.009375 0.020313
0 0.791797 0.430469 0.067969 0.048438
0 0.600000 0.440625 0.109375 0.078125
0 0.788281 0.450000 0.067187 0.065625
0 0.624219 0.049219 0.010937 0.020313
0 0.629687 0.504687 0.012500 0.018750
0 0.587500 0.051953 0.096875 0.082031
0 0.604688 0.523438 0.100000 0.081250
0 0.719922 0.533594 0.011719 0.023438
0 0.819531 0.535937 0.010937 0.018750
0 0.792188 0.537109 0.106250 0.067969
0 0.690625 0.544922 0.087500 0.086719
0 0.606641 0.620703 0.013281 0.019531
0 0.575781 0.626953 0.092188 0.063281
0 0.631250 0.632422 0.012500 0.021094
0 0.621484 0.649609 0.089844 0.080469
0 0.516016 0.672656 0.088281 0.123438
0 0.536719 0.692969 0.010937 0.023438
0 0.573828 0.892188 0.035156 0.056250
0 0.580859 0.901563 0.011719 0.021875
