0 0.465234 0.934766 0.011719 0.025781
0 0.461328 0.952734 0.050781 0.071094
0 0.493359 0.139844 0.046094 0.060937
0 0.503516 0.140234 0.013281 0.024219
0 0.019531 0.374219 0.039062 0.048438
0 0.015234 0.375000 0.011719 0.018750
0 0.894531 0.379297 0.014063 0.024219
0 0.918359 0.385547 0.102344 0.055469
0 0.123047 0.406641 0.105469 0.088281
0 0.148438 0.411719 0.012500 0.020313
0 0.998047 0.418750 0.002344 0.015625
0 0.987109 0.421484 0.024219 0.021094
0 0.011719 0.467187 0.023438 0.043750
0 0.993359 0.468359 0.011719 0.017969
0 0.983594 0.469531 0.032813 0.045312
0 0.908984 0.487500 0.108594 0.046875
0 0.880469 0.490625 0.014063 0.015625
0 0.078516 0.505469 0.110156 0.039062
0 0.108203 0.506641 0.007031 0.013281
0 0.022266 0.543359 0.010156 0.021094
0 0.026562 0.542969 0.053125 0.042188
0 0.985938 0.550000 0.028125 0.031250
0 0.995313 0.550000 0.009375 0.018750
0 0.901953 0.553906 0.100781 0.048438
0 0.877344 0.560547 0.010937 0.017969
0 0.069141 0.589063 0.100781 0.050000
0 0.092578 0.589844 0.013281 0.020313
0 0.487891 0.705469 0.035156 0.129688
0 0.479687 0.757422 0.009375 0.021094
