0 0.483203 0.203516 0.007031 0.013281
0 0.481641 0.208984 0.022656 0.036719
0 0.149609 0.400781 0.008594 0.010937
0 0.151953 0.400391 0.032031 0.053906
0 0.154688 0.457422 0.009375 0.021094
0 0.098828 0.458984 0.010156 0.014844
0 0.112109 0.462109 0.033594 0.039844
0 0.158984 0.466797 0.033594 0.067969
0 0.867578 0.478906 0.060156 0.045312
0 0.860938 0.480859 0.009375 0.014844
0 0.924219 0.485547 0.010937 0.011719
0 0.925391 0.486719 0.028906 0.060937
0 0.164844 0.537891 0.032813 0.066406
0 0.866797 0.545703 0.008594 0.016406
0 0.159766 0.546484 0.010156 0.014844
0 0.864453 0.551172 0.035156 0.080469
0 0.923828 0.551562 0.082031 0.059375
0 0.905859 0.557422 0.008594 0.014844
0 0.496484 0.901953 0.071094 0.032031
0 0.478516 0.903906 0.007031 0.010937
