0 0.558984 0.926172 0.027344 0.064844
0 0.755859 0.928906 0.011719 0.020313
0 0.680469 0.935937 0.026562 0.109375
0 0.900391 0.939063 0.010156 0.021875
0 0.848828 0.942187 0.010156 0.025000
0 0.561328 0.943359 0.013281 0.021094
0 0.894141 0.944141 0.041406 0.075781
0 0.199609 0.948438 0.014844 0.025000
0 0.815234 0.948828 0.027344 0.057031
0 0.850391 0.949219 0.035156 0.079687
0 0.819141 0.957031 0.010156 0.020313
0 0.655859 0.270313 0.099219 0.056250
0 0.624219 0.279297 0.014063 0.021094
0 0.256641 0.355859 0.091406 0.058594
0 0.216797 0.364063 0.011719 0.021875
0 0.916016 0.413672 0.050781 0.055469
0 0.923047 0.426172 0.011719 0.021094
0 0.008203 0.446484 0.013281 0.024219
0 0.037109 0.452344 0.074219 0.051562
0 0.678906 0.478516 0.070312 0.063281
0 0.661328 0.492188 0.010156 0.021875
0 0.421484 0.512891 0.083594 0.053906
0 0.384766 0.517969 0.010156 0.026562
0 0.094531 0.518750 0.110937 0.043750
0 0.355469 0.519141 0.045312 0.066406
0 0.057422 0.520312 0.014844 0.021875
0 0.339453 0.536328 0.013281 0.025781
0 0.952734 0.585938 0.011719 0.021875
0 0.938672 0.587109 0.049219 0.067969
0 0.832422 0.618750 0.033594 0.168750
0 0.839063 0.657813 0.012500 0.021875
0 0.502734 0.676172 0.117969 0.114844
0 0.474219 0.693750 0.010937 0.021875
0 0.444531 0.820312 0.048438 0.075000
0 0.447266 0.826953 0.010156 0.025781
0 0.680469 0.907422 0.010937 0.024219
0 0.219922 0.912891 0.055469 0.094531
0 0.751172 0.919922 0.021094 0.046094
