0 0.598437 0.114062 0.040625 0.034375
0 0.601562 0.115625 0.012500 0.015625
0 0.567187 0.144531 0.028125 0.035937
0 0.251172 0.144922 0.008594 0.017969
0 0.573047 0.146484 0.011719 0.014844
0 0.596484 0.150391 0.011719 0.016406
0 0.596875 0.152734 0.025000 0.042969
0 0.264844 0.155078 0.029687 0.053906
0 0.170703 0.449219 0.010156 0.014063
0 0.149219 0.455078 0.085938 0.063281
0 0.726172 0.494922 0.080469 0.039844
0 0.708203 0.500391 0.010156 0.013281
0 0.816016 0.522656 0.100781 0.054688
0 0.114844 0.528516 0.023438 0.038281
0 0.193359 0.536328 0.089844 0.050781
0 0.215234 0.537109 0.008594 0.017969
0 0.671875 0.555859 0.009375 0.014844
0 0.696875 0.556641 0.087500 0.044531
0 0.162891 0.609375 0.078906 0.065625
0 0.691016 0.611719 0.010156 0.020313
0 0.718359 0.612891 0.099219 0.050781
0 0.183984 0.621875 0.011719 0.018750
