0 0.511328 0.164453 0.100781 0.085156
0 0.487109 0.185938 0.011719 0.021875
0 0.553906 0.625000 0.070312 0.078125
0 0.494531 0.639844 0.039062 0.079687
0 0.445312 0.656641 0.050000 0.085156
0 0.373047 0.667188 0.011719 0.018750
0 0.683984 0.684766 0.014844 0.019531
0 0.709375 0.688281 0.100000 0.076563
0 0.381641 0.704688 0.091406 0.100000
0 0.505469 0.721875 0.039062 0.071875
0 0.632422 0.730078 0.011719 0.019531
0 0.657031 0.742578 0.079687 0.088281
0 0.424219 0.791016 0.010937 0.019531
0 0.555078 0.814844 0.078906 0.104688
0 0.443359 0.815234 0.089844 0.139844
0 0.491406 0.851172 0.010937 0.024219
0 0.561328 0.858594 0.069531 0.054688
0 0.508594 0.864844 0.045312 0.089063
0 0.554297 0.865625 0.008594 0.018750
0 0.636719 0.919141 0.010937 0.016406
0 0.656641 0.919531 0.069531 0.070312
