0 0.798438 0.973828 0.028125 0.050781
0 0.801562 0.990625 0.009375 0.018750
0 0.822656 0.545703 0.010937 0.016406
0 0.808984 0.550781 0.039844 0.054688
0 0.705078 0.557813 0.035156 0.106250
0 0.876953 0.568359 0.016406 0.021094
0 0.855859 0.568750 0.058594 0.065625
0 0.717578 0.595703 0.010156 0.016406
0 0.622266 0.606250 0.010156 0.018750
0 0.936328 0.609375 0.057031 0.075000
0 0.599609 0.614453 0.058594 0.100781
0 0.956641 0.619531 0.016406 0.020313
0 0.783203 0.643750 0.085156 0.078125
0 0.676953 0.645312 0.010156 0.018750
0 0.813672 0.646094 0.011719 0.020313
0 0.855859 0.655859 0.042969 0.042969
0 0.667578 0.656641 0.060156 0.103906
0 0.867578 0.659766 0.013281 0.019531
0 0.709375 0.682031 0.053125 0.114062
0 0.722266 0.683984 0.010156 0.021094
0 0.791797 0.710156 0.108594 0.060937
0 0.962109 0.712109 0.011719 0.017969
0 0.945703 0.719531 0.057031 0.085938
0 0.817969 0.729297 0.010937 0.024219
0 0.876563 0.758203 0.015625 0.025781
0 0.855078 0.770312 0.066406 0.059375
