0 0.334766 0.010547 0.025781 0.021094
0 0.501172 0.187500 0.077344 0.084375
0 0.314063 0.194141 0.075000 0.094531
0 0.593359 0.019531 0.027344 0.039062
0 0.469141 0.200781 0.010156 0.020313
0 0.333984 0.202344 0.011719 0.023438
0 0.603516 0.040625 0.007031 0.015625
0 0.391797 0.445703 0.049219 0.166406
0 0.628516 0.465625 0.060156 0.096875
0 0.394141 0.483203 0.010156 0.019531
0 0.491016 0.488672 0.038281 0.092969
0 0.604297 0.501953 0.011719 0.016406
0 0.481641 0.524219 0.010156 0.020313
0 0.344141 0.555078 0.069531 0.144531
0 0.360938 0.588672 0.009375 0.017969
0 0.442578 0.613281 0.016406 0.045312
0 0.446484 0.619922 0.008594 0.017969
0 0.508594 0.640625 0.026562 0.150000
0 0.448828 0.641797 0.038281 0.139844
0 0.596484 0.068359 0.039844 0.071094
0 0.505859 0.685547 0.011719 0.014844
0 0.599219 0.007031 0.010937 0.014063
0 0.335547 0.758203 0.011719 0.019531
0 0.478516 0.769141 0.010156 0.016406
0 0.489453 0.777734 0.044531 0.067969
0 0.339453 0.780859 0.057031 0.061719
