0 0.462891 0.144531 0.088281 0.045312
0 0.255078 0.193750 0.110156 0.081250
0 0.289453 0.201563 0.013281 0.025000
0 0.423047 0.207422 0.011719 0.024219
0 0.397266 0.209766 0.088281 0.050781
0 0.330859 0.221484 0.014844 0.024219
0 0.310547 0.234766 0.099219 0.066406
0 0.227734 0.262109 0.011719 0.017969
0 0.206641 0.266797 0.097656 0.039844
0 0.410547 0.030078 0.074219 0.057031
0 0.327734 0.320703 0.011719 0.016406
0 0.798438 0.032031 0.034375 0.064062
0 0.305469 0.328906 0.085938 0.051562
0 0.182422 0.400000 0.017969 0.028125
0 0.162109 0.402344 0.105469 0.114062
0 0.494141 0.573828 0.010156 0.019531
0 0.468359 0.576953 0.108594 0.050781
0 0.301563 0.060547 0.012500 0.021094
0 0.177734 0.658984 0.064844 0.080469
0 0.295312 0.069531 0.065625 0.051562
0 0.808594 0.008594 0.014063 0.017188
