0 0.695703 0.926562 0.035156 0.075000
0 0.786328 0.929688 0.038281 0.050000
0 0.866016 0.941406 0.010156 0.020313
0 0.700781 0.941016 0.010937 0.019531
0 0.886328 0.943359 0.057031 0.105469
0 0.553906 0.946875 0.067187 0.078125
0 0.583203 0.973047 0.010156 0.024219
0 0.501172 0.099609 0.092969 0.083594
0 0.519141 0.107422 0.010156 0.017969
0 0.421094 0.153125 0.026562 0.053125
0 0.417187 0.160156 0.012500 0.023438
0 0.048047 0.220312 0.052344 0.078125
0 0.039453 0.222266 0.013281 0.019531
0 0.573047 0.244531 0.067969 0.079687
0 0.601562 0.260547 0.009375 0.017969
0 0.506250 0.299219 0.021875 0.054688
0 0.504687 0.303906 0.012500 0.020313
0 0.764062 0.331641 0.103125 0.066406
0 0.554297 0.332031 0.046094 0.073438
0 0.558984 0.338672 0.011719 0.021094
0 0.792969 0.348828 0.007812 0.016406
0 0.541016 0.387500 0.069531 0.075000
0 0.549609 0.398047 0.011719 0.021094
0 0.786719 0.414844 0.010937 0.020313
0 0.778516 0.419141 0.038281 0.078906
0 0.716016 0.447656 0.088281 0.073438
0 0.751953 0.457422 0.010156 0.017969
0 0.896484 0.488672 0.092969 0.039844
0 0.680469 0.493359 0.085938 0.067969
0 0.921094 0.498047 0.010937 0.021094
0 0.704688 0.504687 0.009375 0.018750
0 0.490625 0.526953 0.090625 0.078906
0 0.505859 0.541406 0.011719 0.023438
0 0.634766 0.583203 0.016406 0.025781
0 0.615234 0.592187 0.055469 0.053125
0 0.365234 0.690234 0.042969 0.058594
0 0.367188 0.690234 0.009375 0.017969
0 0.589453 0.691406 0.069531 0.045312
0 0.602734 0.701562 0.011719 0.021875
0 0.007422 0.706250 0.014844 0.025000
0 0.389453 0.778906 0.044531 0.070312
0 0.379688 0.794922 0.009375 0.017969
0 0.451172 0.831641 0.042969 0.057031
0 0.451953 0.849219 0.010156 0.020313
0 0.789453 0.921875 0.010156 0.018750
