0 0.721484 0.931641 0.055469 0.057031
0 0.733984 0.939844 0.011719 0.023438
0 0.627734 0.166797 0.102344 0.071094
0 0.655078 0.187109 0.010156 0.021094
0 0.605078 0.367969 0.066406 0.054688
0 0.726562 0.563281 0.046875 0.101562
0 0.593750 0.564453 0.059375 0.153906
0 0.740234 0.583203 0.011719 0.025781
0 0.631250 0.592187 0.040625 0.159375
0 0.668750 0.599219 0.012500 0.020313
0 0.772266 0.605469 0.072656 0.160938
0 0.697266 0.612109 0.044531 0.061719
0 0.666406 0.615625 0.039062 0.071875
0 0.785547 0.640625 0.011719 0.025000
0 0.574609 0.776172 0.011719 0.024219
0 0.565234 0.779297 0.039844 0.099219
