0 0.770312 0.103906 0.012500 0.023438
0 0.754297 0.128516 0.064844 0.085156
0 0.837500 0.311719 0.053125 0.054688
0 0.854297 0.314063 0.011719 0.018750
0 0.755859 0.346484 0.014844 0.017969
0 0.754297 0.354687 0.030469 0.081250
0 0.929297 0.401562 0.011719 0.018750
0 0.932422 0.403125 0.074219 0.046875
0 0.696484 0.414062 0.033594 0.068750
0 0.702734 0.416406 0.014844 0.020313
0 0.986328 0.473828 0.025781 0.132031
0 0.919141 0.485156 0.107031 0.076563
0 0.946094 0.490234 0.014063 0.024219
0 0.933594 0.529687 0.017188 0.021875
0 0.916797 0.531250 0.052344 0.053125
0 0.899219 0.570312 0.039062 0.059375
0 0.908984 0.580078 0.014844 0.016406
0 0.808594 0.641016 0.067187 0.041406
0 0.834375 0.641406 0.012500 0.023438
0 0.840234 0.739062 0.011719 0.018750
0 0.810156 0.753906 0.073438 0.101562
