0 0.114844 0.926172 0.026562 0.036719
0 0.082031 0.934766 0.164062 0.078906
0 0.133203 0.987500 0.050781 0.025000
0 0.303125 0.374609 0.015625 0.036719
0 0.235937 0.394922 0.156250 0.108594
0 0.249609 0.573828 0.021094 0.038281
0 0.203125 0.592969 0.181250 0.095312
0 0.433203 0.659766 0.088281 0.075781
0 0.152734 0.674219 0.021094 0.029687
0 0.448828 0.678516 0.016406 0.028906
0 0.101172 0.690625 0.155469 0.106250
0 0.442578 0.738672 0.103906 0.158594
0 0.313672 0.748047 0.021094 0.030469
0 0.480859 0.761719 0.021094 0.029687
0 0.264453 0.767188 0.160156 0.118750
0 0.096484 0.821484 0.024219 0.033594
0 0.067187 0.849219 0.134375 0.139063
