0 0.524219 0.109766 0.014063 0.032031
0 0.480859 0.120313 0.164844 0.078125
0 0.428906 0.243359 0.017188 0.033594
0 0.383203 0.251563 0.138281 0.081250
0 0.414453 0.363672 0.141406 0.086719
0 0.590625 0.364844 0.090625 0.198437
0 0.450391 0.385937 0.019531 0.031250
0 0.420312 0.446094 0.156250 0.070312
0 0.458984 0.447656 0.014844 0.029687
0 0.328906 0.510938 0.054688 0.081250
0 0.332813 0.510938 0.018750 0.031250
0 0.545703 0.530859 0.028906 0.036719
0 0.543359 0.541406 0.099219 0.101562
0 0.438672 0.541016 0.021094 0.035156
0 0.408984 0.569922 0.149219 0.114844
0 0.247656 0.648047 0.126562 0.133594
0 0.273047 0.677734 0.017969 0.030469
0 0.758984 0.785937 0.011719 0.031250
0 0.713672 0.832031 0.114844 0.126562
