0 0.722266 0.148828 0.075781 0.125781
0 0.739844 0.177734 0.014063 0.024219
0 0.683984 0.277734 0.102344 0.161719
0 0.857031 0.280859 0.073438 0.133594
0 0.658984 0.281250 0.036719 0.153125
0 0.658594 0.295703 0.014063 0.028906
0 0.724609 0.309375 0.011719 0.025000
0 0.826172 0.323828 0.086719 0.116406
0 0.886328 0.326172 0.013281 0.030469
0 0.694922 0.333203 0.067969 0.110156
0 0.651172 0.347266 0.011719 0.019531
0 0.850391 0.360547 0.013281 0.024219
0 0.803516 0.436719 0.110156 0.098437
0 0.639062 0.541406 0.050000 0.085938
0 0.657031 0.559375 0.014063 0.025000
0 0.980078 0.573438 0.016406 0.031250
0 0.964453 0.579688 0.069531 0.106250
