0 0.569141 0.196875 0.166406 0.118750
0 0.532813 0.199219 0.018750 0.035937
0 0.518750 0.305469 0.015625 0.029687
0 0.619141 0.332422 0.019531 0.039844
0 0.534766 0.363672 0.050781 0.192969
0 0.598047 0.398828 0.064844 0.178906
0 0.715625 0.429297 0.059375 0.155469
0 0.718359 0.458984 0.017969 0.033594
0 0.433984 0.475781 0.096094 0.095312
0 0.589844 0.513672 0.020313 0.036719
0 0.586328 0.517578 0.057031 0.110156
0 0.881641 0.623437 0.019531 0.034375
0 0.416016 0.640625 0.016406 0.031250
0 0.410547 0.646484 0.099219 0.136719
0 0.669141 0.671875 0.072656 0.140625
0 0.892969 0.674219 0.082812 0.160938
0 0.635938 0.810547 0.018750 0.033594
0 0.657813 0.863672 0.081250 0.224219
