0 0.498828 0.016406 0.016406 0.029687
0 0.741016 0.208203 0.016406 0.032031
0 0.765625 0.223438 0.096875 0.128125
0 0.648828 0.266016 0.072656 0.144531
0 0.670312 0.301172 0.015625 0.030469
0 0.485156 0.043750 0.042188 0.087500
0 0.734766 0.471875 0.113281 0.125000
0 0.850391 0.506250 0.016406 0.028125
0 0.726172 0.511328 0.017969 0.025781
0 0.813672 0.519141 0.111719 0.135156
0 0.580078 0.547656 0.019531 0.035937
0 0.674609 0.583203 0.017969 0.032031
0 0.590234 0.592187 0.055469 0.109375
0 0.711328 0.626172 0.125781 0.199219
0 0.655078 0.631641 0.016406 0.038281
0 0.661328 0.679688 0.038281 0.140625
0 0.617578 0.798047 0.013281 0.030469
0 0.665234 0.840234 0.114844 0.192969
0 0.969141 0.842187 0.013281 0.025000
0 0.976562 0.908984 0.043750 0.180469
