0 0.345703 0.029687 0.044531 0.059375
0 0.357422 0.032813 0.017969 0.034375
0 0.108984 0.315625 0.064844 0.178125
0 0.112891 0.382031 0.019531 0.035937
0 0.278516 0.424609 0.119531 0.236719
0 0.300781 0.469141 0.017188 0.032031
0 0.372656 0.488672 0.120313 0.099219
0 0.112500 0.500391 0.015625 0.032031
0 0.115625 0.536328 0.075000 0.113281
0 0.170703 0.544922 0.050781 0.108594
0 0.268359 0.550391 0.099219 0.207031
0 0.179297 0.565234 0.024219 0.033594
0 0.205078 0.580078 0.035156 0.091406
0 0.411719 0.594922 0.057813 0.136719
0 0.308594 0.609375 0.014063 0.031250
0 0.210938 0.609375 0.012500 0.025000
0 0.631250 0.688672 0.081250 0.099219
0 0.643750 0.696875 0.018750 0.028125
0 0.233984 0.763281 0.058594 0.148438
0 0.243359 0.791797 0.017969 0.030469
