0 0.729688 0.936328 0.181250 0.094531
0 0.057031 0.937500 0.114062 0.109375
0 0.080859 0.971875 0.017969 0.034375
0 0.467578 0.147656 0.178906 0.126562
0 0.523828 0.170313 0.016406 0.031250
0 0.439063 0.418750 0.021875 0.031250
0 0.393359 0.436328 0.177344 0.094531
0 0.353516 0.517188 0.019531 0.028125
0 0.315234 0.550000 0.146094 0.100000
0 0.689453 0.569141 0.019531 0.025781
0 0.470313 0.590625 0.018750 0.031250
0 0.426563 0.600391 0.159375 0.094531
0 0.649219 0.620703 0.139063 0.144531
0 0.679688 0.622656 0.015625 0.023438
0 0.636719 0.662500 0.114062 0.106250
0 0.317578 0.696875 0.016406 0.028125
0 0.276172 0.722656 0.146094 0.126562
0 0.328906 0.788672 0.017188 0.030469
0 0.292187 0.802734 0.162500 0.108594
0 0.343750 0.870703 0.021875 0.038281
0 0.316016 0.886719 0.153906 0.101562
0 0.233984 0.887500 0.017969 0.028125
0 0.189453 0.909375 0.138281 0.146875
0 0.778516 0.910547 0.019531 0.033594
