0 0.362109 0.012891 0.008594 0.019531
0 0.260156 0.173828 0.085938 0.069531
0 0.366016 0.017578 0.016406 0.035156
0 0.282813 0.180859 0.009375 0.017969
0 0.506641 0.225000 0.069531 0.090625
0 0.477734 0.245312 0.008594 0.018750
0 0.338672 0.032813 0.008594 0.018750
0 0.339062 0.039453 0.018750 0.035156
0 0.335547 0.396484 0.086719 0.074219
0 0.360547 0.396484 0.008594 0.014844
0 0.427734 0.409766 0.008594 0.016406
0 0.262109 0.419922 0.102344 0.055469
0 0.412109 0.419922 0.074219 0.064844
0 0.289062 0.423047 0.009375 0.017969
0 0.607031 0.044922 0.045312 0.036719
0 0.733984 0.454297 0.008594 0.017969
0 0.763672 0.460156 0.099219 0.060937
0 0.508594 0.466016 0.007812 0.016406
0 0.526953 0.468750 0.053906 0.068750
0 0.619531 0.046875 0.010937 0.018750
0 0.607422 0.473047 0.008594 0.014844
0 0.628516 0.482422 0.097656 0.071094
0 0.355078 0.510156 0.069531 0.029687
0 0.601953 0.067578 0.010156 0.016406
0 0.487891 0.807813 0.010156 0.015625
0 0.341016 0.811719 0.010156 0.020313
0 0.490234 0.820703 0.024219 0.053906
0 0.351562 0.835547 0.040625 0.083594
0 0.596484 0.088672 0.036719 0.064844
