0 0.480078 0.933984 0.032031 0.074219
0 0.478516 0.950000 0.010156 0.018750
0 0.427734 0.957031 0.036719 0.054688
0 0.424609 0.971484 0.008594 0.021094
0 0.730859 0.400391 0.014844 0.019531
0 0.336328 0.406250 0.010156 0.015625
0 0.312891 0.409766 0.085156 0.041406
0 0.753516 0.411719 0.107031 0.051562
0 0.479297 0.476953 0.011719 0.019531
0 0.540234 0.490234 0.092969 0.055469
0 0.180078 0.494531 0.013281 0.020313
0 0.149609 0.495703 0.114844 0.057031
0 0.459766 0.497656 0.075781 0.073438
0 0.503516 0.501172 0.013281 0.021094
0 0.575781 0.548438 0.098437 0.071875
0 0.550391 0.566406 0.013281 0.023438
0 0.735938 0.567578 0.012500 0.019531
0 0.765625 0.576562 0.128125 0.071875
0 0.229297 0.583984 0.099219 0.046094
0 0.271875 0.585156 0.012500 0.020313
