0 0.491797 0.451562 0.011719 0.018750
0 0.491016 0.455859 0.035156 0.092969
0 0.891797 0.517578 0.011719 0.019531
0 0.858984 0.520703 0.117969 0.057031
0 0.705859 0.551172 0.089844 0.061719
0 0.744922 0.551953 0.011719 0.019531
0 0.909766 0.589063 0.119531 0.053125
0 0.945703 0.590234 0.013281 0.024219
0 0.992188 0.789062 0.015625 0.025000
0 0.973047 0.835156 0.052344 0.151562
0 0.462109 0.853516 0.058594 0.075781
0 0.675391 0.872266 0.010156 0.019531
0 0.645703 0.873828 0.097656 0.116406
0 0.477734 0.881250 0.011719 0.018750
