0 0.390234 0.140625 0.064844 0.075000
0 0.283594 0.142187 0.123438 0.053125
0 0.311719 0.145703 0.014063 0.025781
0 0.412500 0.149219 0.009375 0.020313
0 0.198437 0.157812 0.112500 0.065625
0 0.104297 0.161719 0.124219 0.095312
0 0.223047 0.169141 0.014844 0.025781
0 0.134766 0.177734 0.010156 0.017969
0 0.449609 0.185156 0.058594 0.123438
0 0.358203 0.213281 0.107031 0.089063
0 0.277734 0.215625 0.083594 0.121875
0 0.310547 0.226953 0.011719 0.025781
0 0.469531 0.230469 0.010937 0.023438
0 0.395313 0.239844 0.012500 0.023438
0 0.501172 0.306641 0.108594 0.075781
0 0.532422 0.311719 0.011719 0.023438
0 0.212891 0.314063 0.116406 0.068750
0 0.241016 0.321875 0.013281 0.028125
0 0.482812 0.346875 0.096875 0.065625
0 0.509766 0.351562 0.013281 0.025000
0 0.368359 0.408984 0.117969 0.064844
0 0.401172 0.411719 0.014844 0.026562
0 0.166406 0.474609 0.010937 0.021094
0 0.303516 0.474609 0.013281 0.024219
0 0.274219 0.478125 0.110937 0.050000
0 0.131641 0.485938 0.122656 0.078125
0 0.182422 0.860938 0.014844 0.025000
0 0.291016 0.865234 0.057031 0.049219
0 0.289453 0.865625 0.016406 0.018750
0 0.397266 0.866797 0.094531 0.067969
0 0.422656 0.867188 0.014063 0.028125
0 0.175000 0.872266 0.046875 0.094531
0 0.235547 0.880859 0.011719 0.021094
0 0.236328 0.912109 0.047656 0.139844
