0 0.325781 0.170313 0.032813 0.118750
0 0.315234 0.212109 0.014844 0.024219
0 0.294922 0.328906 0.046094 0.045312
0 0.182422 0.330859 0.071094 0.039844
0 0.364453 0.395313 0.028906 0.068750
0 0.458984 0.424219 0.102344 0.051562
0 0.300000 0.424609 0.043750 0.055469
0 0.429297 0.430469 0.008594 0.014063
0 0.335156 0.438281 0.051562 0.045312
0 0.150000 0.443750 0.078125 0.053125
0 0.395703 0.508594 0.066406 0.048438
0 0.316016 0.641406 0.010156 0.020313
0 0.342969 0.655859 0.070312 0.049219
0 0.428516 0.731250 0.010156 0.015625
0 0.430859 0.759375 0.052344 0.075000
