0 0.242188 0.943750 0.031250 0.053125
0 0.231641 0.957031 0.010156 0.023438
0 0.711328 0.391406 0.103906 0.073438
0 0.003906 0.392969 0.007812 0.020313
0 0.740234 0.405469 0.011719 0.020313
0 0.426953 0.407422 0.094531 0.124219
0 0.021094 0.411328 0.042188 0.060156
0 0.533984 0.419141 0.011719 0.019531
0 0.505078 0.421484 0.103906 0.067969
0 0.457813 0.457422 0.009375 0.017969
0 0.689844 0.496484 0.120313 0.049219
0 0.573828 0.499609 0.091406 0.067969
0 0.014453 0.503516 0.028906 0.041406
0 0.719922 0.505859 0.011719 0.021094
0 0.608203 0.516016 0.010156 0.016406
0 0.018359 0.556641 0.036719 0.063281
0 0.641016 0.575781 0.010156 0.020313
0 0.616016 0.589453 0.100781 0.066406
0 0.724609 0.605078 0.102344 0.063281
0 0.752344 0.620313 0.014063 0.021875
0 0.416797 0.739453 0.042969 0.094531
0 0.417969 0.769141 0.010937 0.019531
