0 0.666016 0.957812 0.107031 0.043750
0 0.693750 0.960547 0.009375 0.021094
0 0.787109 0.270703 0.074219 0.113281
0 0.812891 0.301563 0.010156 0.021875
0 0.887891 0.349219 0.063281 0.135937
0 0.771875 0.377734 0.062500 0.099219
0 0.904297 0.393359 0.011719 0.021094
0 0.857422 0.442188 0.046094 0.068750
0 0.772656 0.489844 0.035937 0.170313
0 0.707031 0.526172 0.054688 0.086719
0 0.771484 0.528906 0.011719 0.029687
0 0.726953 0.540234 0.010156 0.021094
0 0.805078 0.566406 0.044531 0.064062
0 0.826172 0.612891 0.011719 0.019531
0 0.808594 0.620313 0.057813 0.053125
0 0.544922 0.816797 0.083594 0.083594
0 0.571875 0.825781 0.009375 0.020313
