0 0.770703 0.137500 0.013281 0.021875
0 0.747656 0.138672 0.067187 0.071094
0 0.767578 0.186719 0.035156 0.039062
0 0.776172 0.192969 0.011719 0.020313
0 0.786328 0.224219 0.082031 0.048438
0 0.842187 0.240625 0.037500 0.059375
0 0.851172 0.241797 0.011719 0.014844
0 0.745703 0.261328 0.041406 0.078906
0 0.678125 0.309766 0.043750 0.094531
0 0.724609 0.317188 0.061719 0.146875
0 0.811328 0.377344 0.050781 0.154688
0 0.819141 0.430078 0.010156 0.016406
0 0.579297 0.628125 0.011719 0.028125
0 0.556250 0.635547 0.075000 0.086719
0 0.973437 0.907422 0.053125 0.039844
0 0.969141 0.909766 0.010156 0.013281
