0 0.724219 0.184375 0.020313 0.034375
0 0.723828 0.194141 0.091406 0.125781
0 0.625391 0.264453 0.110156 0.116406
0 0.662109 0.286719 0.017969 0.029687
0 0.732812 0.400781 0.103125 0.079687
0 0.868359 0.452734 0.021094 0.024219
0 0.701953 0.475781 0.103906 0.085938
0 0.739453 0.482422 0.016406 0.030469
0 0.583203 0.497656 0.022656 0.035937
0 0.830078 0.515625 0.091406 0.156250
0 0.572266 0.550781 0.085156 0.195312
0 0.641406 0.556641 0.017188 0.032031
0 0.652344 0.589844 0.017188 0.029687
0 0.677344 0.606641 0.089063 0.141406
0 0.651953 0.628906 0.057031 0.123438
0 0.571484 0.717187 0.011719 0.025000
0 0.616406 0.776172 0.101562 0.146094
0 0.963281 0.881250 0.057813 0.215625
