0 0.221484 0.109766 0.096094 0.200781
0 0.183984 0.145703 0.014844 0.025781
0 0.294531 0.291797 0.123438 0.142969
0 0.384766 0.309766 0.088281 0.188281
0 0.239453 0.332813 0.016406 0.025000
0 0.549219 0.033594 0.064062 0.067187
0 0.360547 0.351562 0.017969 0.025000
0 0.421484 0.387891 0.077344 0.219531
0 0.403516 0.442188 0.016406 0.028125
0 0.285938 0.449219 0.140625 0.104688
0 0.552734 0.045312 0.014844 0.028125
0 0.242578 0.462500 0.016406 0.025000
0 0.212109 0.539844 0.049219 0.064062
0 0.198437 0.555859 0.012500 0.021094
0 0.603516 0.633594 0.091406 0.185938
0 0.212891 0.648438 0.060156 0.150000
0 0.305859 0.672656 0.058594 0.145313
0 0.567187 0.700781 0.018750 0.026562
0 0.205469 0.783203 0.104688 0.150781
0 0.160547 0.846094 0.011719 0.023438
