0 0.138672 0.986719 0.108594 0.026562
0 0.108203 0.988672 0.013281 0.021094
0 0.032422 0.373437 0.014844 0.021875
0 0.043359 0.383984 0.036719 0.058594
0 0.026562 0.474609 0.053125 0.067969
0 0.037891 0.558594 0.050781 0.064062
0 0.019141 0.558594 0.013281 0.023438
0 0.098828 0.609766 0.013281 0.025781
0 0.125781 0.651563 0.092188 0.178125
0 0.538672 0.788281 0.033594 0.070312
0 0.540234 0.804297 0.014844 0.024219
0 0.146094 0.805859 0.042188 0.058594
0 0.141406 0.808594 0.017188 0.023438
0 0.220703 0.810156 0.069531 0.054688
0 0.275391 0.811719 0.035156 0.060937
0 0.268359 0.813281 0.017969 0.023438
0 0.194531 0.816406 0.010937 0.023438
