0 0.475000 0.319141 0.009375 0.016406
0 0.483984 0.331641 0.008594 0.019531
0 0.470703 0.353516 0.050781 0.163281
0 0.565625 0.361328 0.012500 0.019531
0 0.450391 0.371875 0.060156 0.121875
0 0.578516 0.401172 0.047656 0.164844
0 0.349219 0.414844 0.010937 0.020313
0 0.330859 0.456250 0.061719 0.156250
0 0.404297 0.466406 0.027344 0.135937
0 0.483203 0.483594 0.010156 0.020313
0 0.487109 0.523047 0.046094 0.108594
0 0.431250 0.546875 0.081250 0.093750
0 0.405469 0.550781 0.054688 0.148438
0 0.371094 0.678906 0.014063 0.020313
0 0.388672 0.714844 0.055469 0.095312
