0 0.922266 0.959375 0.107031 0.053125
0 0.895703 0.959766 0.010156 0.016406
0 0.834766 0.294531 0.016406 0.020313
0 0.798828 0.300781 0.088281 0.060937
0 0.034375 0.379688 0.068750 0.081250
0 0.027344 0.392188 0.014063 0.025000
0 0.833203 0.421875 0.103906 0.050000
0 0.865625 0.434375 0.012500 0.018750
0 0.939844 0.435156 0.079687 0.089063
0 0.965625 0.451172 0.015625 0.021094
0 0.029297 0.452734 0.011719 0.021094
0 0.048828 0.460938 0.060156 0.068750
0 0.021875 0.482812 0.043750 0.065625
0 0.005469 0.491797 0.010937 0.021094
0 0.491406 0.503125 0.032813 0.056250
0 0.496094 0.503516 0.010937 0.019531
0 0.877344 0.544922 0.114062 0.046094
0 0.908203 0.547266 0.010156 0.019531
