0 0.358594 0.010156 0.014063 0.020313
0 0.360547 0.178516 0.014844 0.028906
0 0.364063 0.025000 0.034375 0.050000
0 0.360547 0.260156 0.046094 0.220312
0 0.857422 0.400000 0.136719 0.071875
0 0.818359 0.402344 0.017969 0.023438
0 0.985156 0.436719 0.029687 0.029687
0 0.873437 0.464453 0.159375 0.057031
0 0.836719 0.473047 0.014063 0.024219
0 0.030859 0.485938 0.017969 0.028125
0 0.037891 0.487891 0.072656 0.060156
0 0.939063 0.548828 0.121875 0.063281
0 0.920312 0.553516 0.015625 0.025781
0 0.015625 0.613281 0.018750 0.029687
0 0.016797 0.621484 0.033594 0.061719
