0 0.628516 0.106641 0.016406 0.060156
0 0.608203 0.108203 0.028906 0.063281
0 0.219531 0.155469 0.076563 0.089063
0 0.239063 0.168750 0.012500 0.018750
0 0.505078 0.246484 0.069531 0.083594
0 0.494141 0.276172 0.010156 0.021094
0 0.316797 0.387109 0.011719 0.017969
0 0.372266 0.038672 0.007031 0.011719
0 0.283984 0.394141 0.080469 0.069531
0 0.240234 0.432422 0.008594 0.017969
0 0.209766 0.435156 0.075781 0.048438
0 0.368359 0.443359 0.008594 0.014844
0 0.681250 0.451562 0.056250 0.031250
0 0.375000 0.046875 0.021875 0.025000
0 0.343750 0.457813 0.090625 0.040625
0 0.578516 0.490234 0.007031 0.014844
0 0.599609 0.490234 0.058594 0.042969
0 0.694922 0.491016 0.008594 0.016406
0 0.806641 0.493359 0.010156 0.017969
0 0.723047 0.496875 0.089844 0.046875
0 0.830078 0.496875 0.100781 0.050000
0 0.336328 0.538672 0.010156 0.017969
0 0.309375 0.550391 0.087500 0.060156
0 0.348828 0.056641 0.007031 0.013281
0 0.353516 0.058984 0.022656 0.030469
0 0.498047 0.832812 0.008594 0.015625
0 0.500000 0.843359 0.025000 0.039844
0 0.612500 0.086719 0.006250 0.014063
0 0.356250 0.862109 0.009375 0.017969
0 0.362109 0.875391 0.039844 0.063281
0 0.632422 0.088672 0.008594 0.011719
