0 0.360547 0.008984 0.008594 0.014844
0 0.362891 0.016406 0.019531 0.029687
0 0.297266 0.187109 0.010156 0.021094
0 0.275000 0.188281 0.084375 0.060937
0 0.335938 0.021094 0.009375 0.020313
0 0.505859 0.221094 0.074219 0.073438
0 0.475391 0.234375 0.010156 0.021875
0 0.337500 0.025781 0.021875 0.039062
0 0.611328 0.026172 0.010156 0.017969
0 0.602734 0.036328 0.030469 0.041406
0 0.349609 0.390625 0.071094 0.118750
0 0.369922 0.416797 0.011719 0.017969
0 0.423438 0.423047 0.065625 0.124219
0 0.569922 0.424609 0.064844 0.074219
0 0.281250 0.424219 0.068750 0.085938
0 0.308984 0.439844 0.011719 0.020313
0 0.722266 0.448437 0.091406 0.059375
0 0.697266 0.452734 0.010156 0.017969
0 0.505078 0.468750 0.053906 0.109375
0 0.606250 0.469922 0.062500 0.042969
0 0.441797 0.470703 0.011719 0.016406
0 0.484766 0.506250 0.010156 0.018750
0 0.388672 0.516797 0.058594 0.086719
0 0.410156 0.531250 0.010937 0.025000
0 0.603906 0.059375 0.007812 0.018750
0 0.339844 0.792188 0.010937 0.018750
0 0.485938 0.798438 0.009375 0.015625
0 0.351172 0.816797 0.042969 0.108594
0 0.490234 0.819141 0.024219 0.057031
0 0.599219 0.081641 0.035937 0.066406
