0 0.429297 0.126562 0.024219 0.043750
0 0.658984 0.151172 0.086719 0.124219
0 0.404297 0.166797 0.089844 0.230469
0 0.735547 0.190625 0.077344 0.250000
0 0.463672 0.207813 0.092969 0.281250
0 0.613281 0.220703 0.023438 0.044531
0 0.558594 0.223438 0.123438 0.206250
0 0.580078 0.340234 0.150781 0.324219
0 0.444922 0.369141 0.096094 0.119531
0 0.444922 0.375391 0.024219 0.044531
0 0.639062 0.450000 0.025000 0.050000
0 0.600391 0.478906 0.160156 0.129688
0 0.765234 0.513281 0.024219 0.035937
0 0.712109 0.583594 0.164844 0.226562
0 0.173047 0.885938 0.077344 0.153125
0 0.154688 0.898047 0.028125 0.039844
0 0.497656 0.091797 0.020313 0.039844
