0 0.692578 0.323047 0.025781 0.036719
0 0.543359 0.351953 0.021094 0.038281
0 0.646094 0.367578 0.154688 0.160156
0 0.666406 0.391016 0.167187 0.232031
0 0.517969 0.410938 0.104688 0.209375
0 0.814063 0.443359 0.015625 0.024219
0 0.457813 0.473438 0.018750 0.034375
0 0.775781 0.500781 0.126562 0.220312
0 0.439063 0.544141 0.100000 0.257031
0 0.516016 0.569922 0.016406 0.030469
0 0.478125 0.575000 0.096875 0.090625
0 0.587500 0.613281 0.018750 0.035937
0 0.223047 0.615234 0.017969 0.033594
0 0.205859 0.619141 0.117969 0.075781
0 0.910547 0.622656 0.017969 0.039062
0 0.632031 0.640234 0.089063 0.196094
0 0.548047 0.653125 0.152344 0.156250
0 0.846484 0.657813 0.171094 0.196875
