0 0.739453 0.095312 0.016406 0.028125
0 0.698438 0.094922 0.112500 0.111719
0 0.930469 0.141797 0.139063 0.171094
0 0.978125 0.165234 0.015625 0.030469
0 0.466797 0.221875 0.011719 0.018750
0 0.432422 0.241016 0.096094 0.103906
0 0.258594 0.284375 0.179688 0.146875
0 0.873828 0.307422 0.153906 0.092969
0 0.805859 0.316406 0.017969 0.035937
0 0.201172 0.319141 0.017969 0.028906
0 0.739062 0.033594 0.087500 0.067187
0 0.498828 0.377734 0.016406 0.030469
0 0.539844 0.403516 0.129688 0.091406
0 0.912109 0.639453 0.083594 0.085156
0 0.943359 0.658594 0.021094 0.039062
0 0.811328 0.701562 0.019531 0.034375
0 0.849609 0.717578 0.186719 0.128906
