0 0.362500 0.016016 0.018750 0.028906
0 0.334766 0.019531 0.010156 0.020313
0 0.309375 0.191406 0.009375 0.020313
0 0.285547 0.195703 0.080469 0.063281
0 0.507031 0.221094 0.073438 0.064062
0 0.334766 0.022656 0.022656 0.035937
0 0.473828 0.228906 0.010156 0.020313
0 0.612500 0.030078 0.009375 0.016406
0 0.599609 0.037109 0.036719 0.033594
0 0.362500 0.389062 0.056250 0.115625
0 0.544141 0.437500 0.066406 0.096875
0 0.382422 0.437109 0.011719 0.017969
0 0.661328 0.451562 0.010156 0.018750
0 0.304297 0.451953 0.061719 0.153906
0 0.684766 0.454688 0.085156 0.075000
0 0.524219 0.466016 0.010937 0.016406
0 0.319531 0.490234 0.010937 0.017969
0 0.562109 0.507812 0.064844 0.125000
0 0.446875 0.509766 0.031250 0.166406
0 0.482422 0.525391 0.039844 0.128906
0 0.544922 0.543750 0.008594 0.015625
0 0.451562 0.546484 0.009375 0.017969
0 0.412891 0.551953 0.047656 0.119531
0 0.470313 0.564063 0.009375 0.015625
0 0.431250 0.583203 0.009375 0.016406
0 0.610156 0.062109 0.007812 0.017969
0 0.361719 0.006641 0.010937 0.013281
0 0.338672 0.780859 0.011719 0.014844
0 0.482422 0.795703 0.008594 0.016406
0 0.347656 0.814844 0.042188 0.098437
0 0.489844 0.815234 0.026562 0.074219
0 0.600000 0.083984 0.034375 0.061719
