0 0.786328 0.940234 0.013281 0.021094
0 0.056641 0.986328 0.082031 0.025781
0 0.851172 0.364063 0.011719 0.018750
0 0.823438 0.374609 0.084375 0.086719
0 0.760156 0.446094 0.051562 0.079687
0 0.887109 0.455469 0.042969 0.073438
0 0.939063 0.470703 0.050000 0.075781
0 0.819141 0.481641 0.007031 0.019531
0 0.791797 0.501563 0.064844 0.065625
0 0.872656 0.506641 0.048438 0.060156
0 0.760547 0.563672 0.046094 0.067969
0 0.842969 0.569141 0.060937 0.075781
0 0.919531 0.587109 0.057813 0.108594
0 0.829297 0.591797 0.008594 0.021094
0 0.803516 0.614062 0.066406 0.081250
0 0.833984 0.639062 0.011719 0.021875
0 0.832812 0.653516 0.043750 0.085156
0 0.777344 0.069141 0.010937 0.016406
0 0.744531 0.073438 0.089063 0.106250
0 0.730078 0.765234 0.010156 0.024219
0 0.716016 0.808203 0.060156 0.128906
0 0.767969 0.925781 0.057813 0.070312
