0 0.481250 0.204687 0.025000 0.043750
0 0.484766 0.208203 0.007031 0.010156
0 0.176953 0.393359 0.007031 0.014844
0 0.178906 0.394531 0.032813 0.051562
0 0.180078 0.446484 0.010156 0.014844
0 0.132422 0.448828 0.008594 0.013281
0 0.140234 0.450000 0.027344 0.040625
0 0.184375 0.453906 0.031250 0.048438
0 0.837891 0.467578 0.010156 0.013281
0 0.848437 0.467969 0.053125 0.045312
0 0.899219 0.471484 0.026562 0.074219
0 0.901563 0.471484 0.009375 0.011719
0 0.187891 0.507031 0.028906 0.054688
0 0.183984 0.518359 0.008594 0.011719
0 0.846094 0.523438 0.023438 0.043750
0 0.844531 0.525781 0.007812 0.014063
0 0.898047 0.534375 0.071094 0.065625
0 0.880859 0.541797 0.008594 0.014844
0 0.515234 0.859375 0.064844 0.025000
0 0.498828 0.860547 0.007031 0.011719
0 0.989844 0.903906 0.020313 0.039062
