0 0.925391 0.966406 0.013281 0.023438
0 0.895703 0.972266 0.094531 0.053906
0 0.005859 0.381641 0.011719 0.019531
0 0.938672 0.386719 0.014844 0.029687
0 0.023828 0.389062 0.047656 0.068750
0 0.926562 0.393359 0.040625 0.086719
0 0.028906 0.416016 0.010937 0.016406
0 0.045703 0.426563 0.047656 0.059375
0 0.930859 0.494141 0.033594 0.060156
0 0.934766 0.497656 0.013281 0.023438
0 0.985156 0.498047 0.029687 0.139844
0 0.035547 0.501172 0.008594 0.017969
0 0.996484 0.501172 0.005469 0.024219
0 0.053125 0.505859 0.043750 0.058594
0 0.028516 0.554688 0.038281 0.103125
0 0.018359 0.557031 0.011719 0.020313
0 0.951172 0.560547 0.046094 0.074219
0 0.959375 0.572656 0.012500 0.023438
0 0.418750 0.834766 0.028125 0.075781
0 0.412109 0.862109 0.008594 0.017969
