0 0.342187 0.093359 0.043750 0.121094
0 0.061328 0.277734 0.078906 0.061719
0 0.084766 0.282031 0.016406 0.029687
0 0.180078 0.315234 0.010156 0.017969
0 0.148828 0.316406 0.075781 0.039062
0 0.522266 0.361328 0.063281 0.025781
0 0.175391 0.409375 0.013281 0.021875
0 0.137891 0.409766 0.088281 0.053906
0 0.032813 0.418359 0.065625 0.049219
0 0.466016 0.422266 0.010156 0.016406
0 0.500781 0.425781 0.082812 0.039062
0 0.619922 0.429297 0.099219 0.055469
0 0.039453 0.430859 0.013281 0.021094
0 0.587891 0.440234 0.013281 0.024219
0 0.528516 0.480859 0.088281 0.036719
0 0.507422 0.482422 0.008594 0.021094
0 0.346484 0.635547 0.011719 0.021094
0 0.362891 0.655859 0.047656 0.061719
0 0.421484 0.756250 0.014844 0.018750
0 0.424609 0.766406 0.049219 0.064062
