0 0.326172 0.975781 0.092969 0.048438
0 0.366797 0.980859 0.011719 0.024219
0 0.471484 0.132031 0.011719 0.023438
0 0.469922 0.157422 0.030469 0.080469
0 0.968359 0.434375 0.014844 0.025000
0 0.014063 0.434375 0.028125 0.053125
0 0.948438 0.444141 0.068750 0.069531
0 0.013281 0.503125 0.026562 0.053125
0 0.984766 0.506250 0.013281 0.021875
0 0.966016 0.508594 0.063281 0.079687
0 0.019531 0.580469 0.039062 0.064062
0 0.977734 0.586328 0.011719 0.016406
0 0.971094 0.587109 0.039062 0.086719
0 0.487500 0.743750 0.031250 0.068750
0 0.481641 0.768750 0.010156 0.018750
