0 0.868359 0.981641 0.064844 0.035156
0 0.583203 0.990625 0.022656 0.018750
0 0.585547 0.992188 0.008594 0.015625
0 0.405469 0.360156 0.010937 0.020313
0 0.404687 0.360938 0.028125 0.056250
0 0.718359 0.463672 0.011719 0.021094
0 0.810937 0.468359 0.012500 0.024219
0 0.633984 0.478125 0.033594 0.109375
0 0.798047 0.479297 0.042969 0.114844
0 0.703516 0.479297 0.094531 0.067969
0 0.641406 0.482422 0.010937 0.021094
0 0.893359 0.541016 0.042969 0.066406
0 0.894922 0.542578 0.014844 0.019531
0 0.597266 0.550391 0.016406 0.019531
0 0.596094 0.551953 0.064062 0.063281
0 0.814453 0.568359 0.060156 0.074219
0 0.690625 0.575391 0.009375 0.016406
0 0.683984 0.578516 0.030469 0.066406
0 0.837109 0.583594 0.014844 0.023438
0 0.791406 0.652344 0.051562 0.076563
0 0.675781 0.663281 0.045312 0.064062
0 0.807031 0.666016 0.010937 0.019531
0 0.684375 0.674219 0.012500 0.020313
0 0.736328 0.704688 0.053906 0.065625
0 0.748047 0.722656 0.014844 0.026562
