0 0.187109 0.944531 0.017969 0.035937
0 0.194141 0.944531 0.066406 0.110937
0 0.286328 0.286719 0.088281 0.110937
0 0.240234 0.355859 0.080469 0.096094
0 0.425391 0.500000 0.147656 0.225000
0 0.291016 0.536328 0.057031 0.144531
0 0.374609 0.564844 0.021094 0.035937
0 0.276172 0.577734 0.024219 0.033594
0 0.231641 0.584375 0.072656 0.231250
0 0.461719 0.606250 0.101562 0.134375
0 0.316016 0.651953 0.050781 0.103906
0 0.257422 0.855078 0.089844 0.128906
0 0.701953 0.919531 0.019531 0.035937
0 0.723437 0.923438 0.062500 0.153125
