0 0.230078 0.956250 0.019531 0.034375
0 0.623828 0.146484 0.125781 0.171094
0 0.435547 0.157422 0.089844 0.214844
0 0.407813 0.197266 0.015625 0.032031
0 0.577734 0.214062 0.030469 0.043750
0 0.466797 0.313672 0.102344 0.139844
0 0.425781 0.363672 0.017188 0.030469
0 0.292578 0.405078 0.132031 0.128906
0 0.253125 0.433594 0.015625 0.035937
0 0.547266 0.461328 0.116406 0.178906
0 0.511328 0.504297 0.016406 0.030469
0 0.397266 0.557813 0.157031 0.103125
0 0.359766 0.580859 0.025781 0.039844
0 0.591406 0.604688 0.129688 0.200000
0 0.442578 0.657813 0.119531 0.184375
0 0.560547 0.659766 0.017969 0.035156
0 0.263672 0.679688 0.139844 0.143750
0 0.409766 0.698828 0.019531 0.038281
0 0.231641 0.721875 0.019531 0.031250
0 0.670703 0.730469 0.107031 0.239063
0 0.294922 0.791797 0.102344 0.124219
0 0.628906 0.794531 0.017188 0.035937
0 0.264062 0.891406 0.093750 0.179688
