0 0.407813 0.928516 0.025000 0.088281
0 0.728125 0.937500 0.009375 0.015625
0 0.428125 0.118359 0.062500 0.055469
0 0.428516 0.137109 0.010156 0.017969
0 0.360156 0.448828 0.014063 0.019531
0 0.337891 0.454297 0.094531 0.058594
0 0.557813 0.460156 0.087500 0.051562
0 0.508594 0.503125 0.085938 0.065625
0 0.413672 0.506250 0.074219 0.065625
0 0.474219 0.510156 0.010937 0.020313
0 0.250000 0.512500 0.093750 0.046875
0 0.273047 0.512500 0.011719 0.015625
0 0.550391 0.582422 0.085156 0.049219
0 0.353906 0.606641 0.089063 0.057031
0 0.430469 0.790625 0.010937 0.018750
0 0.428516 0.826953 0.032031 0.100781
0 0.723047 0.911328 0.046094 0.075781
0 0.130469 0.915234 0.014063 0.024219
0 0.132031 0.914844 0.039062 0.079687
