0 0.440625 0.427344 0.028125 0.045312
0 0.903516 0.511719 0.072656 0.364063
0 0.881250 0.596875 0.021875 0.043750
0 0.732031 0.630859 0.176563 0.186719
0 0.453125 0.666016 0.046875 0.282031
0 0.492578 0.665625 0.075781 0.275000
0 0.163672 0.669531 0.158594 0.329688
0 0.670703 0.694141 0.022656 0.038281
0 0.515234 0.755078 0.121094 0.263281
0 0.208984 0.765625 0.021094 0.040625
0 0.387500 0.781250 0.121875 0.275000
0 0.456641 0.784375 0.022656 0.034375
0 0.480469 0.788281 0.014063 0.029687
0 0.474219 0.858594 0.023438 0.054688
0 0.143750 0.089063 0.137500 0.178125
0 0.431641 0.892188 0.025781 0.053125
