0 0.645703 0.940625 0.016406 0.031250
0 0.401953 0.142187 0.019531 0.043750
0 0.628125 0.145703 0.168750 0.188281
0 0.342578 0.176563 0.141406 0.159375
0 0.380469 0.273828 0.167187 0.200781
0 0.469922 0.309375 0.071094 0.109375
0 0.343750 0.333984 0.021875 0.046094
0 0.445703 0.340234 0.019531 0.036719
0 0.589453 0.426563 0.063281 0.184375
0 0.364453 0.436328 0.128906 0.116406
0 0.472266 0.446484 0.025781 0.036719
0 0.585156 0.494531 0.023438 0.039062
0 0.519922 0.504687 0.146094 0.209375
0 0.411328 0.520312 0.019531 0.040625
0 0.431641 0.535937 0.107031 0.134375
0 0.692187 0.601172 0.200000 0.099219
0 0.636328 0.618750 0.019531 0.034375
0 0.581641 0.078516 0.025781 0.041406
0 0.501953 0.855859 0.122656 0.089844
0 0.489063 0.863672 0.021875 0.036719
0 0.691016 0.908984 0.147656 0.180469
