0 0.630859 0.160156 0.089844 0.104688
0 0.695703 0.176172 0.069531 0.139844
0 0.658984 0.192969 0.011719 0.020313
0 0.725781 0.205078 0.014063 0.025781
0 0.573047 0.391797 0.080469 0.058594
0 0.482422 0.461719 0.089844 0.054688
0 0.514844 0.467969 0.010937 0.020313
0 0.620703 0.473828 0.063281 0.060156
0 0.687891 0.505469 0.075781 0.076563
0 0.588281 0.536719 0.010937 0.023438
0 0.723047 0.541406 0.052344 0.051562
0 0.738672 0.551172 0.008594 0.021094
0 0.557422 0.554297 0.067969 0.086719
0 0.674609 0.568750 0.036719 0.125000
0 0.627344 0.593750 0.007812 0.018750
0 0.601953 0.610938 0.066406 0.068750
0 0.762109 0.633984 0.011719 0.024219
0 0.746484 0.648047 0.077344 0.108594
0 0.418359 0.655078 0.077344 0.050781
0 0.450391 0.657422 0.010156 0.021094
