0 0.388672 0.256250 0.111719 0.171875
0 0.448437 0.027734 0.084375 0.055469
0 0.311328 0.323828 0.022656 0.035156
0 0.292578 0.330469 0.107031 0.210938
0 0.497266 0.338281 0.013281 0.023438
0 0.349609 0.377344 0.011719 0.026562
0 0.483984 0.391016 0.052344 0.238281
0 0.699219 0.410547 0.017188 0.030469
0 0.333984 0.437500 0.052344 0.146875
0 0.670703 0.477734 0.082031 0.255469
0 0.309766 0.515234 0.016406 0.030469
0 0.304297 0.550781 0.036719 0.135937
0 0.297656 0.618750 0.014063 0.028125
0 0.608594 0.631250 0.014063 0.028125
0 0.294922 0.641797 0.052344 0.086719
0 0.622266 0.687109 0.057031 0.239844
0 0.341016 0.752344 0.016406 0.026562
0 0.206641 0.759375 0.016406 0.031250
0 0.223828 0.786328 0.075781 0.116406
0 0.329688 0.798047 0.075000 0.208594
0 0.439063 0.816016 0.012500 0.025781
0 0.464453 0.846094 0.082031 0.176563
