0 0.405469 0.986328 0.029687 0.025781
0 0.062891 0.467187 0.013281 0.025000
0 0.083984 0.475000 0.058594 0.065625
0 0.318750 0.521484 0.012500 0.024219
0 0.114062 0.534766 0.043750 0.063281
0 0.103516 0.539062 0.013281 0.018750
0 0.330469 0.548828 0.060937 0.138281
0 0.173828 0.558203 0.013281 0.028906
0 0.267578 0.583594 0.044531 0.114062
0 0.191016 0.585156 0.103906 0.145313
0 0.432422 0.607422 0.014844 0.021094
0 0.435547 0.614062 0.052344 0.093750
0 0.263281 0.625391 0.014063 0.025781
0 0.573828 0.631641 0.041406 0.066406
0 0.576172 0.644531 0.011719 0.029687
0 0.202734 0.653906 0.011719 0.026562
0 0.162500 0.667578 0.012500 0.028906
0 0.338672 0.668359 0.014844 0.024219
0 0.344922 0.685937 0.077344 0.078125
0 0.218750 0.694141 0.062500 0.138281
0 0.173047 0.712500 0.042969 0.134375
0 0.144531 0.861719 0.032813 0.073438
0 0.350391 0.864453 0.013281 0.025781
0 0.143359 0.865625 0.011719 0.025000
0 0.383984 0.880469 0.105469 0.089063
