0 0.026172 0.966797 0.052344 0.064844
0 0.024609 0.982422 0.011719 0.021094
0 0.575391 0.299219 0.085156 0.064062
0 0.556250 0.307812 0.012500 0.021875
0 0.634766 0.381250 0.010156 0.025000
0 0.647656 0.385547 0.073438 0.058594
0 0.550781 0.435937 0.010937 0.021875
0 0.573438 0.441797 0.059375 0.064844
0 0.989844 0.456250 0.020313 0.075000
0 0.660156 0.483984 0.067187 0.067969
0 0.640625 0.494141 0.012500 0.019531
0 0.558984 0.546484 0.011719 0.021094
0 0.942578 0.569141 0.078906 0.088281
0 0.595313 0.575781 0.093750 0.089063
0 0.950391 0.582812 0.010156 0.021875
