0 0.816406 0.972656 0.010937 0.023438
0 0.811328 0.974219 0.028906 0.051562
0 0.897266 0.264453 0.072656 0.044531
0 0.916016 0.268359 0.013281 0.030469
0 0.921484 0.467578 0.071094 0.050781
0 0.901953 0.470703 0.013281 0.016406
0 0.957812 0.525000 0.084375 0.053125
0 0.985156 0.526172 0.014063 0.021094
0 0.934375 0.562109 0.015625 0.021094
0 0.942969 0.563672 0.085938 0.071094
0 0.742969 0.585938 0.101562 0.043750
0 0.715234 0.590625 0.011719 0.021875
0 0.988281 0.635547 0.023438 0.124219
0 0.757422 0.649219 0.067969 0.064062
0 0.767969 0.664844 0.014063 0.023438
0 0.816797 0.775781 0.046094 0.051562
0 0.822266 0.784375 0.010156 0.021875
