0 0.757812 0.990625 0.075000 0.018750
0 0.452344 0.193359 0.007812 0.014844
0 0.454297 0.194531 0.027344 0.048438
0 0.017578 0.406641 0.010156 0.016406
0 0.974219 0.407813 0.039062 0.071875
0 0.987109 0.411328 0.011719 0.019531
0 0.028906 0.412109 0.045312 0.046094
0 0.994141 0.464453 0.010156 0.038281
0 0.058203 0.465625 0.041406 0.046875
0 0.051562 0.471875 0.012500 0.015625
0 0.011719 0.487891 0.023438 0.041406
0 0.044141 0.529297 0.044531 0.049219
0 0.965234 0.536328 0.039844 0.050781
0 0.976953 0.537109 0.010156 0.017969
0 0.027734 0.537500 0.011719 0.021875
0 0.994531 0.547656 0.010937 0.026562
