0 0.659375 0.099219 0.134375 0.076563
0 0.326953 0.180078 0.100781 0.088281
0 0.369141 0.189844 0.013281 0.029687
0 0.722266 0.026172 0.016406 0.036719
0 0.850391 0.277734 0.013281 0.021094
0 0.875391 0.317578 0.010156 0.019531
0 0.846484 0.348828 0.042969 0.169531
0 0.876172 0.369141 0.030469 0.194531
0 0.683984 0.042969 0.124219 0.076563
0 0.433984 0.430469 0.014844 0.023438
0 0.630078 0.446875 0.013281 0.025000
0 0.395703 0.447656 0.116406 0.114062
0 0.590234 0.467187 0.130469 0.084375
0 0.704297 0.474219 0.071094 0.114062
0 0.608594 0.537891 0.010937 0.016406
0 0.573047 0.574609 0.083594 0.092969
0 0.728125 0.609766 0.015625 0.025781
0 0.698438 0.630469 0.121875 0.070312
0 0.491406 0.750391 0.010937 0.035156
0 0.696484 0.078125 0.014844 0.025000
0 0.882812 0.770703 0.012500 0.032031
0 0.446484 0.774219 0.102344 0.089063
0 0.836328 0.825781 0.107031 0.139063
