0 0.270703 0.278516 0.069531 0.128906
0 0.282813 0.316406 0.018750 0.020313
0 0.376953 0.425391 0.103906 0.157031
0 0.401172 0.457422 0.011719 0.024219
0 0.350391 0.476172 0.057031 0.130469
0 0.371875 0.526172 0.012500 0.021094
0 0.237891 0.562891 0.097656 0.110156
0 0.321484 0.582812 0.071094 0.140625
0 0.268750 0.603516 0.015625 0.028906
0 0.323437 0.613672 0.015625 0.030469
0 0.496484 0.621484 0.071094 0.167969
0 0.514062 0.680859 0.012500 0.024219
0 0.442578 0.682422 0.141406 0.111719
0 0.451172 0.712891 0.124219 0.069531
0 0.383984 0.795703 0.033594 0.082031
0 0.391406 0.807813 0.017188 0.025000
0 0.617578 0.887109 0.010156 0.021094
0 0.594141 0.894531 0.063281 0.095312
