0 0.368359 0.009766 0.008594 0.016406
0 0.369922 0.018359 0.014844 0.033594
0 0.501953 0.226172 0.028906 0.071094
0 0.501953 0.234375 0.010156 0.018750
0 0.343359 0.026562 0.008594 0.015625
0 0.134375 0.301953 0.078125 0.085156
0 0.146484 0.322266 0.011719 0.019531
0 0.344141 0.035156 0.019531 0.039062
0 0.099609 0.398828 0.030469 0.063281
0 0.107813 0.414062 0.009375 0.018750
0 0.826172 0.436328 0.077344 0.057031
0 0.804688 0.442188 0.009375 0.018750
0 0.947266 0.476953 0.010156 0.016406
0 0.183203 0.476953 0.010156 0.019531
0 0.956250 0.481250 0.062500 0.053125
0 0.161328 0.480859 0.100781 0.071094
0 0.880469 0.483594 0.073438 0.051562
0 0.860938 0.492578 0.009375 0.016406
0 0.762109 0.507422 0.008594 0.014844
0 0.787500 0.516406 0.090625 0.054688
0 0.596094 0.054297 0.032813 0.080469
0 0.156250 0.541016 0.096875 0.041406
0 0.631641 0.060547 0.010156 0.017969
0 0.600781 0.061719 0.007812 0.014063
0 0.150781 0.063672 0.010937 0.021094
0 0.630469 0.068750 0.023438 0.071875
0 0.154297 0.071094 0.024219 0.039062
0 0.496875 0.821484 0.031250 0.049219
0 0.498047 0.825391 0.008594 0.016406
0 0.373047 0.838672 0.039844 0.089844
0 0.364063 0.852734 0.009375 0.017969
