0 0.630078 0.094922 0.022656 0.071094
0 0.610938 0.098047 0.025000 0.058594
0 0.196484 0.117969 0.064844 0.101562
0 0.214453 0.136328 0.010156 0.019531
0 0.513672 0.236719 0.058594 0.085938
0 0.501563 0.267578 0.009375 0.019531
0 0.377344 0.031250 0.010937 0.018750
0 0.377734 0.035937 0.017969 0.028125
0 0.251563 0.378125 0.093750 0.075000
0 0.276172 0.382812 0.008594 0.015625
0 0.219531 0.428516 0.010937 0.019531
0 0.183984 0.436328 0.080469 0.053906
0 0.712109 0.440234 0.089844 0.039844
0 0.692578 0.442969 0.007031 0.014063
0 0.304297 0.451172 0.077344 0.064844
0 0.341406 0.453906 0.007812 0.014063
0 0.354297 0.046484 0.008594 0.014844
0 0.844922 0.489453 0.011719 0.016406
0 0.742969 0.492188 0.010937 0.015625
0 0.867578 0.491016 0.097656 0.044531
0 0.620703 0.496484 0.007031 0.014844
0 0.765234 0.496094 0.096094 0.051562
0 0.648828 0.499219 0.082031 0.051562
0 0.357422 0.052344 0.021094 0.029687
0 0.301953 0.539062 0.007031 0.015625
0 0.277734 0.541797 0.096094 0.049219
0 0.616406 0.075781 0.007812 0.014063
0 0.637109 0.081641 0.008594 0.019531
0 0.501563 0.828516 0.009375 0.016406
0 0.503125 0.836328 0.025000 0.041406
0 0.360547 0.858984 0.008594 0.017969
0 0.364453 0.860938 0.035156 0.071875
