0 0.569531 0.957812 0.051562 0.053125
0 0.585547 0.964844 0.011719 0.020313
0 0.494922 0.121094 0.011719 0.020313
0 0.464844 0.120703 0.101562 0.063281
0 0.533984 0.445312 0.011719 0.018750
0 0.510547 0.481641 0.080469 0.091406
0 0.639062 0.494922 0.068750 0.092969
0 0.699609 0.549609 0.036719 0.167969
0 0.601953 0.559375 0.010156 0.018750
0 0.653125 0.582031 0.068750 0.070312
0 0.587891 0.589453 0.041406 0.094531
0 0.479297 0.609375 0.011719 0.028125
0 0.453125 0.625781 0.096875 0.079687
0 0.771484 0.626172 0.011719 0.017969
0 0.476562 0.648047 0.012500 0.017969
0 0.743359 0.650391 0.077344 0.094531
0 0.459375 0.676562 0.093750 0.156250
0 0.625391 0.678125 0.060156 0.084375
0 0.613672 0.708203 0.008594 0.016406
0 0.582422 0.712500 0.092969 0.103125
0 0.552344 0.774609 0.014063 0.021094
0 0.527734 0.789844 0.099219 0.070312
0 0.607422 0.868359 0.014844 0.024219
0 0.576172 0.872656 0.114844 0.085938
