0 0.295312 0.954688 0.081250 0.090625
0 0.376953 0.380859 0.010156 0.017969
0 0.354297 0.386328 0.105469 0.038281
0 0.744922 0.423438 0.014844 0.025000
0 0.787500 0.423047 0.100000 0.055469
0 0.708203 0.491406 0.013281 0.020313
0 0.736328 0.492578 0.103906 0.038281
0 0.395703 0.501953 0.103906 0.038281
0 0.424609 0.504687 0.011719 0.018750
0 0.257031 0.506250 0.014063 0.028125
0 0.891406 0.511328 0.107813 0.053906
0 0.855859 0.516406 0.011719 0.023438
0 0.233203 0.516016 0.122656 0.050781
0 0.806641 0.577734 0.116406 0.058594
0 0.775391 0.579688 0.013281 0.021875
0 0.326953 0.584375 0.119531 0.050000
0 0.361328 0.584375 0.013281 0.018750
0 0.432031 0.838281 0.010937 0.020313
0 0.508984 0.841406 0.011719 0.020313
0 0.516797 0.847266 0.049219 0.063281
0 0.402344 0.863672 0.095312 0.105469
0 0.140625 0.899609 0.059375 0.080469
0 0.142578 0.905469 0.013281 0.023438
