0 0.814453 0.095312 0.088281 0.115625
0 0.816797 0.137500 0.014844 0.025000
0 0.641016 0.154688 0.053906 0.059375
0 0.654297 0.165234 0.014844 0.024219
0 0.705078 0.197656 0.050781 0.064062
0 0.764453 0.214062 0.075781 0.184375
0 0.589844 0.236328 0.032813 0.060156
0 0.754297 0.239453 0.014844 0.025781
0 0.656641 0.344531 0.038281 0.101562
0 0.660547 0.373828 0.011719 0.025781
0 0.604297 0.537500 0.011719 0.025000
0 0.942578 0.538672 0.113281 0.092969
0 0.915625 0.545703 0.012500 0.019531
0 0.638672 0.589063 0.080469 0.134375
