0 0.396875 0.929688 0.015625 0.028125
0 0.412891 0.938281 0.075781 0.123438
0 0.496875 0.952344 0.050000 0.095312
0 0.584766 0.966016 0.013281 0.025781
0 0.598047 0.970313 0.067969 0.059375
0 0.560547 0.435937 0.146094 0.090625
0 0.528125 0.453125 0.015625 0.021875
0 0.109766 0.484766 0.116406 0.113281
0 0.743359 0.487500 0.152344 0.084375
0 0.235937 0.490625 0.081250 0.106250
0 0.703125 0.510938 0.015625 0.031250
0 0.029687 0.521875 0.059375 0.115625
0 0.266797 0.524219 0.017969 0.020313
0 0.036328 0.538672 0.016406 0.033594
0 0.204297 0.596875 0.077344 0.109375
0 0.453516 0.620313 0.094531 0.153125
0 0.237109 0.635547 0.011719 0.024219
0 0.564453 0.661719 0.107031 0.098437
0 0.428125 0.670312 0.012500 0.028125
0 0.537891 0.690234 0.010156 0.030469
0 0.468750 0.008594 0.037500 0.017188
