0 0.800391 0.967187 0.035156 0.053125
0 0.468750 0.214062 0.018750 0.031250
0 0.602734 0.250781 0.021094 0.029687
0 0.469141 0.272656 0.044531 0.151562
0 0.595703 0.305078 0.122656 0.135156
0 0.215234 0.389844 0.021094 0.048438
0 0.217969 0.427344 0.067187 0.126562
0 0.426172 0.441016 0.024219 0.053906
0 0.032813 0.443359 0.021875 0.042969
0 0.277734 0.488672 0.027344 0.055469
0 0.433594 0.505078 0.129688 0.182031
0 0.053516 0.529297 0.091406 0.267969
0 0.279687 0.589063 0.115625 0.253125
0 0.792578 0.853516 0.078906 0.291406
