0 0.727734 0.389453 0.017969 0.028906
0 0.691406 0.421875 0.157812 0.134375
0 0.602344 0.440625 0.017188 0.028125
0 0.674609 0.473047 0.114844 0.111719
0 0.575391 0.486719 0.110156 0.226562
0 0.830859 0.544531 0.021094 0.035937
0 0.564453 0.591016 0.078906 0.135156
0 0.518359 0.605078 0.017969 0.035156
0 0.596484 0.608984 0.014844 0.036719
0 0.788281 0.612500 0.117188 0.171875
0 0.505859 0.631250 0.080469 0.181250
0 0.300391 0.640625 0.053906 0.096875
0 0.309375 0.656641 0.015625 0.025781
0 0.953516 0.673828 0.019531 0.032031
0 0.616016 0.692969 0.019531 0.035937
0 0.894922 0.705859 0.192969 0.124219
0 0.578516 0.718359 0.138281 0.108594
0 0.698828 0.720313 0.153906 0.178125
