0 0.758984 0.980469 0.042969 0.039062
0 0.607422 0.221484 0.011719 0.021094
0 0.615234 0.228516 0.042969 0.063281
0 0.752734 0.473828 0.014844 0.028906
0 0.589453 0.489063 0.041406 0.106250
0 0.768359 0.514844 0.077344 0.148438
0 0.560937 0.532813 0.050000 0.143750
0 0.584766 0.550781 0.013281 0.029687
0 0.592187 0.573438 0.053125 0.090625
0 0.706250 0.599609 0.012500 0.024219
0 0.632812 0.632031 0.012500 0.020313
0 0.705078 0.639062 0.047656 0.209375
0 0.628516 0.645312 0.028906 0.050000
0 0.778125 0.661328 0.012500 0.016406
0 0.776172 0.682422 0.052344 0.117969
0 0.606250 0.703516 0.012500 0.019531
0 0.630859 0.726562 0.102344 0.125000
0 0.548828 0.856641 0.013281 0.019531
0 0.560547 0.874219 0.052344 0.129688
