0 0.508594 0.119531 0.007812 0.014063
0 0.480859 0.123828 0.089844 0.041406
0 0.741797 0.153516 0.008594 0.019531
0 0.716406 0.158203 0.101562 0.044531
0 0.724219 0.367578 0.020313 0.132031
0 0.729688 0.386328 0.009375 0.019531
0 0.673828 0.410938 0.010156 0.018750
0 0.556250 0.042969 0.021875 0.085938
0 0.550391 0.427734 0.010156 0.017969
0 0.745703 0.432031 0.010156 0.014063
0 0.532422 0.445312 0.049219 0.075000
0 0.656641 0.450781 0.044531 0.098437
0 0.732812 0.477344 0.037500 0.104688
0 0.633984 0.575781 0.008594 0.020313
0 0.756250 0.575391 0.009375 0.016406
0 0.465625 0.577734 0.009375 0.014844
0 0.693359 0.586328 0.008594 0.016406
0 0.742188 0.599609 0.037500 0.096094
0 0.624609 0.622656 0.039844 0.170313
0 0.687109 0.630859 0.052344 0.167969
0 0.446484 0.636328 0.046094 0.138281
0 0.732422 0.729297 0.008594 0.014844
0 0.714844 0.749609 0.051562 0.055469
