0 0.438672 0.254297 0.021094 0.036719
0 0.602734 0.258203 0.014844 0.025781
0 0.538672 0.300391 0.146094 0.132031
0 0.418750 0.314063 0.131250 0.203125
0 0.559375 0.333984 0.165625 0.158594
0 0.731641 0.338672 0.016406 0.024219
0 0.327734 0.350000 0.021094 0.028125
0 0.701172 0.397266 0.117969 0.175781
0 0.310156 0.439453 0.117188 0.303906
0 0.364844 0.519531 0.014063 0.035937
0 0.505859 0.535547 0.014844 0.033594
0 0.333203 0.544922 0.078906 0.105469
0 0.517969 0.550391 0.135937 0.175781
0 0.808203 0.560547 0.019531 0.033594
0 0.471094 0.566406 0.157812 0.126562
0 0.108984 0.568750 0.021094 0.028125
0 0.068359 0.589844 0.133594 0.120313
0 0.746094 0.607812 0.142187 0.134375
