0 0.696484 0.141797 0.011719 0.021094
0 0.635547 0.154297 0.067969 0.114844
0 0.647266 0.162891 0.013281 0.025781
0 0.709375 0.183984 0.075000 0.214844
0 0.781641 0.186328 0.128906 0.119531
0 0.869922 0.201563 0.111719 0.190625
0 0.812891 0.212500 0.013281 0.021875
0 0.909766 0.241406 0.013281 0.023438
0 0.371875 0.280859 0.106250 0.099219
0 0.839453 0.298828 0.094531 0.085156
0 0.345703 0.299219 0.013281 0.023438
0 0.798047 0.324219 0.011719 0.020313
0 0.446094 0.332422 0.042188 0.117969
0 0.432422 0.377344 0.014844 0.023438
0 0.513281 0.382812 0.014063 0.025000
0 0.533203 0.392969 0.069531 0.123438
0 0.798047 0.569531 0.064844 0.070312
0 0.813672 0.590234 0.014844 0.024219
0 0.821094 0.639844 0.014063 0.026562
0 0.865234 0.654687 0.114844 0.090625
0 0.928125 0.828906 0.015625 0.020313
0 0.887891 0.851953 0.116406 0.135156
