0 0.695703 0.123438 0.013281 0.025000
0 0.689453 0.178516 0.038281 0.132031
0 0.437109 0.260937 0.011719 0.015625
0 0.469141 0.280078 0.075781 0.063281
0 0.436328 0.288672 0.013281 0.021094
0 0.454297 0.300391 0.067969 0.075781
0 0.412109 0.352344 0.011719 0.020313
0 0.417578 0.357031 0.038281 0.070312
0 0.263672 0.361328 0.055469 0.063281
0 0.279297 0.371875 0.011719 0.015625
0 0.328516 0.403125 0.016406 0.021875
0 0.312891 0.404297 0.078906 0.083594
0 0.332422 0.408594 0.030469 0.051562
0 0.548438 0.464844 0.012500 0.020313
0 0.565234 0.470313 0.071094 0.059375
0 0.471094 0.482422 0.010937 0.021094
0 0.482422 0.507422 0.061719 0.099219
0 0.326953 0.548828 0.072656 0.063281
0 0.298828 0.562500 0.013281 0.025000
0 0.632812 0.826172 0.053125 0.071094
0 0.632422 0.839453 0.014844 0.025781
