0 0.596484 0.947656 0.049219 0.070312
0 0.552344 0.951562 0.045312 0.068750
0 0.555078 0.971875 0.010156 0.025000
0 0.684766 0.675000 0.063281 0.071875
0 0.685547 0.678906 0.011719 0.020313
0 0.543359 0.683984 0.011719 0.024219
0 0.539844 0.687109 0.048438 0.092969
0 0.438281 0.745703 0.014063 0.025781
0 0.644141 0.771484 0.013281 0.024219
0 0.627344 0.784766 0.064062 0.094531
0 0.439844 0.787109 0.064062 0.142969
0 0.499219 0.830078 0.010937 0.025781
0 0.522266 0.850000 0.010156 0.021875
0 0.511719 0.862109 0.064062 0.096094
0 0.560547 0.867188 0.011719 0.025000
0 0.560937 0.873828 0.043750 0.069531
0 0.619531 0.880859 0.010937 0.024219
0 0.608594 0.882812 0.048438 0.096875
