0 0.608984 0.093750 0.017969 0.025000
0 0.357031 0.157812 0.014063 0.015625
0 0.639844 0.178516 0.107813 0.250781
0 0.443359 0.189062 0.021094 0.021875
0 0.638672 0.189062 0.024219 0.046875
0 0.441797 0.245312 0.061719 0.221875
0 0.555859 0.260156 0.067969 0.151562
0 0.648047 0.269141 0.055469 0.210156
0 0.358203 0.271875 0.072656 0.243750
0 0.575781 0.316016 0.020313 0.038281
0 0.590625 0.347266 0.018750 0.041406
0 0.547266 0.462891 0.157031 0.307031
0 0.391406 0.592578 0.023438 0.044531
0 0.669141 0.646094 0.022656 0.060937
0 0.348828 0.647266 0.153906 0.282031
0 0.607422 0.707031 0.164844 0.185938
0 0.756641 0.736328 0.022656 0.038281
0 0.692578 0.816406 0.197656 0.279687
