0 0.471484 0.934766 0.008594 0.016406
0 0.888672 0.288281 0.011719 0.023438
0 0.868359 0.302734 0.080469 0.071094
0 0.803125 0.378906 0.012500 0.023438
0 0.900000 0.380859 0.012500 0.021094
0 0.864062 0.388281 0.100000 0.089063
0 0.803516 0.391406 0.041406 0.064062
0 0.960547 0.428906 0.017969 0.020313
0 0.818359 0.440234 0.011719 0.021094
0 0.961328 0.441016 0.075781 0.057031
0 0.812109 0.450781 0.064844 0.045312
0 0.955859 0.489063 0.036719 0.065625
0 0.966016 0.491406 0.013281 0.020313
0 0.855078 0.501953 0.038281 0.082031
0 0.868750 0.508594 0.012500 0.020313
0 0.956250 0.548047 0.037500 0.058594
0 0.965234 0.548828 0.014844 0.025781
0 0.987891 0.600781 0.010156 0.020313
0 0.959375 0.635547 0.078125 0.142969
0 0.799609 0.817578 0.067969 0.119531
0 0.824219 0.848828 0.010937 0.019531
0 0.152734 0.863281 0.042969 0.085938
0 0.140234 0.868750 0.011719 0.018750
0 0.466797 0.923438 0.027344 0.043750
