0 0.570312 0.953125 0.050000 0.093750
0 0.938672 0.098047 0.042969 0.096094
0 0.476172 0.107422 0.036719 0.089844
0 0.225391 0.114453 0.016406 0.028906
0 0.538672 0.016016 0.014844 0.028906
0 0.232813 0.020703 0.015625 0.025781
0 0.249219 0.025391 0.054688 0.050781
0 0.607422 0.318359 0.014844 0.033594
0 0.598828 0.348828 0.072656 0.141406
0 0.434766 0.457031 0.013281 0.029687
0 0.471484 0.472266 0.102344 0.116406
0 0.532031 0.058594 0.064062 0.117188
0 0.341406 0.598437 0.035937 0.153125
0 0.401172 0.611328 0.011719 0.025781
0 0.530078 0.620313 0.013281 0.028125
0 0.361328 0.637891 0.075781 0.141406
0 0.417187 0.650000 0.075000 0.156250
0 0.545703 0.661719 0.088281 0.148438
0 0.469141 0.674219 0.091406 0.104688
0 0.207422 0.070703 0.080469 0.141406
0 0.472266 0.076953 0.013281 0.025781
0 0.948828 0.078125 0.016406 0.034375
0 0.623047 0.794141 0.021094 0.050781
0 0.622656 0.799219 0.010937 0.023438
0 0.748047 0.805859 0.017969 0.030469
0 0.749609 0.868750 0.052344 0.246875
0 0.554688 0.921094 0.015625 0.029687
