0 0.152734 0.930859 0.011719 0.021094
0 0.432422 0.094922 0.036719 0.042969
0 0.471094 0.103906 0.032813 0.064062
0 0.201563 0.021875 0.046875 0.043750
0 0.483594 0.364453 0.010937 0.016406
0 0.470703 0.367578 0.050781 0.069531
0 0.605859 0.397656 0.071094 0.114062
0 0.573828 0.407422 0.010156 0.011719
0 0.629297 0.413672 0.008594 0.021094
0 0.591016 0.441016 0.069531 0.135156
0 0.166797 0.054297 0.008594 0.014844
0 0.237109 0.539062 0.008594 0.015625
0 0.217969 0.569531 0.095312 0.095312
0 0.560547 0.570703 0.011719 0.016406
0 0.538672 0.578125 0.080469 0.071875
0 0.207422 0.063672 0.008594 0.014844
0 0.173437 0.068359 0.031250 0.055469
0 0.216797 0.081250 0.036719 0.071875
0 0.466797 0.080078 0.008594 0.013281
0 0.441797 0.086328 0.008594 0.016406
0 0.137891 0.890234 0.047656 0.105469
0 0.364453 0.919141 0.025781 0.078906
0 0.363672 0.923828 0.008594 0.016406
