0 0.580469 0.153906 0.010937 0.023438
0 0.599219 0.161328 0.076563 0.063281
0 0.640625 0.363672 0.068750 0.046094
0 0.617969 0.367578 0.010937 0.019531
0 0.535547 0.418359 0.011719 0.017969
0 0.528906 0.433203 0.029687 0.050781
0 0.758984 0.456641 0.105469 0.075781
0 0.716016 0.475391 0.010156 0.019531
0 0.361719 0.476172 0.014063 0.021094
0 0.360938 0.478125 0.046875 0.146875
0 0.510547 0.526172 0.011719 0.021094
0 0.559766 0.526953 0.088281 0.116406
0 0.495703 0.537891 0.041406 0.110156
0 0.521484 0.573438 0.011719 0.021875
0 0.598047 0.588672 0.011719 0.021094
0 0.449609 0.594141 0.039844 0.091406
0 0.613672 0.596094 0.046094 0.060937
0 0.454688 0.625781 0.015625 0.023438
0 0.580078 0.636328 0.050781 0.085156
0 0.582812 0.647266 0.009375 0.019531
0 0.495703 0.702734 0.032031 0.080469
0 0.498828 0.703125 0.013281 0.025000
