0 0.523828 0.140234 0.069531 0.092969
0 0.549609 0.150391 0.014844 0.032031
0 0.378516 0.350391 0.113281 0.085156
0 0.450391 0.359375 0.066406 0.096875
0 0.412500 0.359766 0.015625 0.025781
0 0.479297 0.378125 0.011719 0.025000
0 0.980469 0.419531 0.039062 0.048438
0 0.862891 0.472266 0.085156 0.103906
0 0.312891 0.485547 0.069531 0.074219
0 0.331250 0.493750 0.015625 0.025000
0 0.409766 0.519141 0.113281 0.091406
0 0.648828 0.523828 0.041406 0.125781
0 0.436328 0.546094 0.016406 0.023438
0 0.642969 0.546875 0.010937 0.015625
0 0.559375 0.552734 0.071875 0.149219
0 0.736328 0.569141 0.088281 0.078906
0 0.585156 0.587109 0.010937 0.030469
0 0.714844 0.597266 0.010937 0.019531
0 0.511328 0.610938 0.094531 0.084375
0 0.533203 0.627344 0.013281 0.020313
0 0.511719 0.844141 0.020313 0.032031
0 0.506641 0.868359 0.035156 0.096094
