0 0.708984 0.141797 0.021094 0.033594
0 0.676172 0.166016 0.117969 0.100781
0 0.597656 0.269922 0.132812 0.089844
0 0.646484 0.280078 0.017969 0.028906
0 0.792578 0.341797 0.013281 0.021094
0 0.759375 0.341016 0.100000 0.085156
0 0.830078 0.418359 0.072656 0.139844
0 0.598047 0.437891 0.014844 0.028906
0 0.677344 0.439063 0.020313 0.028125
0 0.668750 0.448828 0.040625 0.066406
0 0.563672 0.483984 0.117969 0.205469
0 0.703516 0.494141 0.150781 0.082031
0 0.757812 0.512500 0.015625 0.025000
0 0.599609 0.525391 0.014844 0.025781
0 0.619922 0.542969 0.092969 0.101562
0 0.635156 0.594141 0.014063 0.032031
0 0.612891 0.610547 0.075781 0.086719
0 0.518359 0.641406 0.021094 0.035937
0 0.545312 0.692187 0.100000 0.134375
0 0.975391 0.841406 0.022656 0.035937
0 0.937891 0.871875 0.107031 0.131250
