0 0.224219 0.933203 0.020313 0.038281
0 0.268359 0.951172 0.114844 0.083594
0 0.155078 0.107813 0.019531 0.034375
0 0.182422 0.159766 0.017969 0.025781
0 0.317578 0.165234 0.016406 0.033594
0 0.154688 0.201172 0.071875 0.224219
0 0.348438 0.209375 0.087500 0.206250
0 0.183203 0.233984 0.053906 0.189844
0 0.253516 0.261328 0.019531 0.032031
0 0.302734 0.268359 0.021094 0.030469
0 0.260547 0.324609 0.052344 0.161719
0 0.304297 0.331641 0.049219 0.160156
0 0.220703 0.337500 0.019531 0.031250
0 0.248047 0.399219 0.108594 0.273438
0 0.376563 0.051953 0.093750 0.100781
0 0.183984 0.541016 0.014844 0.025781
0 0.244141 0.546484 0.022656 0.033594
0 0.264844 0.569141 0.064062 0.135156
0 0.194922 0.601953 0.055469 0.207031
0 0.812109 0.761328 0.021094 0.035156
0 0.357422 0.818359 0.102344 0.183594
0 0.826953 0.856641 0.057031 0.225781
