0 0.658203 0.118359 0.041406 0.105469
0 0.658984 0.123047 0.008594 0.021094
0 0.737109 0.206250 0.046094 0.093750
0 0.753906 0.217188 0.010937 0.018750
0 0.699219 0.401172 0.010937 0.021094
0 0.693750 0.405078 0.031250 0.053906
0 0.669141 0.432031 0.010156 0.014063
0 0.601953 0.432812 0.010156 0.018750
0 0.665625 0.431641 0.028125 0.053906
0 0.594922 0.445312 0.033594 0.071875
0 0.624219 0.445703 0.007812 0.013281
0 0.621875 0.453906 0.025000 0.089063
0 0.610547 0.517188 0.008594 0.015625
0 0.614844 0.520312 0.029687 0.068750
0 0.646875 0.525000 0.009375 0.015625
0 0.636328 0.534375 0.032031 0.056250
0 0.687891 0.553516 0.028906 0.053906
0 0.691797 0.555859 0.011719 0.017969
0 0.540234 0.566797 0.036719 0.055469
0 0.536328 0.570312 0.010156 0.018750
0 0.808984 0.621484 0.052344 0.064844
0 0.826172 0.631250 0.011719 0.015625
0 0.464453 0.644531 0.025781 0.070312
0 0.460547 0.657813 0.008594 0.015625
