0 0.449609 0.941016 0.008594 0.013281
0 0.469922 0.942578 0.074219 0.041406
0 0.485156 0.183984 0.007812 0.014844
0 0.480078 0.194531 0.025781 0.045312
0 0.119141 0.403906 0.035156 0.048438
0 0.111328 0.405078 0.010156 0.013281
0 0.118359 0.469141 0.008594 0.016406
0 0.059766 0.473828 0.010156 0.016406
0 0.125000 0.475781 0.034375 0.051562
0 0.072266 0.476172 0.035156 0.042969
0 0.892578 0.482812 0.010156 0.015625
0 0.900781 0.482031 0.064062 0.051562
0 0.962109 0.490625 0.030469 0.078125
0 0.971484 0.492188 0.008594 0.015625
0 0.900391 0.562109 0.010156 0.017969
0 0.901563 0.563281 0.028125 0.064062
0 0.955859 0.566406 0.074219 0.064062
0 0.942578 0.566797 0.010156 0.014844
0 0.130078 0.567187 0.038281 0.071875
0 0.119922 0.573438 0.008594 0.015625
