0 0.096484 0.963281 0.049219 0.073438
0 0.506641 0.117188 0.078906 0.234375
0 0.525391 0.162109 0.016406 0.039844
0 0.897266 0.171094 0.197656 0.254688
0 0.864062 0.216406 0.031250 0.054688
0 0.536328 0.329688 0.019531 0.040625
0 0.608594 0.341797 0.198437 0.067969
0 0.234375 0.342187 0.168750 0.206250
0 0.292578 0.361719 0.022656 0.035937
0 0.445312 0.441016 0.093750 0.175781
0 0.475781 0.482031 0.026562 0.051562
0 0.522656 0.489453 0.060937 0.213281
0 0.519922 0.515625 0.021094 0.040625
0 0.447656 0.577344 0.104688 0.164062
0 0.473828 0.615625 0.028906 0.053125
0 0.673828 0.849609 0.025781 0.046094
0 0.635938 0.889062 0.150000 0.221875
