0 0.976562 0.945312 0.046875 0.109375
0 0.737891 0.228516 0.016406 0.035156
0 0.791406 0.236328 0.151562 0.088281
0 0.491016 0.028906 0.019531 0.039062
0 0.636328 0.280469 0.069531 0.154688
0 0.660156 0.320312 0.014063 0.028125
0 0.779297 0.474609 0.158594 0.105469
0 0.733984 0.485938 0.017969 0.028125
0 0.471484 0.050781 0.061719 0.101562
0 0.696484 0.543359 0.011719 0.024219
0 0.819141 0.550391 0.019531 0.035156
0 0.798828 0.589844 0.091406 0.160938
0 0.590625 0.598437 0.015625 0.028125
0 0.697656 0.607812 0.051562 0.175000
0 0.690234 0.626563 0.017969 0.031250
0 0.634766 0.685156 0.107031 0.220312
0 0.721484 0.704688 0.124219 0.196875
0 0.658203 0.868359 0.019531 0.036719
0 0.964844 0.907031 0.017188 0.023438
0 0.701172 0.916406 0.158594 0.145313
