0 0.329688 0.021875 0.018750 0.028125
0 0.233984 0.250781 0.017969 0.029687
0 0.249609 0.257031 0.061719 0.076563
0 0.069531 0.306250 0.017188 0.028125
0 0.119922 0.312500 0.017969 0.028125
0 0.082031 0.313281 0.048438 0.076563
0 0.251172 0.317578 0.017969 0.028906
0 0.119141 0.325391 0.063281 0.085156
0 0.271484 0.355859 0.086719 0.224219
0 0.082031 0.376953 0.104688 0.085156
0 0.072656 0.380078 0.017188 0.035156
0 0.122656 0.039062 0.070312 0.078125
0 0.405859 0.410547 0.014844 0.030469
0 0.380078 0.439453 0.091406 0.138281
0 0.670312 0.498828 0.018750 0.035156
0 0.656641 0.504297 0.075781 0.124219
0 0.316797 0.526172 0.055469 0.121094
0 0.326953 0.559375 0.019531 0.034375
0 0.088672 0.642969 0.021094 0.035937
0 0.123438 0.666016 0.093750 0.157031
0 0.351953 0.073828 0.097656 0.144531
0 0.242578 0.774609 0.060156 0.117969
0 0.221875 0.805078 0.012500 0.028906
