0 0.484766 0.219141 0.019531 0.038281
0 0.485547 0.225781 0.005469 0.010937
0 0.952734 0.248438 0.033594 0.065625
0 0.019141 0.284766 0.019531 0.110156
0 0.016406 0.320312 0.007812 0.018750
0 0.205859 0.394141 0.024219 0.035156
0 0.208203 0.394141 0.007031 0.013281
0 0.169531 0.439453 0.007812 0.013281
0 0.175391 0.442188 0.022656 0.034375
0 0.208594 0.442578 0.007812 0.013281
0 0.214844 0.448828 0.026562 0.038281
0 0.802734 0.459766 0.008594 0.013281
0 0.810547 0.459766 0.049219 0.035156
0 0.857031 0.461328 0.026562 0.057031
0 0.860547 0.464844 0.008594 0.010937
0 0.221484 0.496094 0.027344 0.045312
0 0.219531 0.498047 0.007812 0.011719
0 0.808984 0.512109 0.008594 0.011719
0 0.811328 0.513672 0.019531 0.074219
0 0.862500 0.522266 0.059375 0.050781
0 0.851953 0.525781 0.007031 0.010937
0 0.518359 0.807031 0.008594 0.010937
0 0.536719 0.810937 0.060937 0.031250
0 0.938281 0.851562 0.010937 0.025000
0 0.964453 0.864062 0.063281 0.056250
