0 0.221875 0.095312 0.025000 0.050000
0 0.619531 0.103906 0.020313 0.045312
0 0.247656 0.103906 0.007812 0.014063
0 0.253516 0.108203 0.022656 0.032031
0 0.621484 0.108984 0.008594 0.021094
0 0.595703 0.111328 0.010156 0.016406
0 0.590234 0.128516 0.027344 0.085156
0 0.791016 0.363672 0.103906 0.083594
0 0.764453 0.378125 0.016406 0.021875
0 0.099219 0.455859 0.010937 0.014844
0 0.081641 0.458984 0.085156 0.039844
0 0.844922 0.504297 0.102344 0.071094
0 0.825000 0.506250 0.012500 0.025000
0 0.098828 0.515625 0.097656 0.056250
0 0.120703 0.521875 0.010156 0.021875
0 0.753516 0.540234 0.078906 0.042969
0 0.051562 0.563281 0.040625 0.054688
0 0.065234 0.573828 0.008594 0.016406
0 0.782422 0.594141 0.092969 0.044531
0 0.762109 0.600000 0.011719 0.021875
0 0.096484 0.629687 0.014844 0.018750
0 0.081641 0.629297 0.085156 0.039844
0 0.605469 0.072266 0.007812 0.013281
0 0.605859 0.075000 0.027344 0.025000
0 0.215234 0.078125 0.008594 0.015625
