0 0.677734 0.936719 0.074219 0.051562
0 0.946094 0.937891 0.095312 0.088281
0 0.920703 0.955078 0.013281 0.028906
0 0.180078 0.958594 0.013281 0.020313
0 0.182031 0.965625 0.042188 0.068750
0 0.724219 0.110937 0.010937 0.021875
0 0.728516 0.116797 0.038281 0.086719
0 0.112109 0.017578 0.014844 0.032031
0 0.523047 0.423047 0.046094 0.086719
0 0.346094 0.463672 0.060937 0.105469
0 0.433203 0.498437 0.013281 0.028125
0 0.517578 0.507031 0.053906 0.070312
0 0.416016 0.524219 0.035156 0.098437
0 0.455859 0.539844 0.067969 0.123438
0 0.127734 0.059375 0.052344 0.109375
0 0.455469 0.592969 0.067187 0.054688
0 0.432422 0.600781 0.011719 0.029687
0 0.464453 0.618750 0.016406 0.021875
0 0.483203 0.621484 0.082031 0.046094
0 0.574609 0.717969 0.077344 0.085938
0 0.568750 0.726562 0.012500 0.034375
