0 0.194531 0.297656 0.089063 0.135937
0 0.244531 0.426172 0.104688 0.086719
0 0.315234 0.459375 0.017969 0.031250
0 0.359375 0.468359 0.159375 0.114844
0 0.158203 0.486328 0.016406 0.025781
0 0.123828 0.505469 0.113281 0.114062
0 0.630859 0.506641 0.014844 0.028906
0 0.670312 0.506641 0.131250 0.157031
0 0.360547 0.051562 0.099219 0.103125
0 0.325781 0.523438 0.017188 0.031250
0 0.335547 0.056250 0.017969 0.031250
0 0.238281 0.578516 0.014063 0.025781
0 0.209375 0.600781 0.090625 0.104688
0 0.344922 0.613672 0.058594 0.239844
0 0.124219 0.623828 0.070312 0.138281
0 0.132422 0.666016 0.014844 0.025781
0 0.262500 0.846484 0.015625 0.036719
0 0.315625 0.892969 0.125000 0.195312
