0 0.882422 0.927734 0.021094 0.071094
0 0.073438 0.929688 0.012500 0.021875
0 0.773828 0.932813 0.032031 0.084375
0 0.045312 0.937500 0.034375 0.046875
0 0.908203 0.939063 0.041406 0.096875
0 0.013672 0.942187 0.024219 0.046875
0 0.031641 0.949219 0.010156 0.014063
0 0.083203 0.950781 0.038281 0.098437
0 0.396875 0.117969 0.012500 0.020313
0 0.319141 0.124219 0.010156 0.020313
0 0.396094 0.127734 0.029687 0.049219
0 0.322266 0.135547 0.038281 0.042969
0 0.426953 0.191797 0.010156 0.017969
0 0.433203 0.193359 0.028906 0.064844
0 0.318359 0.226562 0.011719 0.021875
0 0.324609 0.228125 0.033594 0.053125
0 0.470703 0.253125 0.010156 0.021875
0 0.583984 0.254297 0.052344 0.089844
0 0.472656 0.256641 0.032813 0.053906
0 0.587109 0.263672 0.011719 0.021094
0 0.377734 0.280469 0.061719 0.060937
0 0.356641 0.283594 0.010156 0.023438
0 0.305469 0.314063 0.014063 0.021875
0 0.444922 0.337891 0.011719 0.019531
0 0.326953 0.352734 0.069531 0.111719
0 0.378516 0.358594 0.010156 0.020313
0 0.442188 0.358203 0.059375 0.103906
0 0.382422 0.358984 0.033594 0.058594
0 0.248828 0.456250 0.032031 0.046875
0 0.238281 0.459375 0.010937 0.018750
0 0.962109 0.616016 0.011719 0.019531
0 0.487891 0.062109 0.025781 0.074219
0 0.491016 0.062500 0.010156 0.018750
0 0.961328 0.630469 0.050781 0.085938
0 0.428516 0.664844 0.028906 0.079687
0 0.426172 0.673047 0.011719 0.017969
0 0.439453 0.743359 0.028906 0.058594
0 0.432422 0.758984 0.011719 0.021094
0 0.579688 0.805078 0.028125 0.053906
0 0.582031 0.814453 0.010937 0.019531
0 0.526563 0.884766 0.028125 0.057031
0 0.659766 0.886719 0.032031 0.079687
0 0.361328 0.090234 0.010156 0.017969
0 0.528125 0.901172 0.012500 0.021094
0 0.366016 0.092188 0.035156 0.056250
0 0.669922 0.909375 0.011719 0.021875
0 0.887109 0.912891 0.011719 0.019531
0 0.917578 0.913672 0.010156 0.021094
