0 0.630078 0.930859 0.053906 0.124219
0 0.508203 0.935547 0.013281 0.021094
0 0.839453 0.938672 0.013281 0.021094
0 0.884766 0.941016 0.016406 0.028906
0 0.830859 0.944922 0.039844 0.064844
0 0.555078 0.949609 0.010156 0.021094
0 0.449609 0.145313 0.027344 0.068750
0 0.448828 0.146484 0.010156 0.017969
0 0.920703 0.319531 0.044531 0.048438
0 0.930859 0.320703 0.008594 0.019531
0 0.903516 0.420312 0.013281 0.018750
0 0.893359 0.422266 0.061719 0.060156
0 0.962891 0.458203 0.053906 0.044531
0 0.985156 0.467187 0.010937 0.015625
0 0.030078 0.471484 0.038281 0.067969
0 0.888672 0.475000 0.011719 0.021875
0 0.019922 0.475391 0.011719 0.019531
0 0.887891 0.476953 0.050781 0.066406
0 0.892188 0.533203 0.031250 0.050781
0 0.033203 0.542188 0.010156 0.015625
0 0.900781 0.543750 0.014063 0.021875
0 0.943359 0.543359 0.036719 0.117969
0 0.046094 0.546875 0.045312 0.053125
0 0.953125 0.574219 0.012500 0.020313
0 0.043750 0.604688 0.043750 0.053125
0 0.030859 0.616406 0.008594 0.020313
0 0.012500 0.636719 0.025000 0.060937
0 0.312500 0.670312 0.009375 0.018750
0 0.293359 0.717187 0.061719 0.156250
0 0.449609 0.854688 0.052344 0.059375
0 0.441016 0.869141 0.010156 0.019531
0 0.610938 0.877734 0.009375 0.017969
0 0.874219 0.914453 0.045312 0.085156
0 0.552734 0.915625 0.030469 0.096875
0 0.508984 0.923047 0.024219 0.055469
