0 0.787109 0.931250 0.042969 0.043750
0 0.800000 0.941797 0.009375 0.017969
0 0.446094 0.137500 0.010937 0.015625
0 0.455859 0.161328 0.046094 0.060156
0 0.012500 0.400000 0.025000 0.040625
0 0.015625 0.460938 0.031250 0.040625
0 0.965234 0.477734 0.067969 0.049219
0 0.940234 0.479687 0.008594 0.018750
0 0.918750 0.498437 0.034375 0.056250
0 0.920703 0.503516 0.013281 0.016406
0 0.973047 0.516016 0.011719 0.016406
0 0.021094 0.521094 0.042188 0.064062
0 0.007422 0.522266 0.011719 0.019531
0 0.962500 0.525000 0.043750 0.059375
0 0.935937 0.563672 0.031250 0.064844
0 0.944141 0.566016 0.013281 0.019531
0 0.421484 0.803516 0.030469 0.050781
0 0.418359 0.807813 0.011719 0.018750
0 0.412109 0.871875 0.008594 0.021875
0 0.413672 0.876563 0.024219 0.065625
0 0.147266 0.901563 0.041406 0.121875
0 0.144141 0.917578 0.016406 0.028906
