0 0.796094 0.979688 0.054688 0.040625
0 0.792188 0.992969 0.009375 0.014063
0 0.483203 0.313281 0.066406 0.079687
0 0.491016 0.321094 0.013281 0.020313
0 0.123438 0.508203 0.100000 0.069531
0 0.148828 0.509375 0.013281 0.021875
0 0.928516 0.523047 0.010156 0.021094
0 0.952344 0.523438 0.095312 0.046875
0 0.890234 0.570312 0.105469 0.059375
0 0.069922 0.603516 0.017969 0.019531
0 0.049219 0.603906 0.098437 0.064062
0 0.236328 0.611719 0.113281 0.060937
0 0.265234 0.613672 0.017969 0.021094
0 0.108203 0.634766 0.116406 0.060156
0 0.131641 0.637891 0.025781 0.019531
0 0.869141 0.648438 0.013281 0.015625
0 0.894141 0.653906 0.107031 0.045312
0 0.475781 0.843750 0.023438 0.071875
0 0.476172 0.864453 0.011719 0.019531
