0 0.344141 0.207813 0.019531 0.040625
0 0.388672 0.214062 0.161719 0.100000
0 0.268359 0.266016 0.017969 0.041406
0 0.313672 0.285938 0.142969 0.121875
0 0.444141 0.357812 0.082031 0.090625
0 0.313672 0.372656 0.014844 0.035937
0 0.428906 0.371484 0.017188 0.033594
0 0.316016 0.379688 0.041406 0.090625
0 0.526172 0.406250 0.114844 0.128125
0 0.296484 0.431641 0.077344 0.166406
0 0.223047 0.444531 0.086719 0.160938
0 0.477344 0.445312 0.014063 0.031250
0 0.247266 0.494922 0.022656 0.039844
0 0.328906 0.679688 0.020313 0.028125
0 0.373828 0.703125 0.157031 0.134375
0 0.653125 0.758203 0.015625 0.032031
0 0.241797 0.773828 0.014844 0.041406
0 0.687891 0.773828 0.132031 0.203906
0 0.271484 0.801953 0.102344 0.141406
0 0.333594 0.811328 0.017188 0.041406
0 0.388281 0.826562 0.132812 0.146875
