0 0.408594 0.318359 0.089063 0.067969
0 0.432422 0.321484 0.011719 0.017969
0 0.048828 0.345313 0.013281 0.018750
0 0.062109 0.357031 0.067969 0.054688
0 0.015234 0.366797 0.030469 0.055469
0 0.489453 0.378516 0.066406 0.100781
0 0.515234 0.382422 0.011719 0.021094
0 0.135156 0.388281 0.057813 0.064062
0 0.541406 0.401953 0.014063 0.019531
0 0.148047 0.403516 0.011719 0.019531
0 0.528516 0.433594 0.041406 0.135937
0 0.487500 0.452734 0.012500 0.021094
0 0.467969 0.454297 0.070312 0.061719
0 0.028125 0.460938 0.056250 0.050000
0 0.016016 0.466797 0.016406 0.017969
0 0.081641 0.479297 0.057031 0.042969
0 0.063672 0.487891 0.011719 0.016406
