0 0.362891 0.200781 0.013281 0.020313
0 0.372266 0.223828 0.038281 0.082031
0 0.532031 0.390234 0.048438 0.064844
0 0.971094 0.389844 0.057813 0.054688
0 0.539062 0.396875 0.012500 0.021875
0 0.904297 0.564844 0.071094 0.089063
0 0.908984 0.569531 0.011719 0.020313
0 0.987891 0.596875 0.022656 0.071875
0 0.971484 0.664453 0.011719 0.019531
0 0.957422 0.667188 0.042969 0.056250
0 0.982031 0.733594 0.035937 0.079687
0 0.982422 0.818359 0.011719 0.024219
0 0.961328 0.820703 0.057031 0.050781
0 0.898047 0.868750 0.099219 0.056250
0 0.923828 0.874219 0.013281 0.026562
