0 0.788672 0.932422 0.024219 0.046094
0 0.794141 0.945703 0.010156 0.019531
0 0.439453 0.133984 0.010156 0.017969
0 0.442578 0.144141 0.022656 0.053906
0 0.009375 0.386328 0.018750 0.038281
0 0.012109 0.462891 0.024219 0.035156
0 0.937109 0.478125 0.011719 0.015625
0 0.957031 0.481250 0.085938 0.043750
0 0.921484 0.505078 0.052344 0.110156
0 0.906641 0.507422 0.013281 0.017969
0 0.956641 0.513672 0.028906 0.042969
0 0.963281 0.514453 0.010937 0.016406
0 0.017969 0.530469 0.035937 0.048438
0 0.923438 0.566016 0.040625 0.050781
0 0.935547 0.566797 0.011719 0.021094
0 0.417187 0.788281 0.028125 0.064062
0 0.416797 0.798047 0.011719 0.021094
0 0.409766 0.881641 0.028906 0.057031
0 0.402734 0.882812 0.008594 0.018750
0 0.130859 0.889844 0.036719 0.048438
