0 0.437500 0.014063 0.015625 0.028125
0 0.160938 0.307422 0.162500 0.180469
0 0.204297 0.344141 0.017969 0.038281
0 0.119141 0.383984 0.113281 0.255469
0 0.242188 0.443359 0.137500 0.180469
0 0.445703 0.044531 0.032031 0.089063
0 0.129688 0.448828 0.021875 0.028906
0 0.278906 0.473828 0.017188 0.035156
0 0.435156 0.479687 0.120313 0.221875
0 0.230078 0.507812 0.116406 0.171875
0 0.253125 0.544922 0.018750 0.033594
0 0.469531 0.550000 0.017188 0.034375
0 0.691797 0.557813 0.014844 0.034375
0 0.687891 0.571484 0.075781 0.189844
0 0.417187 0.646484 0.093750 0.133594
0 0.355859 0.660547 0.071094 0.108594
0 0.378906 0.672266 0.017188 0.032031
0 0.355078 0.831641 0.132031 0.225781
0 0.395703 0.903906 0.019531 0.035937
