0 0.781250 0.012500 0.015625 0.025000
0 0.402734 0.151953 0.108594 0.078906
0 0.449609 0.164844 0.011719 0.023438
0 0.737891 0.035156 0.122656 0.070312
0 0.939453 0.390234 0.078906 0.180469
0 0.899609 0.409766 0.074219 0.157031
0 0.507031 0.416406 0.014063 0.026562
0 0.675391 0.420312 0.016406 0.028125
0 0.460156 0.443750 0.107813 0.096875
0 0.637109 0.448828 0.136719 0.078906
0 0.805469 0.452344 0.014063 0.023438
0 0.770312 0.479297 0.100000 0.164844
0 0.656250 0.562500 0.015625 0.021875
0 0.746484 0.058984 0.014844 0.030469
0 0.618750 0.593359 0.106250 0.089844
0 0.772266 0.597656 0.013281 0.023438
0 0.735547 0.613281 0.117969 0.064062
0 0.560547 0.742578 0.011719 0.025781
0 0.514453 0.753125 0.107031 0.075000
0 0.891406 0.835938 0.117188 0.131250
0 0.701172 0.087891 0.108594 0.091406
