0 0.588281 0.101562 0.007812 0.015625
0 0.587109 0.117188 0.036719 0.053125
0 0.477344 0.226172 0.035937 0.105469
0 0.332422 0.258594 0.074219 0.070312
0 0.354687 0.259766 0.009375 0.016406
0 0.483594 0.261328 0.007812 0.019531
0 0.349219 0.035156 0.010937 0.020313
0 0.348047 0.042578 0.024219 0.038281
0 0.588281 0.558203 0.057813 0.110156
0 0.571484 0.592578 0.008594 0.016406
0 0.465234 0.596484 0.027344 0.061719
0 0.464062 0.601562 0.009375 0.015625
0 0.419141 0.605859 0.047656 0.099219
0 0.597266 0.066016 0.010156 0.019531
0 0.427344 0.678906 0.035937 0.064062
0 0.430859 0.684375 0.008594 0.018750
0 0.590625 0.072266 0.031250 0.032031
0 0.396484 0.728906 0.042969 0.079687
0 0.330859 0.073047 0.008594 0.017969
0 0.330859 0.073047 0.014844 0.058594
0 0.506250 0.760938 0.009375 0.015625
0 0.497656 0.767969 0.026562 0.039062
0 0.472266 0.795312 0.019531 0.018750
0 0.469922 0.798828 0.008594 0.013281
0 0.453516 0.804297 0.025781 0.042969
0 0.457422 0.812500 0.008594 0.015625
0 0.318359 0.815625 0.052344 0.059375
0 0.325000 0.818750 0.009375 0.018750
0 0.457031 0.838672 0.064062 0.061719
0 0.483594 0.853516 0.007812 0.019531
