0 0.566797 0.020313 0.071094 0.040625
0 0.251953 0.301172 0.013281 0.030469
0 0.374219 0.304688 0.017188 0.031250
0 0.296094 0.316406 0.101562 0.089063
0 0.403906 0.331250 0.123438 0.115625
0 0.423438 0.357031 0.062500 0.089063
0 0.405469 0.368750 0.017188 0.031250
0 0.389453 0.398828 0.147656 0.057031
0 0.348828 0.401953 0.016406 0.032031
0 0.242578 0.492578 0.116406 0.210156
0 0.360938 0.516797 0.087500 0.142969
0 0.305859 0.567969 0.064844 0.185938
0 0.578125 0.591406 0.015625 0.026562
0 0.614062 0.614062 0.106250 0.203125
0 0.289453 0.614453 0.016406 0.019531
0 0.267578 0.064453 0.132031 0.125781
0 0.212891 0.068750 0.016406 0.031250
0 0.273047 0.716406 0.114844 0.085938
0 0.223047 0.744141 0.014844 0.028906
