0 0.930078 0.511719 0.013281 0.026562
0 0.923047 0.511328 0.049219 0.078906
0 0.537109 0.617188 0.011719 0.025000
0 0.536328 0.623047 0.032031 0.080469
0 0.844922 0.623828 0.042969 0.075781
0 0.855078 0.628516 0.013281 0.025781
0 0.670703 0.628906 0.010156 0.023438
0 0.662109 0.628906 0.036719 0.060937
0 0.782422 0.644141 0.067969 0.138281
0 0.423828 0.666406 0.013281 0.023438
0 0.407813 0.666797 0.081250 0.108594
0 0.762500 0.680078 0.012500 0.025781
0 0.553516 0.683984 0.041406 0.061719
0 0.656641 0.689063 0.035156 0.065625
0 0.556641 0.699219 0.013281 0.029687
0 0.478516 0.699219 0.044531 0.076563
0 0.664453 0.703906 0.013281 0.023438
0 0.475391 0.709375 0.016406 0.015625
0 0.735547 0.711719 0.014844 0.026562
0 0.608984 0.712500 0.014844 0.028125
0 0.730859 0.714844 0.036719 0.089063
0 0.610547 0.740625 0.033594 0.096875
0 0.569531 0.743750 0.039062 0.068750
0 0.571094 0.757422 0.014063 0.033594
0 0.525391 0.759375 0.038281 0.084375
0 0.526953 0.774219 0.010156 0.023438
0 0.492969 0.912500 0.089063 0.068750
0 0.526172 0.923047 0.011719 0.024219
