0 0.767188 0.945312 0.106250 0.109375
0 0.723047 0.972266 0.017969 0.032031
0 0.294141 0.980469 0.019531 0.039062
0 0.255078 0.290234 0.103906 0.133594
0 0.221875 0.308984 0.021875 0.042969
0 0.226953 0.457031 0.141406 0.173437
0 0.167578 0.486719 0.016406 0.045312
0 0.380859 0.585938 0.174219 0.150000
0 0.429297 0.601172 0.021094 0.036719
0 0.257812 0.605859 0.109375 0.208594
0 0.217969 0.658984 0.023438 0.049219
0 0.291016 0.742969 0.100781 0.123438
0 0.296484 0.768359 0.021094 0.046094
0 0.255078 0.824219 0.078906 0.120313
0 0.417187 0.836328 0.021875 0.041406
0 0.361719 0.869531 0.192188 0.160938
