0 0.983594 0.245703 0.032813 0.107031
0 0.510938 0.378516 0.009375 0.016406
0 0.545703 0.382031 0.113281 0.064062
0 0.981250 0.381250 0.037500 0.068750
0 0.989844 0.399219 0.014063 0.020313
0 0.914844 0.480078 0.076563 0.075781
0 0.530859 0.504687 0.099219 0.059375
0 0.969922 0.504297 0.042969 0.105469
0 0.984766 0.505859 0.010156 0.024219
0 0.501172 0.516016 0.011719 0.019531
0 0.640234 0.600000 0.114844 0.046875
0 0.605469 0.601953 0.010937 0.016406
0 0.609375 0.713672 0.012500 0.021094
0 0.601953 0.714453 0.057031 0.091406
