0 0.458203 0.929297 0.010156 0.014844
0 0.480078 0.933203 0.075781 0.035156
0 0.484375 0.196875 0.009375 0.015625
0 0.482031 0.211328 0.023438 0.053906
0 0.125000 0.404297 0.009375 0.014844
0 0.131250 0.406250 0.034375 0.068750
0 0.128516 0.467187 0.010156 0.015625
0 0.073828 0.472266 0.010156 0.010156
0 0.086328 0.472656 0.035156 0.039062
0 0.136328 0.474219 0.032031 0.051562
0 0.887109 0.482422 0.061719 0.061719
0 0.882031 0.484766 0.010937 0.016406
0 0.951953 0.495703 0.010156 0.016406
0 0.946094 0.512891 0.039062 0.088281
0 0.141016 0.554688 0.032031 0.068750
0 0.892969 0.559375 0.026562 0.050000
0 0.885938 0.561719 0.009375 0.014063
0 0.945703 0.566797 0.078906 0.058594
0 0.929297 0.568359 0.011719 0.014844
0 0.132812 0.569141 0.009375 0.016406
