0 0.200391 0.144141 0.103906 0.119531
0 0.166406 0.168359 0.010937 0.021094
0 0.065234 0.260547 0.011719 0.021094
0 0.060937 0.282422 0.062500 0.086719
0 0.126562 0.310156 0.012500 0.020313
0 0.130859 0.313672 0.033594 0.064844
0 0.132031 0.391016 0.010937 0.016406
0 0.140234 0.399609 0.064844 0.096094
0 0.235547 0.412500 0.011719 0.015625
0 0.230469 0.412500 0.042188 0.053125
0 0.030859 0.413281 0.046094 0.154688
0 0.021484 0.462500 0.011719 0.021875
0 0.099609 0.477734 0.011719 0.017969
0 0.101172 0.492969 0.030469 0.076563
0 0.020313 0.499219 0.040625 0.045312
0 0.035547 0.512500 0.061719 0.156250
0 0.223438 0.527344 0.012500 0.023438
0 0.200781 0.535937 0.092188 0.059375
0 0.494922 0.543359 0.011719 0.021094
0 0.466797 0.545703 0.105469 0.063281
0 0.068359 0.615625 0.049219 0.053125
0 0.051172 0.632031 0.011719 0.023438
