0 0.462891 0.156250 0.091406 0.065625
0 0.262891 0.180859 0.010156 0.021094
0 0.740234 0.019922 0.014844 0.030469
0 0.235547 0.196875 0.111719 0.053125
0 0.307031 0.215625 0.014063 0.021875
0 0.382812 0.228906 0.087500 0.070312
0 0.282422 0.230859 0.092969 0.064844
0 0.413672 0.233594 0.011719 0.026562
0 0.385937 0.025391 0.012500 0.025781
0 0.168359 0.266016 0.077344 0.060156
0 0.199609 0.266016 0.011719 0.025781
0 0.363672 0.028516 0.089844 0.050781
0 0.734766 0.030078 0.035156 0.060156
0 0.311328 0.329688 0.010156 0.021875
0 0.282813 0.330469 0.078125 0.060937
0 0.152344 0.397266 0.014063 0.032031
0 0.128516 0.404687 0.110156 0.053125
0 0.436719 0.583984 0.107813 0.061719
0 0.241016 0.061719 0.100781 0.051562
0 0.152734 0.625000 0.011719 0.021875
0 0.130469 0.633594 0.095312 0.045312
0 0.262109 0.066406 0.014844 0.023438
