0 0.523828 0.342578 0.007031 0.010156
0 0.509766 0.343750 0.044531 0.037500
0 0.548828 0.367578 0.007031 0.010156
0 0.533203 0.375000 0.050781 0.037500
0 0.560156 0.396094 0.051562 0.026562
0 0.596094 0.431641 0.007812 0.010156
0 0.579688 0.436328 0.053125 0.028906
0 0.654297 0.476953 0.046094 0.041406
0 0.657031 0.517188 0.010937 0.012500
0 0.636719 0.517578 0.057813 0.044531
0 0.666406 0.580469 0.010937 0.010937
0 0.646094 0.582031 0.060937 0.035937
0 0.687109 0.657031 0.008594 0.014063
0 0.659766 0.666797 0.072656 0.039844
0 0.710938 0.755078 0.093750 0.060156
0 0.729688 0.865234 0.100000 0.052344
