0 0.300391 0.101562 0.044531 0.065625
0 0.827344 0.108984 0.010937 0.021094
0 0.308984 0.109766 0.011719 0.019531
0 0.111328 0.122266 0.010156 0.016406
0 0.848047 0.148438 0.077344 0.106250
0 0.807031 0.259375 0.064062 0.096875
0 0.730469 0.287891 0.054688 0.091406
0 0.784375 0.290625 0.009375 0.018750
0 0.710156 0.324219 0.010937 0.020313
0 0.741016 0.331641 0.013281 0.016406
0 0.745703 0.335547 0.019531 0.046094
0 0.781250 0.345313 0.065625 0.068750
0 0.697266 0.351953 0.060156 0.119531
0 0.754297 0.367578 0.008594 0.019531
0 0.783203 0.399609 0.044531 0.083594
0 0.725000 0.404687 0.009375 0.018750
0 0.607031 0.042578 0.023438 0.032031
0 0.770703 0.430078 0.010156 0.028906
0 0.800391 0.454688 0.066406 0.084375
0 0.773828 0.472266 0.010156 0.016406
0 0.610547 0.049609 0.008594 0.014844
0 0.579688 0.054688 0.053125 0.068750
0 0.521484 0.553125 0.039844 0.075000
0 0.529297 0.578516 0.008594 0.019531
0 0.593750 0.069531 0.009375 0.014063
0 0.708594 0.694141 0.007812 0.016406
0 0.699609 0.719531 0.039844 0.089063
0 0.508594 0.076953 0.048438 0.078906
0 0.519141 0.089453 0.010156 0.016406
0 0.123828 0.090625 0.038281 0.128125
