0 0.339844 0.100391 0.010937 0.019531
0 0.460547 0.144531 0.083594 0.064062
0 0.435156 0.151562 0.010937 0.018750
0 0.350391 0.237500 0.057031 0.115625
0 0.331641 0.287500 0.010156 0.015625
0 0.669141 0.341016 0.010156 0.016406
0 0.672656 0.034375 0.042188 0.068750
0 0.692578 0.360156 0.094531 0.070312
0 0.749219 0.390625 0.057813 0.121875
0 0.725000 0.423047 0.012500 0.017969
0 0.388281 0.426953 0.010937 0.016406
0 0.419922 0.426563 0.089844 0.081250
0 0.670312 0.046875 0.012500 0.015625
0 0.483203 0.046875 0.010156 0.018750
0 0.262109 0.496875 0.011719 0.018750
0 0.501563 0.053125 0.090625 0.031250
0 0.273438 0.528516 0.040625 0.125781
0 0.141016 0.609766 0.010156 0.016406
0 0.171484 0.626563 0.086719 0.068750
0 0.446094 0.639453 0.010937 0.016406
0 0.477734 0.645312 0.092969 0.050000
0 0.626172 0.068359 0.008594 0.014844
0 0.482031 0.721094 0.070312 0.064062
0 0.451172 0.725000 0.011719 0.018750
0 0.632422 0.076172 0.036719 0.055469
0 0.333203 0.082812 0.035156 0.075000
0 0.561328 0.834766 0.010156 0.016406
0 0.593750 0.840625 0.068750 0.050000
0 0.223828 0.891406 0.010156 0.020313
0 0.250000 0.891406 0.090625 0.035937
0 0.164453 0.091406 0.010156 0.020313
0 0.177734 0.091797 0.049219 0.074219
