0 0.161328 0.092578 0.010156 0.019531
0 0.170703 0.099219 0.038281 0.070312
0 0.338672 0.101562 0.008594 0.018750
0 0.436328 0.153906 0.082031 0.064062
0 0.410938 0.156641 0.009375 0.016406
0 0.217188 0.019531 0.059375 0.039062
0 0.389844 0.021094 0.010937 0.020313
0 0.336719 0.283984 0.042188 0.108594
0 0.319922 0.306641 0.008594 0.019531
0 0.637891 0.332813 0.010156 0.015625
0 0.665625 0.353906 0.100000 0.070312
0 0.405859 0.037500 0.052344 0.075000
0 0.732031 0.394141 0.057813 0.116406
0 0.672656 0.041016 0.035937 0.060156
0 0.469922 0.043750 0.071094 0.056250
0 0.725000 0.431641 0.009375 0.016406
0 0.397266 0.436719 0.078906 0.073438
0 0.262891 0.439453 0.010156 0.019531
0 0.364453 0.446875 0.010156 0.015625
0 0.666406 0.046875 0.010937 0.018750
0 0.262500 0.489844 0.025000 0.179688
0 0.441016 0.053516 0.010156 0.016406
0 0.110547 0.608984 0.008594 0.014844
0 0.141406 0.622266 0.067187 0.060156
0 0.447266 0.644531 0.091406 0.048438
0 0.417578 0.646875 0.010156 0.021875
0 0.473828 0.716797 0.069531 0.089844
0 0.444141 0.730078 0.010156 0.016406
0 0.626563 0.076172 0.009375 0.014844
0 0.628125 0.080469 0.028125 0.060937
0 0.336328 0.083203 0.028906 0.091406
0 0.196094 0.008594 0.010937 0.017188
0 0.582031 0.834766 0.064062 0.050781
0 0.553516 0.836328 0.010156 0.016406
0 0.244141 0.885938 0.057031 0.056250
0 0.222656 0.905078 0.010937 0.016406
