1 0.240625 0.6078125 0.184375 0.05
1 0.759375 0.608203125 0.18125 0.04765625
3 0.90859375 0.63125 0.0515625 0.4375
3 0.59296875 0.634375 0.1640625 0.06875
3 0.409375 0.634375 0.175 0.075
10 0.4921875 0.67109375 0.425 0.0390625
17 0.196875 0.06875 0.0625 0.03125
5 0.5015625 0.723828125 0.1125 0.05390625
3 0.690625 0.725390625 0.35625 0.02578125
3 0.503125 0.753125 0.040625 0.040625
1 0.5 0.790625 0.19375 0.046875
11 0.509375 0.839453125 0.1 0.05390625
3 0.73125 0.838671875 0.41875 0.02734375
3 0.35 0.8875 0.134375 0.028125
1 0.5015625 0.88671875 0.190625 0.0453125
1 0.196875 0.8875 0.178125 0.053125
8 0.1953125 0.946875 0.09375 0.034375
1 0.19921875 0.115625 0.1890625 0.053125
3 0.298046875 0.161328125 0.23359375 0.05390625
1 0.5 0.178125 0.18125 0.046875
5 0.4984375 0.2328125 0.146875 0.05625
3 0.2625 0.234375 0.403125 0.025
3 0.5015625 0.26015625 0.05 0.0484375
1 0.2265625 0.287109375 0.178125 0.04921875
1 0.49921875 0.290625 0.1765625 0.046875
3 0.3671875 0.2921875 0.125 0.021875
3 0.08828125 0.3046875 0.0671875 0.190625
18 0.79921875 0.0328125 0.0734375 0.021875
18 0.503515625 0.03359375 0.15703125 0.0203125
18 0.1984375 0.034375 0.128125 0.015625
3 0.49453125 0.37578125 0.4703125 0.0203125
1 0.197265625 0.378125 0.18828125 0.053125
1 0.8078125 0.378125 0.1875 0.046875
5 0.80625 0.41875 0.109375 0.0375
3 0.478125 0.425 0.609375 0.040625
1 0.80625 0.4609375 0.184375 0.05
1 0.191796875 0.462109375 0.17734375 0.04921875
3 0.80546875 0.4890625 0.0359375 0.0375
5 0.80390625 0.5078125 0.1015625 0.053125
9 0.5015625 0.54375 0.490625 0.0375
3 0.24296875 0.560546875 0.1046875 0.05234375
3 0.7515625 0.565625 0.075 0.046875
