1 0.630859375 0.223828125 0.12421875 0.07265625
3 0.65 0.28515625 0.021875 0.0640625
5 0.65078125 0.33125 0.1015625 0.109375
3 0.3640625 0.339453125 0.5625 0.04140625
3 0.65 0.390234375 0.021875 0.06171875
9 0.64375 0.43203125 0.196875 0.0734375
3 0.0921875 0.43515625 0.03125 0.2140625
3 0.6328125 0.465234375 0.025 0.05546875
3 0.809375 0.4765625 0.2125 0.14375
3 0.437890625 0.487109375 0.24453125 0.10546875
1 0.6296875 0.521484375 0.121875 0.08046875
1 0.315625 0.5734375 0.125 0.075
1 0.903125 0.57265625 0.121875 0.0796875
1 0.09453125 0.573046875 0.1234375 0.07734375
3 0.6296875 0.5828125 0.03125 0.0875
1 0.63125 0.642578125 0.125 0.07890625
3 0.46484375 0.66796875 0.2015625 0.1609375
3 0.7765625 0.6765625 0.15625 0.15625
3 0.63125 0.70546875 0.021875 0.0671875
10 0.628125 0.73984375 0.1875 0.0765625
3 0.15 0.74375 0.021875 0.340625
3 0.631640625 0.8171875 0.01328125 0.115625
1 0.641796875 0.0859375 0.11484375 0.075
17 0.35390625 0.08828125 0.0453125 0.0578125
1 0.63046875 0.90546875 0.1203125 0.0765625
3 0.48203125 0.090625 0.2171875 0.028125
8 0.9359375 0.91015625 0.0375 0.0609375
3 0.35 0.911328125 0.45 0.03515625
3 0.8015625 0.91328125 0.2375 0.0296875
3 0.638671875 0.151171875 0.02734375 0.08359375
