1 0.51171875 0.19921875 0.1953125 0.0828125
1 0.14921875 0.2 0.1921875 0.084375
3 0.3296875 0.20234375 0.18125 0.0265625
3 0.59453125 0.25625 0.0390625 0.078125
5 0.596875 0.30078125 0.15625 0.0984375
3 0.68046875 0.303125 0.0984375 0.03125
1 0.82265625 0.31171875 0.2015625 0.0828125
3 0.6078125 0.36796875 0.03125 0.0984375
1 0.54765625 0.4484375 0.2078125 0.084375
3 0.60546875 0.51484375 0.0265625 0.0859375
1 0.8546875 0.5625 0.196875 0.0875
5 0.60859375 0.56328125 0.0953125 0.0890625
3 0.7 0.565625 0.128125 0.03125
3 0.61328125 0.6140625 0.0296875 0.059375
1 0.54453125 0.67265625 0.1953125 0.0796875
17 0.18828125 0.07578125 0.1046875 0.0828125
3 0.54140625 0.7484375 0.0296875 0.090625
1 0.5328125 0.8140625 0.20625 0.078125
5 0.6140625 0.92578125 0.10625 0.0828125
