1 0.51171875 0.19921875 0.1953125 0.0828125
1 0.14921875 0.2 0.1921875 0.084375
3 0.3296875 0.20234375 0.18125 0.0265625
3 0.594140625 0.25625 0.03828125 0.078125
5 0.596875 0.299609375 0.15625 0.09921875
3 0.68046875 0.303125 0.0984375 0.03125
1 0.82265625 0.31171875 0.2015625 0.0828125
3 0.6078125 0.367578125 0.03125 0.09765625
1 0.54765625 0.4484375 0.2078125 0.084375
3 0.604296875 0.514453125 0.02734375 0.08515625
1 0.8546875 0.5625 0.196875 0.0875
5 0.607421875 0.562890625 0.09609375 0.08828125
3 0.7 0.565625 0.128125 0.03125
3 0.612109375 0.6140625 0.03046875 0.059375
1 0.544140625 0.671484375 0.19453125 0.08046875
17 0.18828125 0.075390625 0.1046875 0.08203125
3 0.54140625 0.7484375 0.0296875 0.090625
1 0.5328125 0.8140625 0.20625 0.078125
5 0.6140625 0.925390625 0.10625 0.08203125
