3 0.502734375 0.170703125 0.03046875 0.13515625
1 0.49609375 0.276953125 0.2078125 0.09140625
3 0.73515625 0.34453125 0.2796875 0.1578125
3 0.499609375 0.35390625 0.02734375 0.0765625
5 0.49921875 0.4578125 0.2234375 0.190625
1 0.8640625 0.460546875 0.209375 0.08671875
3 0.67890625 0.4671875 0.1890625 0.03125
3 0.501953125 0.57265625 0.03828125 0.0765625
1 0.4984375 0.646875 0.20625 0.0875
3 0.498828125 0.72421875 0.03203125 0.0765625
1 0.49921875 0.79609375 0.2015625 0.0890625
3 0.4984375 0.85546875 0.025 0.0703125
3 0.61171875 0.90703125 0.1953125 0.0171875
2 0.79296875 0.90859375 0.1984375 0.1265625
8 0.496484375 0.91015625 0.06171875 0.0453125
17 0.498828125 0.09140625 0.05078125 0.0453125
2 0.13515625 0.091796875 0.1921875 0.12421875
