3 0.503125 0.170703125 0.03125 0.13515625
1 0.49609375 0.276953125 0.2078125 0.09140625
3 0.73515625 0.344140625 0.2796875 0.15703125
3 0.5 0.353515625 0.028125 0.07578125
5 0.49921875 0.4578125 0.2234375 0.190625
1 0.8640625 0.4609375 0.209375 0.0875
3 0.67890625 0.4671875 0.1890625 0.03125
3 0.50234375 0.572265625 0.0390625 0.07578125
1 0.4984375 0.646875 0.20625 0.0875
3 0.49921875 0.723046875 0.0328125 0.07734375
1 0.49921875 0.79609375 0.2015625 0.0890625
3 0.4984375 0.854296875 0.025 0.07109375
3 0.61171875 0.905859375 0.1953125 0.01796875
2 0.79296875 0.907421875 0.1984375 0.12734375
8 0.496875 0.909765625 0.0625 0.04453125
17 0.49921875 0.09140625 0.0515625 0.0453125
2 0.133984375 0.0921875 0.19296875 0.125
