3 0.5029296875 0.1705078125 0.030859375 0.134765625
1 0.49609375 0.2767578125 0.2078125 0.091015625
3 0.73515625 0.344140625 0.2796875 0.15703125
3 0.4998046875 0.353515625 0.027734375 0.07578125
5 0.49921875 0.4578125 0.2234375 0.190625
1 0.8640625 0.4607421875 0.209375 0.087109375
3 0.67890625 0.4671875 0.1890625 0.03125
3 0.5021484375 0.572265625 0.038671875 0.07578125
1 0.4984375 0.646875 0.20625 0.0875
3 0.4990234375 0.723046875 0.032421875 0.07734375
1 0.49921875 0.79609375 0.2015625 0.0890625
3 0.4984375 0.854296875 0.025 0.07109375
3 0.61171875 0.905859375 0.1953125 0.01796875
2 0.79296875 0.907421875 0.1984375 0.12734375
8 0.4966796875 0.909765625 0.062109375 0.04453125
17 0.4990234375 0.09140625 0.051171875 0.0453125
2 0.133984375 0.0919921875 0.19296875 0.124609375
