1 0.47109375 0.509765625 0.1421875 0.09453125
11 0.212109375 0.509765625 0.09296875 0.11328125
5 0.6625 0.5125 0.090625 0.1
3 0.76640625 0.51171875 0.1671875 0.0234375
1 0.90625 0.5125 0.146875 0.1
3 0.587109375 0.5140625 0.11796875 0.028125
3 0.3125 0.5140625 0.2 0.028125
3 0.90390625 0.591015625 0.0171875 0.07578125
1 0.209375 0.0640625 0.15 0.1
1 0.909375 0.6640625 0.15 0.090625
3 0.100390625 0.06640625 0.08203125 0.0296875
17 0.040625 0.06640625 0.0375 0.0484375
3 0.3109375 0.668359375 0.228125 0.24296875
3 0.8296875 0.75 0.2 0.08125
1 0.66015625 0.7734375 0.1546875 0.1
3 0.53125 0.7765625 0.121875 0.028125
5 0.455859375 0.7796875 0.08046875 0.109375
3 0.521875 0.873828125 0.15 0.12890625
1 0.6609375 0.923046875 0.146875 0.09609375
3 0.7625 0.92890625 0.075 0.0296875
8 0.82265625 0.92890625 0.0546875 0.0671875
3 0.32265625 0.108984375 0.0953125 0.10546875
11 0.3625 0.186328125 0.075 0.10390625
1 0.20859375 0.194921875 0.1421875 0.09609375
3 0.30625 0.19765625 0.0625 0.0234375
3 0.440625 0.2171875 0.1375 0.0625
1 0.475 0.2796875 0.15 0.1
3 0.2109375 0.29765625 0.021875 0.1390625
3 0.475 0.35703125 0.025 0.0953125
5 0.209375 0.390234375 0.075 0.10546875
11 0.475 0.39375 0.1 0.1
3 0.3421875 0.39765625 0.240625 0.0234375
3 0.581640625 0.4359375 0.19453125 0.109375
3 0.212109375 0.44765625 0.01796875 0.0671875
