1 0.1078125 0.13203125 0.159375 0.0546875
3 0.2421875 0.1359375 0.1375 0.028125
1 0.2984375 0.17265625 0.159375 0.0609375
2 0.0984375 0.1890625 0.1625 0.05625
3 0.36015625 0.2015625 0.1546875 0.0375
1 0.50234375 0.20546875 0.1609375 0.0578125
3 0.5046875 0.2390625 0.034375 0.0375
1 0.50546875 0.27421875 0.1765625 0.0609375
3 0.35625 0.2796875 0.16875 0.03125
2 0.91484375 0.290625 0.1671875 0.059375
1 0.3015625 0.31484375 0.1625 0.0546875
3 0.56484375 0.35078125 0.5359375 0.0546875
1 0.9015625 0.35625 0.159375 0.059375
3 0.90390625 0.390625 0.0390625 0.046875
3 0.55546875 0.41953125 0.5609375 0.0359375
18 0.69375 0.0421875 0.175 0.01875
1 0.9 0.421875 0.153125 0.0625
18 0.89765625 0.04453125 0.1640625 0.0234375
18 0.49453125 0.04453125 0.1640625 0.0171875
18 0.3046875 0.04609375 0.1875 0.0203125
18 0.11171875 0.04609375 0.1046875 0.0265625
1 0.3015625 0.4671875 0.159375 0.0625
3 0.45859375 0.50234375 0.3421875 0.0421875
1 0.7 0.50859375 0.16875 0.0578125
3 0.75 0.571875 0.078125 0.046875
3 0.69609375 0.5921875 0.0546875 0.04375
1 0.68203125 0.6296875 0.1609375 0.0625
3 0.44453125 0.6328125 0.3421875 0.034375
1 0.30859375 0.67578125 0.1546875 0.0546875
3 0.76875 0.69140625 0.03125 0.2203125
3 0.36171875 0.71171875 0.1640625 0.0359375
1 0.50078125 0.7109375 0.1640625 0.059375
17 0.10234375 0.07578125 0.0390625 0.0265625
3 0.34453125 0.7546875 0.3359375 0.040625
1 0.10546875 0.75390625 0.1640625 0.0578125
3 0.10625 0.78515625 0.025 0.0296875
3 0.7296875 0.8078125 0.1375 0.06875
8 0.10625 0.8140625 0.09375 0.046875
1 0.6953125 0.8625 0.159375 0.059375
3 0.365625 0.86875 0.534375 0.0375
1 0.11015625 0.909375 0.1640625 0.05625
3 0.10859375 0.940625 0.0296875 0.040625
8 0.1109375 0.965625 0.078125 0.04375
