8 0.7875 0.9296875 0.08125 0.090625
18 0.76875 0.096875 0.071875 0.04375
18 0.2859375 0.098828125 0.1125 0.02890625
17 0.2703125 0.209375 0.065625 0.075
3 0.2734375 0.291015625 0.015625 0.09453125
18 0.0765625 0.0375 0.146875 0.04375
1 0.795703125 0.366796875 0.18515625 0.11484375
3 0.53515625 0.3703125 0.3515625 0.025
1 0.271875 0.3703125 0.184375 0.084375
3 0.541796875 0.4328125 0.45859375 0.025
3 0.3203125 0.4703125 0.015625 0.078125
3 0.796875 0.4828125 0.01875 0.125
3 0.76953125 0.484375 0.0140625 0.090625
3 0.54375 0.50625 0.29375 0.015625
10 0.390234375 0.5359375 0.08046875 0.175
9 0.703125 0.538671875 0.078125 0.16484375
3 0.545703125 0.540625 0.29765625 0.01875
3 0.740625 0.540625 0.05 0.015625
5 0.321875 0.540625 0.084375 0.121875
3 0.35625 0.54375 0.01875 0.028125
3 0.54375 0.580078125 0.3 0.02265625
3 0.2703125 0.59765625 0.034375 0.1484375
3 0.7703125 0.6015625 0.0125 0.121875
3 0.320703125 0.61953125 0.01640625 0.0859375
3 0.5515625 0.659375 0.45625 0.025
1 0.79375 0.721875 0.1875 0.078125
1 0.265625 0.7234375 0.18125 0.109375
3 0.528125 0.723828125 0.35 0.02265625
3 0.78984375 0.821875 0.0140625 0.13125
