3 0.45546875 0.183984375 0.0109375 0.03359375
1 0.456640625 0.23828125 0.13515625 0.0984375
3 0.456640625 0.292578125 0.01953125 0.04140625
3 0.56484375 0.29609375 0.3390625 0.0453125
5 0.7078125 0.352734375 0.115625 0.18671875
1 0.39921875 0.3578125 0.1390625 0.1
3 0.6046875 0.36171875 0.15 0.0296875
17 0.4515625 0.03671875 0.1375 0.0734375
3 0.5375 0.369921875 0.021875 0.06796875
3 0.468359375 0.406640625 0.15859375 0.01640625
3 0.831640625 0.4125 0.02578125 0.6
3 0.361328125 0.43125 0.34765625 0.028125
3 0.29609375 0.43515625 0.0265625 0.0515625
3 0.20703125 0.4390625 0.0265625 0.05
3 0.731640625 0.43828125 0.05703125 0.0734375
3 0.401953125 0.44140625 0.02890625 0.0484375
3 0.503515625 0.442578125 0.03515625 0.05703125
5 0.50078125 0.50859375 0.1109375 0.1453125
5 0.198828125 0.509765625 0.10703125 0.14140625
5 0.398046875 0.51171875 0.09296875 0.1453125
1 0.742578125 0.5125 0.12890625 0.1
5 0.301953125 0.515625 0.10703125 0.146875
3 0.50234375 0.600390625 0.0265625 0.06640625
3 0.405078125 0.601953125 0.01328125 0.06328125
3 0.204296875 0.603125 0.01796875 0.075
3 0.298046875 0.6046875 0.01484375 0.075
3 0.745703125 0.60703125 0.01953125 0.1203125
1 0.298828125 0.66953125 0.09140625 0.1015625
1 0.403515625 0.67109375 0.09140625 0.1015625
1 0.50546875 0.67109375 0.0953125 0.1015625
1 0.201953125 0.671875 0.09765625 0.103125
11 0.74296875 0.70546875 0.1109375 0.1484375
3 0.632421875 0.709765625 0.14609375 0.03515625
3 0.80390625 0.709375 0.0609375 0.028125
3 0.402734375 0.7328125 0.01484375 0.05
3 0.301953125 0.7359375 0.01953125 0.05
3 0.204296875 0.7375 0.01796875 0.05
3 0.503125 0.736328125 0.021875 0.05703125
3 0.459375 0.078515625 0.021875 0.03515625
1 0.2984375 0.79921875 0.0875 0.0953125
1 0.2015625 0.8 0.1 0.103125
3 0.746484375 0.8 0.02109375 0.1
1 0.404296875 0.80078125 0.09296875 0.0984375
1 0.49921875 0.803125 0.0890625 0.096875
3 0.565234375 0.826953125 0.02421875 0.28203125
3 0.20390625 0.857421875 0.0109375 0.03984375
3 0.405859375 0.862109375 0.01796875 0.03984375
3 0.29921875 0.86328125 0.0109375 0.0484375
3 0.50078125 0.8671875 0.0171875 0.046875
3 0.354296875 0.878125 0.31484375 0.021875
8 0.745703125 0.88828125 0.13203125 0.0796875
3 0.359765625 0.89765625 0.01953125 0.0484375
1 0.361328125 0.954296875 0.13203125 0.08671875
3 0.494140625 0.9625 0.15390625 0.025
1 0.453515625 0.134375 0.13515625 0.103125
3 0.676171875 0.137109375 0.33671875 0.03671875
