3 0.45546875 0.1837890625 0.0109375 0.033203125
1 0.4568359375 0.237109375 0.135546875 0.09921875
3 0.4564453125 0.2923828125 0.019140625 0.041015625
3 0.56484375 0.29609375 0.3390625 0.0453125
5 0.7078125 0.3529296875 0.115625 0.187109375
1 0.398046875 0.3578125 0.13984375 0.1
3 0.6046875 0.36171875 0.15 0.0296875
17 0.4515625 0.03671875 0.1375 0.0734375
3 0.5375 0.3697265625 0.021875 0.067578125
3 0.4681640625 0.4068359375 0.158203125 0.016796875
3 0.8314453125 0.4125 0.025390625 0.6
3 0.3615234375 0.43125 0.348046875 0.028125
3 0.294921875 0.434765625 0.02734375 0.05078125
3 0.20703125 0.4390625 0.0265625 0.05
3 0.7314453125 0.43828125 0.056640625 0.0734375
3 0.4021484375 0.440234375 0.029296875 0.04921875
3 0.5037109375 0.4427734375 0.035546875 0.057421875
5 0.50078125 0.507421875 0.1109375 0.14609375
5 0.1986328125 0.5095703125 0.106640625 0.141015625
5 0.3982421875 0.510546875 0.093359375 0.14609375
1 0.7427734375 0.5125 0.129296875 0.1
5 0.3021484375 0.515625 0.107421875 0.146875
3 0.501171875 0.6001953125 0.02734375 0.066015625
3 0.4052734375 0.6017578125 0.013671875 0.062890625
3 0.2041015625 0.603125 0.017578125 0.075
3 0.2982421875 0.6046875 0.015234375 0.075
3 0.7455078125 0.60703125 0.019140625 0.1203125
1 0.2990234375 0.66953125 0.091796875 0.1015625
1 0.4033203125 0.67109375 0.091015625 0.1015625
1 0.504296875 0.67109375 0.09609375 0.1015625
1 0.2021484375 0.671875 0.098046875 0.103125
11 0.74296875 0.70546875 0.1109375 0.1484375
3 0.6326171875 0.7095703125 0.146484375 0.034765625
3 0.80390625 0.709375 0.0609375 0.028125
3 0.4025390625 0.7328125 0.014453125 0.05
3 0.3017578125 0.7359375 0.019140625 0.05
3 0.2041015625 0.7375 0.017578125 0.05
3 0.503125 0.7365234375 0.021875 0.057421875
3 0.459375 0.0787109375 0.021875 0.035546875
1 0.2984375 0.79921875 0.0875 0.0953125
1 0.2015625 0.8 0.1 0.103125
3 0.7462890625 0.8 0.020703125 0.1
1 0.4044921875 0.80078125 0.093359375 0.0984375
1 0.498046875 0.803125 0.08984375 0.096875
3 0.5650390625 0.8271484375 0.023828125 0.282421875
3 0.202734375 0.8572265625 0.01171875 0.039453125
3 0.4056640625 0.8619140625 0.017578125 0.039453125
3 0.29921875 0.862109375 0.0109375 0.04921875
3 0.499609375 0.8671875 0.01796875 0.046875
3 0.3541015625 0.878125 0.314453125 0.021875
8 0.7455078125 0.88828125 0.131640625 0.0796875
3 0.3595703125 0.89765625 0.019140625 0.0484375
1 0.3611328125 0.9544921875 0.131640625 0.087109375
3 0.4939453125 0.9625 0.153515625 0.025
1 0.4537109375 0.134375 0.135546875 0.103125
3 0.6763671875 0.1369140625 0.337109375 0.036328125
