3 0.45546875 0.184375 0.0109375 0.034375
1 0.45703125 0.237109375 0.1359375 0.09921875
3 0.456640625 0.292578125 0.01953125 0.04140625
3 0.56484375 0.29609375 0.3390625 0.0453125
5 0.7078125 0.353125 0.115625 0.1875
1 0.398046875 0.3578125 0.13984375 0.1
3 0.6046875 0.36171875 0.15 0.0296875
17 0.4515625 0.03671875 0.1375 0.0734375
3 0.5375 0.3703125 0.021875 0.06875
3 0.46875 0.4078125 0.159375 0.015625
3 0.831640625 0.4125 0.02578125 0.6
3 0.36171875 0.43125 0.3484375 0.028125
3 0.294921875 0.434765625 0.02734375 0.05078125
3 0.20703125 0.4390625 0.0265625 0.05
3 0.731640625 0.43828125 0.05703125 0.0734375
3 0.40234375 0.440234375 0.0296875 0.04921875
3 0.50390625 0.44296875 0.0359375 0.0578125
5 0.50078125 0.507421875 0.1109375 0.14609375
5 0.198046875 0.508984375 0.10859375 0.14296875
5 0.3984375 0.510546875 0.09375 0.14609375
1 0.74296875 0.5125 0.1296875 0.1
5 0.30234375 0.515625 0.1078125 0.146875
3 0.501171875 0.599609375 0.02734375 0.06796875
3 0.40546875 0.601171875 0.0140625 0.06484375
3 0.20390625 0.603125 0.0171875 0.075
3 0.2984375 0.6046875 0.015625 0.075
3 0.744921875 0.60703125 0.02109375 0.1203125
1 0.29921875 0.66953125 0.0921875 0.1015625
1 0.402734375 0.67109375 0.09296875 0.1015625
1 0.504296875 0.67109375 0.09609375 0.1015625
1 0.20234375 0.671875 0.0984375 0.103125
11 0.74296875 0.70546875 0.1109375 0.1484375
3 0.6328125 0.708984375 0.146875 0.03671875
3 0.80390625 0.709375 0.0609375 0.028125
3 0.403125 0.7328125 0.015625 0.05
3 0.301171875 0.7359375 0.02109375 0.05
3 0.20390625 0.7375 0.0171875 0.05
3 0.503125 0.73671875 0.021875 0.0578125
3 0.459375 0.07890625 0.021875 0.0359375
1 0.2984375 0.79921875 0.0875 0.0953125
1 0.2015625 0.8 0.1 0.103125
3 0.746875 0.8 0.021875 0.1
1 0.4046875 0.80078125 0.09375 0.0984375
1 0.498046875 0.803125 0.08984375 0.096875
3 0.565625 0.828125 0.025 0.28125
3 0.202734375 0.8578125 0.01171875 0.040625
3 0.40625 0.8625 0.01875 0.040625
3 0.29921875 0.862109375 0.0109375 0.04921875
3 0.499609375 0.8671875 0.01796875 0.046875
3 0.35390625 0.878125 0.3140625 0.021875
8 0.744921875 0.88828125 0.13359375 0.0796875
3 0.359765625 0.89765625 0.01953125 0.0484375
1 0.360546875 0.9546875 0.13359375 0.0875
3 0.493359375 0.9625 0.15546875 0.025
1 0.45390625 0.134375 0.1359375 0.103125
3 0.6765625 0.1375 0.3375 0.0375
