3 0.2265625 0.1765625 0.03125 0.059375
0 0.2109375 0.25078125 0.246875 0.0953125
3 0.2265625 0.332421875 0.025 0.08984375
9 0.3515625 0.378125 0.68125 0.065625
3 0.1609375 0.4109375 0.028125 0.05625
3 0.49765625 0.4140625 0.0296875 0.059375
0 0.499609375 0.49140625 0.24296875 0.1140625
0 0.162890625 0.5015625 0.24453125 0.134375
3 0.5 0.56953125 0.028125 0.0703125
3 0.1578125 0.58125 0.025 0.053125
10 0.346875 0.6125 0.678125 0.059375
18 0.1984375 0.06328125 0.175 0.0453125
18 0.859375 0.06484375 0.09375 0.0453125
3 0.6765625 0.6703125 0.36875 0.109375
0 0.8484375 0.776953125 0.253125 0.13515625
3 0.8515625 0.8671875 0.03125 0.06875
18 0.53671875 0.08984375 0.1234375 0.0859375
8 0.85078125 0.940625 0.0640625 0.078125
17 0.22578125 0.133203125 0.0453125 0.04765625
