8 0.809375 0.119921875 0.046875 0.04609375
3 0.2390625 0.121875 0.0625 0.025
0 0.15390625 0.121875 0.1359375 0.0625
0 0.3171875 0.122265625 0.115625 0.05703125
3 0.6515625 0.121875 0.0625 0.01875
0 0.716015625 0.121875 0.08203125 0.059375
3 0.765625 0.121875 0.053125 0.01875
3 0.396875 0.123046875 0.059375 0.02109375
0 0.44765625 0.1234375 0.0921875 0.078125
3 0.066015625 0.1234375 0.05703125 0.025
3 0.5234375 0.125 0.128125 0.01875
17 0.025 0.1265625 0.040625 0.04375
5 0.605078125 0.12578125 0.08515625 0.0734375
3 0.60390625 0.165625 0.0203125 0.053125
3 0.314453125 0.20234375 0.02265625 0.1296875
0 0.60625 0.22109375 0.0875 0.0703125
3 0.60546875 0.259375 0.0203125 0.046875
3 0.236328125 0.265625 0.15390625 0.03125
0 0.59609375 0.0265625 0.1359375 0.053125
0 0.60078125 0.30703125 0.1140625 0.0609375
3 0.6046875 0.357421875 0.015625 0.07109375
5 0.60390625 0.41328125 0.0828125 0.0953125
3 0.562890625 0.4453125 0.05703125 0.059375
3 0.64140625 0.453125 0.0640625 0.0625
1 0.482421875 0.5015625 0.13359375 0.075
1 0.725390625 0.50859375 0.12578125 0.0734375
3 0.48125 0.5515625 0.015625 0.034375
3 0.71875 0.5546875 0.015625 0.0625
5 0.480859375 0.58359375 0.09296875 0.0828125
5 0.7203125 0.59453125 0.078125 0.0796875
3 0.161328125 0.6015625 0.03515625 0.734375
3 0.48046875 0.6390625 0.0234375 0.059375
3 0.71875 0.63984375 0.015625 0.0515625
0 0.722265625 0.68359375 0.08203125 0.0609375
0 0.48203125 0.6859375 0.0859375 0.059375
3 0.661328125 0.68515625 0.06640625 0.0203125
3 0.54375 0.6875 0.0625 0.01875
11 0.603125 0.6875 0.1 0.08125
0 0.296875 0.696875 0.128125 0.065625
0 0.88046875 0.69921875 0.1015625 0.0671875
3 0.603125 0.071875 0.025 0.05625
3 0.500390625 0.07265625 0.08828125 0.0859375
3 0.60078125 0.7328125 0.0203125 0.04375
4 0.8125 0.7359375 0.06875 0.0625
3 0.387109375 0.740625 0.09296875 0.05625
5 0.439453125 0.77109375 0.09765625 0.0765625
0 0.904296875 0.7734375 0.08984375 0.065625
3 0.503515625 0.77265625 0.06953125 0.0203125
4 0.823046875 0.773828125 0.08984375 0.02265625
5 0.769140625 0.77421875 0.08828125 0.0734375
4 0.70234375 0.7765625 0.0671875 0.03125
0 0.603125 0.7796875 0.146875 0.065625
1 0.2953125 0.7859375 0.0875 0.075
4 0.81796875 0.81328125 0.0859375 0.0671875
4 0.890234375 0.8203125 0.03671875 0.046875
3 0.604296875 0.825 0.02734375 0.046875
3 0.57265625 0.82578125 0.0359375 0.0578125
5 0.60390625 0.858984375 0.0796875 0.08046875
11 0.873046875 0.86171875 0.09609375 0.0796875
11 0.33359375 0.86171875 0.0953125 0.0703125
3 0.3796875 0.867578125 0.034375 0.01640625
1 0.4484375 0.867578125 0.10625 0.07265625
1 0.7640625 0.8671875 0.109375 0.06875
3 0.53359375 0.86875 0.0765625 0.025
4 0.828515625 0.86796875 0.04453125 0.0203125
3 0.670703125 0.86875 0.08515625 0.01875
3 0.33984375 0.961328125 0.4265625 0.03515625
1 0.6015625 0.96484375 0.115625 0.0703125
