8 0.809375 0.12109375 0.046875 0.0453125
3 0.2390625 0.121875 0.0625 0.025
0 0.15390625 0.121875 0.1359375 0.0625
0 0.3171875 0.12265625 0.115625 0.0578125
3 0.6515625 0.121875 0.0625 0.01875
0 0.71640625 0.121875 0.0828125 0.059375
3 0.765625 0.121875 0.053125 0.01875
3 0.396875 0.12421875 0.059375 0.0203125
0 0.44765625 0.1234375 0.0921875 0.078125
3 0.06640625 0.1234375 0.0578125 0.025
3 0.5234375 0.125 0.128125 0.01875
17 0.025 0.1265625 0.040625 0.04375
5 0.60546875 0.12578125 0.0859375 0.0734375
3 0.60390625 0.165625 0.0203125 0.053125
3 0.31484375 0.20234375 0.0234375 0.1296875
0 0.60625 0.22109375 0.0875 0.0703125
3 0.60546875 0.259375 0.0203125 0.046875
3 0.23671875 0.265625 0.1546875 0.03125
0 0.59609375 0.0265625 0.1359375 0.053125
0 0.60078125 0.30703125 0.1140625 0.0609375
3 0.6046875 0.35859375 0.015625 0.0703125
5 0.60390625 0.41328125 0.0828125 0.0953125
3 0.56328125 0.4453125 0.0578125 0.059375
3 0.64140625 0.453125 0.0640625 0.0625
1 0.48359375 0.5015625 0.1328125 0.075
1 0.72578125 0.50859375 0.1265625 0.0734375
3 0.48125 0.5515625 0.015625 0.034375
3 0.71875 0.5546875 0.015625 0.0625
5 0.48203125 0.58359375 0.0921875 0.0828125
5 0.7203125 0.59453125 0.078125 0.0796875
3 0.16171875 0.6015625 0.0359375 0.734375
3 0.48046875 0.6390625 0.0234375 0.059375
3 0.71875 0.63984375 0.015625 0.0515625
0 0.72265625 0.68359375 0.0828125 0.0609375
0 0.48203125 0.6859375 0.0859375 0.059375
3 0.66171875 0.68515625 0.0671875 0.0203125
3 0.54375 0.6875 0.0625 0.01875
11 0.603125 0.6875 0.1 0.08125
0 0.296875 0.696875 0.128125 0.065625
0 0.88046875 0.69921875 0.1015625 0.0671875
3 0.603125 0.071875 0.025 0.05625
3 0.50078125 0.07265625 0.0890625 0.0859375
3 0.60078125 0.7328125 0.0203125 0.04375
4 0.8125 0.7359375 0.06875 0.0625
3 0.38828125 0.740625 0.0921875 0.05625
5 0.43984375 0.77109375 0.0984375 0.0765625
0 0.90546875 0.7734375 0.0890625 0.065625
3 0.50390625 0.77265625 0.0703125 0.0203125
4 0.82421875 0.77421875 0.0890625 0.0234375
5 0.76953125 0.77421875 0.0890625 0.0734375
4 0.70234375 0.7765625 0.0671875 0.03125
0 0.603125 0.7796875 0.146875 0.065625
1 0.2953125 0.7859375 0.0875 0.075
4 0.81796875 0.81328125 0.0859375 0.0671875
4 0.89140625 0.8203125 0.0359375 0.046875
3 0.60546875 0.825 0.0265625 0.046875
3 0.57265625 0.82578125 0.0359375 0.0578125
5 0.60390625 0.86015625 0.0796875 0.0796875
11 0.87421875 0.86171875 0.0953125 0.0796875
11 0.33359375 0.86171875 0.0953125 0.0703125
3 0.3796875 0.86796875 0.034375 0.0171875
1 0.4484375 0.86796875 0.10625 0.0734375
1 0.7640625 0.8671875 0.109375 0.06875
3 0.53359375 0.86875 0.0765625 0.025
4 0.82890625 0.86796875 0.0453125 0.0203125
3 0.67109375 0.86875 0.0859375 0.01875
3 0.33984375 0.96171875 0.4265625 0.0359375
1 0.6015625 0.96484375 0.115625 0.0703125
