0 0.4515625 0.10625 0.184375 0.05625
3 0.113671875 0.13515625 0.02734375 0.0828125
3 0.4484375 0.141015625 0.028125 0.03828125
18 0.85 0.0171875 0.25 0.028125
0 0.45 0.175390625 0.14375 0.05078125
18 0.11875 0.01953125 0.184375 0.0265625
0 0.11640625 0.187890625 0.1890625 0.06328125
3 0.448046875 0.2046875 0.02734375 0.0375
18 0.4734375 0.02109375 0.25625 0.0328125
3 0.11328125 0.236328125 0.0234375 0.06640625
0 0.4515625 0.238671875 0.259375 0.05234375
0 0.85 0.24921875 0.19375 0.0515625
3 0.4515625 0.2640625 0.021875 0.0375
0 0.11171875 0.284375 0.1140625 0.05625
3 0.8484375 0.296484375 0.0375 0.06796875
0 0.450390625 0.301953125 0.18828125 0.05390625
3 0.447265625 0.3390625 0.02578125 0.040625
3 0.7296875 0.35 0.04375 0.240625
0 0.8453125 0.353125 0.215625 0.05625
5 0.446875 0.362890625 0.075 0.06953125
3 0.37265625 0.36328125 0.1234375 0.0265625
3 0.5109375 0.366796875 0.090625 0.03984375
9 0.55390625 0.3828125 0.1015625 0.05625
3 0.8390625 0.391796875 0.05 0.04609375
3 0.3296875 0.39296875 0.034375 0.0796875
5 0.8296875 0.42421875 0.09375 0.0828125
0 0.33046875 0.452734375 0.2078125 0.05546875
0 0.637109375 0.4546875 0.16171875 0.0625
0 0.4984375 0.45625 0.115625 0.059375
3 0.325390625 0.487109375 0.02578125 0.03671875
3 0.687109375 0.48828125 0.09921875 0.0359375
3 0.83125 0.4953125 0.028125 0.11875
3 0.5234375 0.51875 0.06875 0.090625
0 0.32890625 0.5234375 0.1921875 0.053125
3 0.7078125 0.5484375 0.284375 0.03125
11 0.5609375 0.56875 0.115625 0.090625
3 0.559375 0.606640625 0.028125 0.06953125
0 0.557421875 0.66171875 0.17109375 0.0609375
3 0.349609375 0.6921875 0.06171875 0.303125
3 0.55625 0.705078125 0.028125 0.04140625
0 0.556640625 0.74453125 0.18828125 0.0640625
18 0.609375 0.821484375 0.225 0.03046875
3 0.6765625 0.8453125 0.25625 0.1625
0 0.35234375 0.85859375 0.1828125 0.0640625
8 0.10703125 0.858984375 0.0546875 0.05546875
3 0.19765625 0.861328125 0.1390625 0.03515625
17 0.11796875 0.089453125 0.0515625 0.03515625
8 0.112109375 0.943359375 0.05546875 0.04296875
0 0.78203125 0.94921875 0.1921875 0.0578125
0 0.5328125 0.949609375 0.165625 0.05546875
3 0.29375 0.95 0.33125 0.028125
3 0.653125 0.95 0.09375 0.021875
