0 0.4515625 0.10625 0.184375 0.05625
3 0.11484375 0.13515625 0.0265625 0.0828125
3 0.4484375 0.14140625 0.028125 0.0390625
18 0.85 0.0171875 0.25 0.028125
0 0.45 0.17578125 0.14375 0.0515625
18 0.11875 0.01953125 0.184375 0.0265625
0 0.11640625 0.18828125 0.1890625 0.0640625
3 0.44921875 0.2046875 0.0265625 0.0375
18 0.4734375 0.02109375 0.25625 0.0328125
3 0.11328125 0.23671875 0.0234375 0.0671875
0 0.4515625 0.23984375 0.259375 0.0515625
0 0.85 0.24921875 0.19375 0.0515625
3 0.4515625 0.2640625 0.021875 0.0375
0 0.11171875 0.284375 0.1140625 0.05625
3 0.8484375 0.29765625 0.0375 0.0671875
0 0.45078125 0.30234375 0.1890625 0.0546875
3 0.44765625 0.3390625 0.0265625 0.040625
3 0.7296875 0.35 0.04375 0.240625
0 0.8453125 0.353125 0.215625 0.05625
5 0.446875 0.36328125 0.075 0.0703125
3 0.37265625 0.36328125 0.1234375 0.0265625
3 0.5109375 0.36796875 0.090625 0.0390625
9 0.55390625 0.3828125 0.1015625 0.05625
3 0.8390625 0.39296875 0.05 0.0453125
3 0.3296875 0.39296875 0.034375 0.0796875
5 0.8296875 0.42421875 0.09375 0.0828125
0 0.33046875 0.45390625 0.2078125 0.0546875
0 0.63828125 0.4546875 0.1609375 0.0625
0 0.4984375 0.45625 0.115625 0.059375
3 0.32578125 0.48828125 0.0265625 0.0359375
3 0.68828125 0.48828125 0.0984375 0.0359375
3 0.83125 0.4953125 0.028125 0.11875
3 0.5234375 0.51875 0.06875 0.090625
0 0.32890625 0.5234375 0.1921875 0.053125
3 0.7078125 0.5484375 0.284375 0.03125
11 0.5609375 0.56875 0.115625 0.090625
3 0.559375 0.60703125 0.028125 0.0703125
0 0.55859375 0.66171875 0.1703125 0.0609375
3 0.35078125 0.6921875 0.0609375 0.303125
3 0.55625 0.70546875 0.028125 0.0421875
0 0.55703125 0.74453125 0.1890625 0.0640625
18 0.609375 0.82265625 0.225 0.0296875
3 0.6765625 0.8453125 0.25625 0.1625
0 0.35234375 0.85859375 0.1828125 0.0640625
8 0.10703125 0.86015625 0.0546875 0.0546875
3 0.19765625 0.86171875 0.1390625 0.0359375
17 0.11796875 0.08984375 0.0515625 0.0359375
8 0.11328125 0.94453125 0.0546875 0.0421875
0 0.78203125 0.94921875 0.1921875 0.0578125
0 0.5328125 0.95078125 0.165625 0.0546875
3 0.29375 0.95 0.33125 0.028125
3 0.653125 0.95 0.09375 0.021875
