3 0.237890625 0.384375 0.24453125 0.075
18 0.758203125 0.402734375 0.11015625 0.02421875
1 0.45703125 0.405859375 0.2265625 0.06484375
3 0.4484375 0.4453125 0.046875 0.034375
5 0.450390625 0.46796875 0.11015625 0.0859375
3 0.641796875 0.474609375 0.34296875 0.02421875
18 0.5734375 0.502734375 0.121875 0.02734375
1 0.785546875 0.505859375 0.22109375 0.06484375
3 0.645703125 0.550390625 0.36015625 0.04453125
18 0.583984375 0.57265625 0.09921875 0.0203125
17 0.142578125 0.058203125 0.07578125 0.04140625
1 0.45390625 0.605859375 0.2328125 0.06171875
3 0.39609375 0.646875 0.1859375 0.034375
18 0.43671875 0.06484375 0.1046875 0.0203125
1 0.255859375 0.650390625 0.13984375 0.04765625
3 0.13671875 0.66328125 0.1453125 0.0515625
3 0.30625 0.7 0.25 0.0375
5 0.453125 0.699609375 0.128125 0.06484375
3 0.133203125 0.70234375 0.15078125 0.0546875
1 0.458984375 0.762109375 0.25546875 0.05859375
18 0.79375 0.080859375 0.121875 0.03046875
1 0.266796875 0.805078125 0.17421875 0.04765625
18 0.226171875 0.082421875 0.09296875 0.02734375
1 0.137109375 0.854296875 0.18046875 0.05859375
3 0.319140625 0.854296875 0.24453125 0.03046875
3 0.4484375 0.882421875 0.046875 0.06484375
3 0.226953125 0.923046875 0.19765625 0.02421875
8 0.134375 0.925390625 0.08125 0.04765625
1 0.452734375 0.926171875 0.25546875 0.05859375
18 0.230078125 0.96640625 0.07578125 0.0203125
1 0.13046875 0.121875 0.1921875 0.071875
18 0.462109375 0.01640625 0.26171875 0.0171875
3 0.27578125 0.13671875 0.1921875 0.0203125
1 0.45078125 0.140625 0.2265625 0.06875
18 0.790234375 0.018359375 0.09296875 0.02421875
3 0.346875 0.177734375 0.33125 0.02734375
1 0.124609375 0.1984375 0.18046875 0.06875
18 0.14296875 0.019921875 0.1453125 0.02734375
18 0.770703125 0.223046875 0.15703125 0.02734375
3 0.24765625 0.24296875 0.2265625 0.0546875
1 0.45703125 0.244921875 0.2265625 0.06484375
1 0.133984375 0.328125 0.22109375 0.071875
1 0.451171875 0.3296875 0.21484375 0.06875
3 0.296875 0.33671875 0.1625 0.0203125
