3 0.2380859375 0.384375 0.244921875 0.075
18 0.7583984375 0.4025390625 0.110546875 0.023828125
1 0.456640625 0.4056640625 0.22578125 0.064453125
3 0.4484375 0.4453125 0.046875 0.034375
5 0.4505859375 0.467578125 0.110546875 0.08515625
3 0.6419921875 0.4744140625 0.343359375 0.023828125
18 0.5734375 0.5029296875 0.121875 0.027734375
1 0.7853515625 0.5056640625 0.220703125 0.064453125
3 0.6455078125 0.5501953125 0.359765625 0.044140625
18 0.5841796875 0.572265625 0.099609375 0.01953125
17 0.1423828125 0.0583984375 0.075390625 0.041796875
1 0.453515625 0.6060546875 0.23203125 0.062109375
3 0.395703125 0.646875 0.18515625 0.034375
18 0.436328125 0.06484375 0.10390625 0.0203125
1 0.2556640625 0.6505859375 0.139453125 0.048046875
3 0.13671875 0.662890625 0.1453125 0.05078125
3 0.30625 0.7 0.25 0.0375
5 0.453125 0.6998046875 0.128125 0.065234375
3 0.1333984375 0.70234375 0.151171875 0.0546875
1 0.4591796875 0.7619140625 0.255859375 0.058203125
18 0.79375 0.0806640625 0.121875 0.030078125
1 0.2669921875 0.8048828125 0.174609375 0.047265625
18 0.2263671875 0.0822265625 0.093359375 0.026953125
1 0.1369140625 0.8544921875 0.180078125 0.058984375
3 0.3193359375 0.8544921875 0.244921875 0.030859375
3 0.4484375 0.8822265625 0.046875 0.064453125
3 0.2267578125 0.9228515625 0.197265625 0.023828125
8 0.134375 0.9251953125 0.08125 0.047265625
1 0.4529296875 0.9263671875 0.255859375 0.058984375
18 0.2298828125 0.966015625 0.075390625 0.01953125
1 0.13046875 0.121875 0.1921875 0.071875
18 0.4623046875 0.015234375 0.262109375 0.01796875
3 0.27578125 0.13671875 0.1921875 0.0203125
1 0.45078125 0.140625 0.2265625 0.06875
18 0.7904296875 0.0185546875 0.093359375 0.024609375
3 0.346875 0.1779296875 0.33125 0.027734375
1 0.1248046875 0.1984375 0.180859375 0.06875
18 0.141796875 0.0201171875 0.14609375 0.027734375
18 0.7705078125 0.2228515625 0.156640625 0.026953125
3 0.247265625 0.24296875 0.22578125 0.0546875
1 0.456640625 0.2447265625 0.22578125 0.064453125
1 0.1337890625 0.328125 0.220703125 0.071875
1 0.4509765625 0.3296875 0.214453125 0.06875
3 0.296875 0.335546875 0.1625 0.02109375
