1 0.2078125 0.2703125 0.403125 0.134375
1 0.7921875 0.27265625 0.4125 0.1296875
3 0.49453125 0.2734375 0.2265625 0.028125
3 0.79609375 0.36015625 0.0328125 0.0859375
1 0.79296875 0.46171875 0.4140625 0.1265625
1 0.2078125 0.46171875 0.409375 0.1359375
3 0.49453125 0.46484375 0.2046875 0.0359375
3 0.20703125 0.56015625 0.0453125 0.0890625
17 0.19921875 0.06328125 0.1765625 0.1109375
1 0.79375 0.64921875 0.4125 0.1359375
1 0.20546875 0.653125 0.4109375 0.13125
3 0.4953125 0.65859375 0.2 0.0359375
3 0.8 0.778125 0.046875 0.146875
8 0.19765625 0.91484375 0.1515625 0.1265625
1 0.79296875 0.91484375 0.4140625 0.1703125
3 0.4359375 0.9171875 0.35625 0.040625
3 0.20234375 0.1671875 0.0453125 0.115625
