5 0.49296875 0.4546875 0.2171875 0.184375
3 0.6796875 0.46171875 0.1875 0.0328125
1 0.86171875 0.464453125 0.2078125 0.09140625
3 0.49765625 0.57421875 0.0296875 0.0734375
1 0.4953125 0.648828125 0.2125 0.09140625
3 0.500390625 0.725 0.04453125 0.084375
1 0.4953125 0.796484375 0.221875 0.09296875
3 0.5 0.85546875 0.025 0.0640625
17 0.500390625 0.0890625 0.06328125 0.05625
2 0.1359375 0.090625 0.203125 0.125
3 0.61328125 0.907421875 0.1828125 0.03359375
8 0.4984375 0.909375 0.059375 0.053125
2 0.79765625 0.9125 0.2078125 0.1375
3 0.49765625 0.175 0.0203125 0.125
1 0.4953125 0.27890625 0.2125 0.0921875
3 0.733984375 0.34375 0.28671875 0.15625
3 0.5 0.35546875 0.025 0.0765625
