0 0.24921875 0.26953125 0.0953125 0.1640625
3 0.31171875 0.27265625 0.0453125 0.0671875
3 0.18125 0.27578125 0.053125 0.0453125
3 0.37734375 0.38125 0.0421875 0.075
10 0.340625 0.384375 0.059375 0.45625
0 0.4546875 0.384375 0.1125 0.1875
3 0.5296875 0.3890625 0.040625 0.090625
3 0.590625 0.4921875 0.040625 0.075
3 0.31171875 0.49609375 0.0453125 0.0671875
0 0.66875 0.496875 0.1125 0.1875
0 0.821875 0.496875 0.109375 0.171875
0 0.2484375 0.496875 0.09375 0.171875
10 0.5578125 0.5046875 0.053125 0.709375
3 0.74375 0.50390625 0.046875 0.0671875
3 0.1796875 0.50390625 0.05625 0.0671875
3 0.890625 0.5453125 0.034375 0.19375
18 0.1578125 0.059375 0.15625 0.075
3 0.84609375 0.61640625 0.1171875 0.0671875
3 0.81796875 0.6828125 0.0515625 0.171875
3 0.18125 0.725 0.053125 0.075
3 0.41875 0.72734375 0.2625 0.0828125
0 0.2484375 0.73203125 0.09375 0.1640625
