0 0.24921875 0.269140625 0.0953125 0.16328125
3 0.31171875 0.27265625 0.0453125 0.0671875
3 0.18125 0.2755859375 0.053125 0.044921875
3 0.376953125 0.38125 0.04140625 0.075
10 0.3400390625 0.3841796875 0.058203125 0.455859375
0 0.4541015625 0.3841796875 0.111328125 0.187109375
3 0.5291015625 0.3884765625 0.039453125 0.089453125
3 0.5900390625 0.4921875 0.039453125 0.075
3 0.31171875 0.49609375 0.0453125 0.0671875
0 0.6685546875 0.4962890625 0.112109375 0.186328125
0 0.8212890625 0.496875 0.108203125 0.171875
0 0.2478515625 0.496875 0.092578125 0.171875
10 0.5578125 0.5041015625 0.053125 0.708203125
3 0.7427734375 0.50390625 0.048046875 0.0671875
3 0.1791015625 0.50390625 0.055078125 0.0671875
3 0.890625 0.5453125 0.034375 0.19375
18 0.1578125 0.059375 0.15625 0.075
3 0.8458984375 0.615234375 0.116796875 0.06796875
3 0.8177734375 0.6828125 0.051171875 0.171875
3 0.18125 0.725 0.053125 0.075
3 0.41875 0.7271484375 0.2625 0.082421875
0 0.2478515625 0.731640625 0.092578125 0.16328125
