0 0.24921875 0.26953125 0.0953125 0.1640625
3 0.31171875 0.27265625 0.0453125 0.0671875
3 0.18125 0.275390625 0.053125 0.04453125
3 0.37734375 0.38125 0.0421875 0.075
10 0.340234375 0.383984375 0.05859375 0.45546875
0 0.454296875 0.383984375 0.11171875 0.18671875
3 0.529296875 0.388671875 0.03984375 0.08984375
3 0.590234375 0.4921875 0.03984375 0.075
3 0.31171875 0.49609375 0.0453125 0.0671875
0 0.668359375 0.496484375 0.11171875 0.18671875
0 0.821484375 0.496875 0.10859375 0.171875
0 0.248046875 0.496875 0.09296875 0.171875
10 0.5578125 0.504296875 0.053125 0.70859375
3 0.742578125 0.50390625 0.04765625 0.0671875
3 0.179296875 0.50390625 0.05546875 0.0671875
3 0.890625 0.5453125 0.034375 0.19375
18 0.1578125 0.059375 0.15625 0.075
3 0.845703125 0.61640625 0.11640625 0.0671875
3 0.817578125 0.6828125 0.05078125 0.171875
3 0.18125 0.725 0.053125 0.075
3 0.41875 0.726953125 0.2625 0.08203125
0 0.248046875 0.73203125 0.09296875 0.1640625
