3 0.270703125 0.455078125 0.03203125 0.07265625
5 0.27890625 0.491015625 0.1109375 0.08515625
3 0.881640625 0.5046875 0.04140625 0.1625
3 0.18046875 0.538671875 0.1484375 0.10234375
3 0.366015625 0.54375 0.15703125 0.09375
0 0.8703125 0.624609375 0.259375 0.10234375
0 0.13203125 0.62578125 0.2546875 0.0984375
0 0.421875 0.625390625 0.278125 0.10703125
3 0.576953125 0.06875 0.03203125 0.06875
3 0.180078125 0.7265625 0.16640625 0.128125
3 0.3640625 0.729296875 0.153125 0.12421875
11 0.271875 0.76796875 0.125 0.0984375
3 0.733203125 0.77421875 0.31953125 0.2140625
3 0.412109375 0.834375 0.30546875 0.09375
10 0.583203125 0.8921875 0.16640625 0.08125
3 0.57734375 0.931640625 0.0234375 0.06015625
8 0.572265625 0.9765625 0.05078125 0.046875
0 0.569140625 0.13515625 0.20390625 0.0984375
3 0.575 0.209375 0.028125 0.06875
17 0.574609375 0.02578125 0.06484375 0.0515625
9 0.571484375 0.264453125 0.20859375 0.11953125
3 0.742578125 0.305859375 0.31953125 0.08984375
3 0.407421875 0.3109375 0.32421875 0.08125
0 0.873046875 0.376171875 0.18984375 0.10234375
1 0.278515625 0.384375 0.18515625 0.09375
