3 0.2708984375 0.4552734375 0.032421875 0.073046875
5 0.277734375 0.4912109375 0.11171875 0.085546875
3 0.8818359375 0.5046875 0.041796875 0.1625
3 0.18046875 0.5384765625 0.1484375 0.101953125
3 0.3658203125 0.54375 0.156640625 0.09375
0 0.8703125 0.6244140625 0.259375 0.101953125
0 0.13203125 0.62578125 0.2546875 0.0984375
0 0.421875 0.6255859375 0.278125 0.107421875
3 0.5767578125 0.06875 0.031640625 0.06875
3 0.1802734375 0.7265625 0.166796875 0.128125
3 0.3640625 0.7291015625 0.153125 0.123828125
11 0.271875 0.767578125 0.125 0.09765625
3 0.7333984375 0.773046875 0.319921875 0.21484375
3 0.4119140625 0.834375 0.305078125 0.09375
10 0.5833984375 0.8921875 0.166796875 0.08125
3 0.576953125 0.9314453125 0.02265625 0.059765625
8 0.5720703125 0.9765625 0.050390625 0.046875
0 0.5693359375 0.133984375 0.204296875 0.09921875
3 0.575 0.209375 0.028125 0.06875
17 0.5744140625 0.02578125 0.064453125 0.0515625
9 0.5716796875 0.2646484375 0.208984375 0.119921875
3 0.7427734375 0.3056640625 0.319921875 0.089453125
3 0.4072265625 0.3109375 0.323828125 0.08125
0 0.8728515625 0.3759765625 0.189453125 0.101953125
1 0.2783203125 0.384375 0.184765625 0.09375
