1 0.698046875 0.48828125 0.35234375 0.1046875
3 0.671875 0.545703125 0.0375 0.04765625
9 0.68203125 0.577734375 0.4359375 0.06796875
3 0.55625 0.60625 0.05 0.046875
3 0.814453125 0.606640625 0.05390625 0.03828125
1 0.8640625 0.66796875 0.271875 0.0953125
1 0.1296875 0.66796875 0.259375 0.1609375
1 0.52109375 0.670703125 0.3390625 0.09765625
3 0.586328125 0.7703125 0.06640625 0.128125
3 0.79375 0.77265625 0.0625 0.1234375
3 0.1078125 0.803125 0.0375 0.128125
3 0.215625 0.81953125 0.121875 0.1703125
10 0.716796875 0.8328125 0.36484375 0.071875
3 0.696875 0.8703125 0.0375 0.053125
8 0.1078125 0.9265625 0.1375 0.1375
3 0.541796875 0.93125 0.07109375 0.04375
1 0.38671875 0.93125 0.2390625 0.1
1 0.7453125 0.9359375 0.34375 0.1
3 0.37421875 0.1171875 0.0296875 0.08125
1 0.36796875 0.19921875 0.2765625 0.1046875
3 0.196484375 0.234375 0.09296875 0.071875
3 0.3734375 0.266015625 0.025 0.05703125
3 0.24296875 0.30625 0.1671875 0.090625
1 0.67578125 0.32734375 0.3140625 0.1046875
5 0.37421875 0.3296875 0.1296875 0.146875
3 0.48359375 0.34375 0.1046875 0.04375
3 0.659375 0.40625 0.0375 0.08125
