18 0.1765625 0.0546875 0.06875 0.04375
3 0.698828125 0.64453125 0.25390625 0.2078125
0 0.4890625 0.719140625 0.171875 0.12578125
3 0.32734375 0.71875 0.1609375 0.05
0 0.17265625 0.72109375 0.1703125 0.1203125
3 0.17265625 0.814453125 0.0328125 0.09765625
8 0.171875 0.89375 0.065625 0.071875
17 0.17265625 0.1375 0.0609375 0.065625
3 0.175 0.2046875 0.021875 0.09375
0 0.488671875 0.30078125 0.16484375 0.1203125
3 0.65 0.3015625 0.171875 0.04375
0 0.811328125 0.30078125 0.16640625 0.1203125
3 0.3328125 0.303515625 0.15625 0.03828125
0 0.17421875 0.306640625 0.1671875 0.11953125
3 0.812890625 0.4078125 0.03203125 0.115625
3 0.4640625 0.440625 0.615625 0.16875
18 0.49453125 0.051171875 0.1171875 0.03984375
18 0.822265625 0.0546875 0.10078125 0.04375
5 0.8125 0.499609375 0.1125 0.14921875
