18 0.1765625 0.0546875 0.06875 0.04375
3 0.698828125 0.64453125 0.25390625 0.2078125
0 0.4888671875 0.7189453125 0.171484375 0.125390625
3 0.3271484375 0.7185546875 0.160546875 0.049609375
0 0.1728515625 0.72109375 0.170703125 0.1203125
3 0.17265625 0.814453125 0.0328125 0.09765625
8 0.171875 0.8935546875 0.065625 0.071484375
17 0.1728515625 0.1375 0.061328125 0.065625
3 0.175 0.2044921875 0.021875 0.093359375
0 0.4892578125 0.30078125 0.162890625 0.1203125
3 0.6494140625 0.3015625 0.170703125 0.04375
0 0.811328125 0.30078125 0.16640625 0.1203125
3 0.3328125 0.3033203125 0.15625 0.037890625
0 0.17421875 0.306640625 0.1671875 0.11953125
3 0.812890625 0.4072265625 0.03203125 0.114453125
3 0.4634765625 0.4396484375 0.614453125 0.169921875
18 0.4943359375 0.0517578125 0.116796875 0.037890625
18 0.822265625 0.0546875 0.10078125 0.04375
5 0.8125 0.5001953125 0.1125 0.147265625
