0 0.73359375 0.5328125 0.1671875 0.078125
3 0.7359375 0.5953125 0.025 0.059375
5 0.7359375 0.6484375 0.065625 0.0875
3 0.54140625 0.66875 0.3421875 0.059375
3 0.84765625 0.67109375 0.1828125 0.0828125
5 0.26796875 0.6984375 0.0734375 0.078125
3 0.54296875 0.734375 0.5171875 0.1125
0 0.88828125 0.746875 0.1828125 0.078125
17 0.04765625 0.08125 0.0453125 0.04375
3 0.15234375 0.08125 0.1921875 0.025
11 0.26015625 0.0828125 0.0734375 0.059375
3 0.27109375 0.82734375 0.0203125 0.2296875
3 0.44140625 0.83984375 0.3703125 0.0296875
0 0.7203125 0.8390625 0.2125 0.078125
3 0.6609375 0.8859375 0.028125 0.034375
3 0.44140625 0.92734375 0.3703125 0.0296875
3 0.78515625 0.93203125 0.1796875 0.0390625
8 0.88671875 0.9328125 0.0484375 0.059375
0 0.66328125 0.93515625 0.0890625 0.0828125
3 0.3859375 0.13671875 0.203125 0.1171875
3 0.17265625 0.14921875 0.1515625 0.1328125
1 0.4734375 0.2328125 0.175 0.103125
0 0.83828125 0.23203125 0.1796875 0.0828125
3 0.65234375 0.2375 0.2078125 0.034375
1 0.09140625 0.24375 0.1421875 0.078125
3 0.203125 0.26640625 0.10625 0.0640625
3 0.821875 0.29609375 0.025 0.0546875
3 0.5984375 0.30703125 0.446875 0.0390625
0 0.27265625 0.32890625 0.2359375 0.0734375
3 0.27734375 0.4078125 0.0234375 0.09375
0 0.7421875 0.4203125 0.215625 0.078125
3 0.5171875 0.45390625 0.253125 0.0984375
3 0.73671875 0.47421875 0.0328125 0.0484375
0 0.27421875 0.48046875 0.2484375 0.0734375
