0 0.73359375 0.5328125 0.1671875 0.078125
3 0.7359375 0.5953125 0.025 0.059375
5 0.7359375 0.6484375 0.065625 0.0875
3 0.540234375 0.66875 0.34296875 0.059375
3 0.84765625 0.67109375 0.1828125 0.0828125
5 0.26796875 0.6984375 0.0734375 0.078125
3 0.54296875 0.734375 0.5171875 0.1125
0 0.88828125 0.746875 0.1828125 0.078125
17 0.047265625 0.08125 0.04453125 0.04375
3 0.15234375 0.08125 0.1921875 0.025
11 0.26015625 0.0828125 0.0734375 0.059375
3 0.269921875 0.826953125 0.02109375 0.22890625
3 0.44140625 0.839453125 0.3703125 0.02890625
0 0.7203125 0.8390625 0.2125 0.078125
3 0.6609375 0.8859375 0.028125 0.034375
3 0.44140625 0.926953125 0.3703125 0.02890625
3 0.783984375 0.93203125 0.18046875 0.0390625
8 0.886328125 0.9328125 0.04765625 0.059375
0 0.662890625 0.934765625 0.08828125 0.08203125
3 0.3859375 0.13671875 0.203125 0.1171875
3 0.17265625 0.148046875 0.1515625 0.13359375
1 0.4734375 0.2328125 0.175 0.103125
0 0.837109375 0.23203125 0.18046875 0.0828125
3 0.65234375 0.2375 0.2078125 0.034375
1 0.09140625 0.24375 0.1421875 0.078125
3 0.203125 0.266015625 0.10625 0.06328125
3 0.821875 0.295703125 0.025 0.05390625
3 0.5984375 0.30703125 0.446875 0.0390625
0 0.27265625 0.32890625 0.2359375 0.0734375
3 0.276953125 0.4078125 0.02265625 0.09375
0 0.7421875 0.4203125 0.215625 0.078125
3 0.5171875 0.45390625 0.253125 0.0984375
3 0.735546875 0.473828125 0.03359375 0.04765625
0 0.27421875 0.48046875 0.2484375 0.0734375
