3 0.6359375 0.50703125 0.025 0.0671875
3 0.4109375 0.53125 0.259375 0.09375
0 0.64609375 0.5765625 0.1453125 0.0625
3 0.6328125 0.61171875 0.015625 0.0390625
18 0.47890625 0.0640625 0.5640625 0.090625
18 0.3328125 0.0640625 0.246875 0.08125
18 0.61484375 0.06640625 0.2765625 0.0765625
3 0.6609375 0.696484375 0.05 0.06796875
0 0.4859375 0.7609375 0.159375 0.0625
0 0.6765625 0.76328125 0.146875 0.0671875
0 0.83671875 0.76328125 0.1421875 0.0671875
3 0.5671875 0.8234375 0.146875 0.08125
3 0.6578125 0.90546875 0.025 0.0671875
8 0.65703125 0.9546875 0.0421875 0.053125
18 0.74375 0.15 0.121875 0.04375
18 0.12109375 0.14921875 0.0921875 0.0328125
17 0.240625 0.170703125 0.0375 0.04765625
3 0.24453125 0.215625 0.0296875 0.071875
0 0.246484375 0.270703125 0.14296875 0.06640625
3 0.24453125 0.3171875 0.0296875 0.046875
0 0.24375 0.3671875 0.15 0.0625
3 0.4453125 0.375 0.25625 0.028125
0 0.63359375 0.37421875 0.1453125 0.0671875
3 0.6359375 0.425 0.015625 0.053125
5 0.628125 0.450390625 0.075 0.07578125
0 0.25 0.453125 0.146875 0.071875
3 0.4640625 0.46171875 0.284375 0.0328125
