18 0.50625 0.05546875 0.53125 0.0890625
18 0.40859375 0.553125 0.1609375 0.125
3 0.88203125 0.5546875 0.0921875 0.203125
5 0.49296875 0.70078125 0.1296875 0.1609375
3 0.6734375 0.70546875 0.25625 0.0578125
8 0.3453125 0.70625 0.05 0.078125
3 0.403125 0.70859375 0.065625 0.0421875
0 0.8890625 0.7109375 0.184375 0.13125
18 0.09921875 0.82265625 0.1609375 0.0421875
3 0.7640625 0.8546875 0.275 0.178125
0 0.53984375 0.9171875 0.1796875 0.146875
8 0.359375 0.921875 0.053125 0.084375
3 0.421875 0.92734375 0.08125 0.0421875
18 0.93515625 0.16640625 0.1296875 0.0734375
17 0.025 0.2296875 0.034375 0.053125
0 0.50078125 0.234375 0.2984375 0.146875
3 0.0640625 0.234375 0.05 0.0625
0 0.178125 0.23515625 0.1875 0.1671875
3 0.3140625 0.23515625 0.084375 0.0421875
3 0.75625 0.28125 0.221875 0.125
5 0.86171875 0.390625 0.1265625 0.15625
18 0.11328125 0.421875 0.1265625 0.09375
3 0.64609375 0.5140625 0.3203125 0.275
