0 0.24140625 0.34609375 0.4203125 0.0796875
3 0.24375 0.409375 0.05625 0.078125
0 0.74375 0.4828125 0.290625 0.078125
0 0.24140625 0.48125 0.3453125 0.075
3 0.503125 0.48515625 0.203125 0.0328125
3 0.75 0.5609375 0.05625 0.1
3 0.9234375 0.5640625 0.08125 0.203125
5 0.74140625 0.63984375 0.2109375 0.1296875
3 0.89296875 0.64296875 0.1546875 0.0390625
3 0.746875 0.71875 0.05 0.08125
0 0.74375 0.7890625 0.303125 0.08125
3 0.75 0.865625 0.05625 0.084375
17 0.240625 0.08828125 0.0875 0.0421875
8 0.75078125 0.93984375 0.1171875 0.0640625
3 0.24375 0.13671875 0.05625 0.0671875
0 0.23828125 0.209375 0.4140625 0.078125
18 0.740625 0.0234375 0.246875 0.03125
18 0.278125 0.02421875 0.234375 0.0296875
3 0.24375 0.2734375 0.08125 0.078125
