0 0.241015625 0.344921875 0.41953125 0.08046875
3 0.243359375 0.408984375 0.05546875 0.07734375
0 0.743359375 0.482421875 0.28984375 0.07734375
0 0.24140625 0.480859375 0.3453125 0.07421875
3 0.503515625 0.484765625 0.20390625 0.03203125
3 0.749609375 0.5609375 0.05546875 0.1
3 0.923046875 0.563671875 0.08046875 0.20234375
5 0.741015625 0.639453125 0.21015625 0.12890625
3 0.89296875 0.642578125 0.1546875 0.03828125
3 0.746484375 0.718359375 0.04921875 0.08046875
0 0.743359375 0.788671875 0.30234375 0.08046875
3 0.749609375 0.865234375 0.05546875 0.08359375
17 0.240234375 0.08828125 0.08671875 0.0421875
8 0.75078125 0.93984375 0.1171875 0.0640625
3 0.243359375 0.13671875 0.05546875 0.0671875
0 0.237890625 0.208984375 0.41328125 0.07734375
18 0.740625 0.022265625 0.246875 0.03203125
18 0.278125 0.023828125 0.234375 0.02890625
3 0.243359375 0.273046875 0.08046875 0.07734375
