0 0.2408203125 0.3451171875 0.419140625 0.080859375
3 0.2435546875 0.4087890625 0.055859375 0.076953125
0 0.7435546875 0.4822265625 0.290234375 0.076953125
0 0.241015625 0.4806640625 0.34453125 0.073828125
3 0.5033203125 0.4849609375 0.203515625 0.032421875
3 0.7498046875 0.5609375 0.055859375 0.1
3 0.9228515625 0.5638671875 0.080078125 0.202734375
5 0.7408203125 0.6396484375 0.209765625 0.129296875
3 0.892578125 0.6427734375 0.15390625 0.038671875
3 0.7466796875 0.7185546875 0.049609375 0.080859375
0 0.7435546875 0.7888671875 0.302734375 0.080859375
3 0.7498046875 0.8650390625 0.055859375 0.083203125
17 0.2404296875 0.08828125 0.087109375 0.0421875
8 0.749609375 0.938671875 0.11796875 0.06484375
3 0.2435546875 0.13671875 0.055859375 0.0671875
0 0.2376953125 0.2091796875 0.412890625 0.077734375
18 0.740625 0.0224609375 0.246875 0.032421875
18 0.278125 0.0240234375 0.234375 0.029296875
3 0.2435546875 0.2732421875 0.080859375 0.077734375
