1 0.35625 0.4984375 0.16875 0.065625
3 0.35625 0.54140625 0.021875 0.0328125
1 0.35625 0.58984375 0.16875 0.0734375
3 0.35546875 0.6359375 0.0390625 0.046875
5 0.3609375 0.7078125 0.1 0.125
3 0.48515625 0.71171875 0.1859375 0.0421875
1 0.65078125 0.7125 0.1640625 0.06875
17 0.3515625 0.0765625 0.065625 0.06875
3 0.35546875 0.775 0.0390625 0.046875
3 0.6578125 0.811328125 0.03125 0.14765625
1 0.3609375 0.820703125 0.16875 0.07265625
3 0.45078125 0.0828125 0.1421875 0.01875
3 0.353125 0.871875 0.034375 0.0375
3 0.5265625 0.91484375 0.190625 0.0234375
8 0.6515625 0.917578125 0.078125 0.07265625
1 0.357421875 0.917578125 0.16484375 0.07265625
3 0.3515625 0.131640625 0.03125 0.05078125
1 0.353515625 0.180078125 0.16328125 0.07265625
3 0.504296875 0.1828125 0.02734375 0.253125
3 0.35546875 0.2359375 0.0390625 0.046875
5 0.3515625 0.3 0.125 0.11875
3 0.45703125 0.3046875 0.1203125 0.028125
3 0.353125 0.37109375 0.025 0.0515625
1 0.3515625 0.41953125 0.16875 0.0734375
3 0.357421875 0.45859375 0.05234375 0.0234375
