3 0.90625 0.4453125 0.046875 0.11875
3 0.67578125 0.046875 0.1828125 0.034375
17 0.159375 0.04765625 0.065625 0.0421875
3 0.26015625 0.04765625 0.1546875 0.0421875
3 0.46484375 0.50234375 0.0328125 0.0890625
1 0.4703125 0.05078125 0.25625 0.1015625
3 0.74140625 0.52109375 0.1453125 0.0421875
1 0.896875 0.52421875 0.196875 0.0890625
8 0.6453125 0.53046875 0.065625 0.0421875
5 0.4578125 0.56171875 0.1125 0.0890625
3 0.309375 0.628125 0.2625 0.153125
3 0.61015625 0.6296875 0.2578125 0.13125
3 0.46953125 0.6359375 0.0421875 0.128125
1 0.80703125 0.7296875 0.1921875 0.084375
1 0.4625 0.73203125 0.215625 0.0890625
1 0.12421875 0.7328125 0.1828125 0.084375
3 0.46484375 0.828125 0.0328125 0.140625
11 0.46015625 0.909375 0.1171875 0.08125
3 0.4578125 0.11640625 0.028125 0.0546875
11 0.4578125 0.159375 0.103125 0.08125
3 0.221875 0.16171875 0.434375 0.0328125
3 0.4625 0.2078125 0.0375 0.06875
1 0.88515625 0.2671875 0.2296875 0.084375
1 0.46484375 0.2671875 0.2109375 0.084375
3 0.6734375 0.26953125 0.215625 0.0296875
3 0.2484375 0.2859375 0.0375 0.284375
3 0.89921875 0.325 0.0421875 0.05625
3 0.4625 0.34140625 0.0375 0.0890625
1 0.90390625 0.3734375 0.1921875 0.059375
3 0.31171875 0.41796875 0.1640625 0.0390625
1 0.46484375 0.421875 0.1546875 0.08125
