0 0.35859375 0.4328125 0.2296875 0.09375
0 0.65 0.4375 0.215625 0.09375
3 0.58671875 0.5109375 0.1359375 0.08125
3 0.4203125 0.51171875 0.15 0.0890625
10 0.51640625 0.55625 0.1921875 0.059375
3 0.509375 0.60859375 0.046875 0.0640625
0 0.50703125 0.68515625 0.3046875 0.0984375
17 0.50703125 0.071875 0.0890625 0.06875
3 0.51171875 0.74609375 0.0421875 0.0515625
0 0.5078125 0.8140625 0.284375 0.09375
3 0.509375 0.875 0.05625 0.046875
8 0.509375 0.9265625 0.09375 0.071875
3 0.50703125 0.12265625 0.0515625 0.0421875
0 0.51015625 0.18671875 0.3828125 0.1015625
3 0.509375 0.2609375 0.065625 0.071875
5 0.50546875 0.31640625 0.1484375 0.0984375
3 0.39921875 0.3484375 0.1359375 0.084375
3 0.60546875 0.34921875 0.1265625 0.0796875
