1 0.253125 0.48828125 0.35 0.1234375
3 0.46796875 0.49140625 0.1046875 0.0453125
1 0.62421875 0.4953125 0.2265625 0.11875
3 0.80234375 0.50546875 0.0390625 0.1171875
1 0.79296875 0.59609375 0.2578125 0.0828125
3 0.796875 0.65078125 0.03125 0.0453125
1 0.7921875 0.709375 0.265625 0.090625
3 0.796875 0.76328125 0.03125 0.0453125
1 0.26015625 0.82109375 0.3359375 0.0953125
3 0.546875 0.82265625 0.253125 0.0453125
1 0.79765625 0.8234375 0.2671875 0.090625
8 0.2578125 0.92265625 0.0875 0.0734375
18 0.7359375 0.0984375 0.153125 0.040625
18 0.25546875 0.1046875 0.1265625 0.0375
17 0.25390625 0.1984375 0.1046875 0.078125
1 0.25546875 0.30703125 0.3453125 0.0953125
3 0.52734375 0.309375 0.2140625 0.0375
1 0.8 0.31171875 0.340625 0.0953125
3 0.796875 0.3625 0.03125 0.03125
18 0.23125 0.0390625 0.4375 0.040625
5 0.8015625 0.4140625 0.109375 0.109375
3 0.6796875 0.425 0.153125 0.040625
