17 0.48515625 0.04296875 0.1265625 0.0859375
3 0.194921875 0.43359375 0.04609375 0.1171875
3 0.8125 0.4357421875 0.040625 0.121484375
1 0.19296875 0.5203125 0.3859375 0.109375
1 0.8046875 0.5216796875 0.390625 0.105859375
3 0.1875 0.5923828125 0.040625 0.097265625
3 0.8197265625 0.5951171875 0.055078125 0.090234375
1 0.19296875 0.672265625 0.3859375 0.10078125
1 0.8091796875 0.6732421875 0.380859375 0.090234375
3 0.358203125 0.76953125 0.16640625 0.1171875
3 0.6265625 0.7716796875 0.1875 0.121484375
11 0.4923828125 0.8263671875 0.212890625 0.090234375
3 0.4875 0.890234375 0.040625 0.08671875
1 0.4849609375 0.9544921875 0.401171875 0.090234375
3 0.4921875 0.1388671875 0.040625 0.121484375
5 0.487890625 0.2251953125 0.18203125 0.144140625
3 0.6203125 0.2638671875 0.203125 0.090234375
3 0.36015625 0.2703125 0.1828125 0.078125
1 0.80703125 0.3455078125 0.3859375 0.112890625
1 0.19765625 0.34765625 0.3953125 0.1015625
