3 0.425 0.38984375 0.125 0.0953125
3 0.83515625 0.3953125 0.1140625 0.10625
1 0.628125 0.4265625 0.325 0.08125
3 0.62734375 0.48046875 0.0546875 0.0484375
1 0.63828125 0.5421875 0.3359375 0.078125
3 0.6296875 0.059375 0.0375 0.059375
3 0.628125 0.60078125 0.04375 0.0703125
5 0.64140625 0.65 0.1140625 0.084375
3 0.7703125 0.65078125 0.24375 0.0359375
3 0.6296875 0.70859375 0.059375 0.0703125
1 0.63046875 0.76953125 0.3296875 0.0734375
2 0.18359375 0.771875 0.3671875 0.103125
3 0.86953125 0.81015625 0.0328125 0.3796875
3 0.63359375 0.828125 0.0546875 0.059375
1 0.6359375 0.884375 0.31875 0.078125
3 0.6296875 0.94375 0.0375 0.0625
3 0.7703125 0.98046875 0.24375 0.0328125
8 0.6359375 0.98125 0.08125 0.0375
0 0.63046875 0.11875 0.3515625 0.08125
3 0.6328125 0.18203125 0.04375 0.0703125
17 0.6328125 0.01875 0.0875 0.0375
5 0.64375 0.22421875 0.11875 0.0734375
3 0.4921875 0.2484375 0.2375 0.05625
3 0.7703125 0.25 0.24375 0.059375
0 0.86171875 0.30859375 0.2765625 0.0734375
1 0.3921875 0.3109375 0.2875 0.078125
