0 0.5 0.410546875 0.2125 0.08984375
3 0.760546875 0.444140625 0.32109375 0.22578125
0 0.5 0.540625 0.221875 0.08125
0 0.162890625 0.540625 0.20703125 0.08125
3 0.332421875 0.542578125 0.13359375 0.03515625
5 0.1578125 0.6515625 0.059375 0.09375
3 0.3578125 0.6671875 0.359375 0.06875
17 0.16484375 0.0734375 0.0640625 0.040625
17 0.165625 0.07421875 0.053125 0.0359375
0 0.5 0.73203125 0.2125 0.0765625
3 0.5 0.78828125 0.034375 0.0515625
3 0.1609375 0.80625 0.025 0.290625
0 0.5 0.846875 0.221875 0.08125
3 0.5 0.903125 0.034375 0.05625
3 0.3125 0.9421875 0.340625 0.053125
8 0.51015625 0.94921875 0.0640625 0.0453125
3 0.165625 0.121875 0.034375 0.05625
0 0.162890625 0.17734375 0.27578125 0.0734375
3 0.16015625 0.2421875 0.0453125 0.065625
5 0.162109375 0.2921875 0.09921875 0.09375
0 0.840625 0.29453125 0.28125 0.0890625
3 0.446875 0.30234375 0.546875 0.0234375
3 0.271875 0.3734375 0.25625 0.109375
