0 0.4998046875 0.410546875 0.212109375 0.08984375
3 0.760546875 0.4439453125 0.32109375 0.225390625
0 0.5 0.5404296875 0.221875 0.080859375
0 0.1626953125 0.5404296875 0.206640625 0.080859375
3 0.332421875 0.542578125 0.13359375 0.03515625
5 0.1578125 0.6513671875 0.059375 0.093359375
3 0.3578125 0.6671875 0.359375 0.06875
17 0.16484375 0.0734375 0.0640625 0.040625
17 0.1646484375 0.07421875 0.054296875 0.0359375
0 0.4998046875 0.73203125 0.212109375 0.0765625
3 0.5 0.7884765625 0.034375 0.051953125
3 0.1609375 0.80625 0.025 0.290625
0 0.5 0.8466796875 0.221875 0.080859375
3 0.5 0.903125 0.034375 0.05625
3 0.3123046875 0.9416015625 0.340234375 0.051953125
8 0.51015625 0.9490234375 0.0640625 0.044921875
3 0.165625 0.121875 0.034375 0.05625
0 0.1626953125 0.1771484375 0.275390625 0.073046875
3 0.1599609375 0.2419921875 0.044921875 0.065234375
5 0.162109375 0.2919921875 0.09921875 0.093359375
0 0.8400390625 0.29453125 0.280078125 0.0890625
3 0.446875 0.3025390625 0.546875 0.023828125
3 0.271875 0.3728515625 0.25625 0.108203125
