1 0.665625 0.390625 0.234375 0.109375
3 0.419140625 0.392578125 0.28828125 0.03515625
3 0.24140625 0.490234375 0.0453125 0.13046875
3 0.495703125 0.5203125 0.44140625 0.171875
11 0.25625 0.599609375 0.146875 0.19296875
3 0.51015625 0.6859375 0.5640625 0.10625
3 0.769140625 0.834765625 0.04453125 0.11328125
8 0.76875 0.920703125 0.10625 0.06640625
3 0.24375 0.12890625 0.040625 0.1484375
3 0.244140625 0.2890625 0.05078125 0.109375
17 0.248828125 0.03125 0.09140625 0.0625
5 0.23828125 0.37890625 0.1421875 0.1640625
