1 0.6650390625 0.390625 0.233203125 0.109375
3 0.419140625 0.3923828125 0.28828125 0.034765625
3 0.24140625 0.4908203125 0.0453125 0.128515625
3 0.4955078125 0.5203125 0.441015625 0.171875
11 0.25625 0.6001953125 0.146875 0.191015625
3 0.5099609375 0.6857421875 0.563671875 0.105859375
3 0.769140625 0.8345703125 0.04453125 0.112890625
8 0.76875 0.9205078125 0.10625 0.066015625
3 0.24375 0.12890625 0.040625 0.1484375
3 0.2439453125 0.2890625 0.050390625 0.109375
17 0.2486328125 0.03125 0.091015625 0.0625
5 0.23828125 0.37890625 0.1421875 0.1640625
