1 0.665234375 0.390625 0.23359375 0.109375
3 0.41953125 0.392578125 0.2890625 0.03515625
3 0.24140625 0.491015625 0.0453125 0.12890625
3 0.495703125 0.5203125 0.44140625 0.171875
11 0.25625 0.600390625 0.146875 0.19140625
3 0.509765625 0.685546875 0.56328125 0.10546875
3 0.76953125 0.834765625 0.0453125 0.11328125
8 0.76875 0.920703125 0.10625 0.06640625
3 0.24375 0.12890625 0.040625 0.1484375
3 0.244140625 0.2890625 0.05078125 0.109375
17 0.248828125 0.03125 0.09140625 0.0625
5 0.23828125 0.37890625 0.1421875 0.1640625
