1 0.140625 0.4375 0.24375 0.071875
1 0.82890625 0.4546875 0.2484375 0.071875
3 0.9765625 0.47109375 0.028125 0.5703125
17 0.48203125 0.0515625 0.0796875 0.059375
3 0.1453125 0.53984375 0.0375 0.1515625
3 0.82890625 0.54453125 0.0421875 0.1359375
10 0.48828125 0.61171875 0.9296875 0.0671875
3 0.48671875 0.67109375 0.0421875 0.1015625
5 0.484375 0.74140625 0.1125 0.0890625
3 0.7515625 0.74375 0.478125 0.034375
3 0.4890625 0.84921875 0.028125 0.1515625
8 0.48671875 0.94921875 0.0796875 0.0671875
3 0.48671875 0.1359375 0.0515625 0.11875
3 0.784375 0.215625 0.375 0.025
1 0.48359375 0.21953125 0.2546875 0.0671875
3 0.4890625 0.2890625 0.0375 0.096875
3 0.303125 0.3609375 0.3625 0.096875
3 0.67109375 0.3734375 0.3578125 0.10625
