3 0.6875 0.543359375 0.028125 0.06796875
3 0.91875 0.543359375 0.025 0.06796875
3 0.479296875 0.546875 0.03359375 0.0625
3 0.27890625 0.553125 0.0328125 0.078125
3 0.0796875 0.559375 0.028125 0.078125
1 0.901171875 0.596875 0.13984375 0.059375
1 0.698046875 0.59921875 0.17734375 0.0640625
1 0.465625 0.6015625 0.128125 0.06875
1 0.2796875 0.609765625 0.13125 0.06328125
1 0.0734375 0.61328125 0.146875 0.0640625
3 0.6875 0.688671875 0.028125 0.12734375
3 0.480859375 0.69453125 0.03046875 0.1359375
3 0.91875 0.69453125 0.025 0.1453125
3 0.27265625 0.696875 0.0203125 0.13125
3 0.079296875 0.70625 0.02109375 0.121875
3 0.50234375 0.75703125 0.8890625 0.0390625
3 0.47734375 0.80625 0.0296875 0.0875
3 0.609375 0.88125 0.11875 0.025
1 0.480859375 0.884375 0.16171875 0.078125
17 0.69453125 0.884375 0.0453125 0.06875
3 0.480859375 0.092578125 0.03046875 0.06640625
1 0.479296875 0.157421875 0.18984375 0.08359375
3 0.484375 0.21875 0.025 0.06875
3 0.490625 0.25234375 0.88125 0.0390625
17 0.25625 0.02890625 0.053125 0.0484375
1 0.49296875 0.03125 0.2171875 0.0625
3 0.3359375 0.03125 0.10625 0.025
3 0.4796875 0.3140625 0.025 0.13125
3 0.920703125 0.3140625 0.02890625 0.121875
3 0.276953125 0.316015625 0.02890625 0.12578125
3 0.6875 0.31875 0.028125 0.121875
3 0.0796875 0.31875 0.028125 0.140625
5 0.683984375 0.433984375 0.18046875 0.18046875
5 0.91796875 0.4421875 0.1640625 0.175
5 0.478125 0.446875 0.16875 0.175
5 0.27890625 0.45 0.1796875 0.2
5 0.08203125 0.451171875 0.1640625 0.19609375
