3 0.6865234375 0.5435546875 0.029296875 0.068359375
3 0.9181640625 0.5435546875 0.023828125 0.068359375
3 0.479296875 0.5458984375 0.03359375 0.063671875
3 0.27890625 0.5529296875 0.0328125 0.077734375
3 0.0798828125 0.5587890625 0.028515625 0.076953125
1 0.901171875 0.5966796875 0.13984375 0.058984375
1 0.698046875 0.5990234375 0.17734375 0.063671875
1 0.4650390625 0.6013671875 0.126953125 0.068359375
1 0.2796875 0.6095703125 0.13125 0.062890625
1 0.0734375 0.61328125 0.146875 0.0640625
3 0.6865234375 0.688671875 0.029296875 0.12734375
3 0.4814453125 0.69453125 0.028515625 0.1359375
3 0.9181640625 0.69453125 0.023828125 0.1453125
3 0.27265625 0.696875 0.0203125 0.13125
3 0.079296875 0.7060546875 0.02109375 0.121484375
3 0.50234375 0.75703125 0.8890625 0.0390625
3 0.4771484375 0.80625 0.029296875 0.0875
3 0.609375 0.8810546875 0.11875 0.024609375
1 0.4814453125 0.8837890625 0.159765625 0.076953125
17 0.69453125 0.8837890625 0.0453125 0.067578125
3 0.4814453125 0.0919921875 0.028515625 0.068359375
1 0.4798828125 0.157421875 0.187890625 0.08359375
3 0.4837890625 0.2185546875 0.023828125 0.068359375
3 0.490625 0.25234375 0.88125 0.0390625
17 0.25625 0.02890625 0.053125 0.0484375
1 0.49296875 0.03125 0.2171875 0.0625
3 0.3359375 0.0310546875 0.10625 0.024609375
3 0.4794921875 0.3140625 0.024609375 0.13125
3 0.9205078125 0.3134765625 0.028515625 0.120703125
3 0.2767578125 0.316015625 0.028515625 0.12578125
3 0.6865234375 0.3181640625 0.029296875 0.120703125
3 0.0798828125 0.31875 0.028515625 0.140625
5 0.6841796875 0.433984375 0.180859375 0.18046875
5 0.91796875 0.4421875 0.1640625 0.175
5 0.4775390625 0.446875 0.167578125 0.175
5 0.2791015625 0.4494140625 0.180078125 0.198828125
5 0.08203125 0.4517578125 0.1640625 0.194140625
