3 0.6875 0.54453125 0.028125 0.0671875
3 0.91875 0.54453125 0.025 0.0671875
3 0.48046875 0.546875 0.0328125 0.0625
3 0.27890625 0.553125 0.0328125 0.078125
3 0.0796875 0.559375 0.028125 0.078125
1 0.90234375 0.596875 0.1390625 0.059375
1 0.69921875 0.59921875 0.1765625 0.0640625
1 0.465625 0.6015625 0.128125 0.06875
1 0.2796875 0.61015625 0.13125 0.0640625
1 0.0734375 0.61328125 0.146875 0.0640625
3 0.6875 0.68984375 0.028125 0.1265625
3 0.48203125 0.69453125 0.0296875 0.1359375
3 0.91875 0.69453125 0.025 0.1453125
3 0.27265625 0.696875 0.0203125 0.13125
3 0.08046875 0.70625 0.0203125 0.121875
3 0.50234375 0.75703125 0.8890625 0.0390625
3 0.47734375 0.80625 0.0296875 0.0875
3 0.609375 0.88125 0.11875 0.025
1 0.48203125 0.884375 0.1609375 0.078125
17 0.69453125 0.884375 0.0453125 0.06875
3 0.48203125 0.09296875 0.0296875 0.0671875
1 0.48046875 0.15859375 0.1890625 0.0828125
3 0.484375 0.21875 0.025 0.06875
3 0.490625 0.25234375 0.88125 0.0390625
17 0.25625 0.02890625 0.053125 0.0484375
1 0.49296875 0.03125 0.2171875 0.0625
3 0.3359375 0.03125 0.10625 0.025
3 0.4796875 0.3140625 0.025 0.13125
3 0.92109375 0.3140625 0.0296875 0.121875
3 0.27734375 0.31640625 0.0296875 0.1265625
3 0.6875 0.31875 0.028125 0.121875
3 0.0796875 0.31875 0.028125 0.140625
5 0.68515625 0.43515625 0.1796875 0.1796875
5 0.91796875 0.4421875 0.1640625 0.175
5 0.478125 0.446875 0.16875 0.175
5 0.27890625 0.45 0.1796875 0.2
5 0.08203125 0.45234375 0.1640625 0.1953125
