0 0.24375 0.06796875 0.271875 0.1359375
0 0.5671875 0.071875 0.271875 0.13125
3 0.076171875 0.071875 0.07109375 0.05625
3 0.491796875 0.708203125 0.04609375 0.09765625
3 0.644921875 0.714453125 0.03984375 0.09765625
3 0.40703125 0.075 0.0609375 0.075
17 0.03046875 0.078125 0.0421875 0.09375
10 0.568359375 0.7515625 0.21796875 0.1125
18 0.90625 0.767578125 0.14375 0.06640625
3 0.567578125 0.8234375 0.04140625 0.09375
18 0.25546875 0.8546875 0.0578125 0.06875
0 0.5671875 0.9265625 0.271875 0.1375
8 0.78984375 0.934375 0.0609375 0.13125
3 0.569140625 0.165625 0.03828125 0.10625
3 0.7453125 0.17734375 0.090625 0.2796875
5 0.564453125 0.258203125 0.09765625 0.20390625
18 0.33046875 0.264453125 0.1765625 0.07890625
3 0.68515625 0.3015625 0.2015625 0.04375
18 0.103125 0.3453125 0.159375 0.06875
18 0.8421875 0.3859375 0.10625 0.075
3 0.567578125 0.3921875 0.03515625 0.1125
9 0.565234375 0.453125 0.21796875 0.0875
3 0.493359375 0.50625 0.03671875 0.08125
3 0.644921875 0.50625 0.03984375 0.09375
18 0.12265625 0.525 0.2203125 0.08125
0 0.4265625 0.6125 0.271875 0.14375
0 0.709375 0.61171875 0.275 0.1296875
