0 0.24375 0.06796875 0.271875 0.1359375
0 0.5671875 0.071875 0.271875 0.13125
3 0.07734375 0.071875 0.0703125 0.05625
3 0.49296875 0.70859375 0.0453125 0.0984375
3 0.64609375 0.71484375 0.0390625 0.0984375
3 0.40703125 0.075 0.0609375 0.075
17 0.03046875 0.078125 0.0421875 0.09375
10 0.56953125 0.7515625 0.2171875 0.1125
18 0.90625 0.76796875 0.14375 0.0671875
3 0.56796875 0.8234375 0.0421875 0.09375
18 0.25546875 0.8546875 0.0578125 0.06875
0 0.5671875 0.9265625 0.271875 0.1375
8 0.78984375 0.934375 0.0609375 0.13125
3 0.56953125 0.165625 0.0390625 0.10625
3 0.7453125 0.17734375 0.090625 0.2796875
5 0.56484375 0.25859375 0.0984375 0.2046875
18 0.33046875 0.26484375 0.1765625 0.0796875
3 0.68515625 0.3015625 0.2015625 0.04375
18 0.103125 0.3453125 0.159375 0.06875
18 0.8421875 0.3859375 0.10625 0.075
3 0.56796875 0.3921875 0.0359375 0.1125
9 0.56640625 0.453125 0.2171875 0.0875
3 0.49453125 0.50625 0.0359375 0.08125
3 0.64609375 0.50625 0.0390625 0.09375
18 0.12265625 0.525 0.2203125 0.08125
0 0.4265625 0.6125 0.271875 0.14375
0 0.709375 0.61171875 0.275 0.1296875
