0 0.24375 0.06796875 0.271875 0.1359375
0 0.5671875 0.0712890625 0.271875 0.130078125
3 0.076171875 0.071875 0.07109375 0.05625
3 0.4923828125 0.7076171875 0.044140625 0.099609375
3 0.6455078125 0.7138671875 0.037890625 0.099609375
3 0.40703125 0.0744140625 0.0609375 0.073828125
17 0.0302734375 0.0775390625 0.041796875 0.092578125
10 0.568359375 0.7513671875 0.21796875 0.112109375
18 0.90625 0.7669921875 0.14375 0.068359375
3 0.5673828125 0.8228515625 0.041015625 0.092578125
18 0.25546875 0.8541015625 0.0578125 0.067578125
0 0.5671875 0.9259765625 0.271875 0.136328125
8 0.78984375 0.934375 0.0609375 0.13125
3 0.5689453125 0.1650390625 0.037890625 0.105078125
3 0.7447265625 0.17734375 0.089453125 0.2796875
5 0.5638671875 0.258203125 0.099609375 0.20390625
18 0.3302734375 0.2638671875 0.176171875 0.080859375
3 0.68515625 0.3015625 0.2015625 0.04375
18 0.103125 0.3447265625 0.159375 0.067578125
18 0.8419921875 0.3853515625 0.105859375 0.073828125
3 0.5673828125 0.3916015625 0.034765625 0.111328125
9 0.565234375 0.4529296875 0.21796875 0.087109375
3 0.4939453125 0.5060546875 0.034765625 0.080859375
3 0.6455078125 0.5060546875 0.037890625 0.093359375
18 0.12265625 0.5248046875 0.2203125 0.080859375
0 0.4265625 0.6119140625 0.271875 0.142578125
0 0.709375 0.6119140625 0.275 0.130078125
