0 0.3646484375 0.40859375 0.260546875 0.0859375
0 0.7580078125 0.412109375 0.259765625 0.08671875
2 0.1224609375 0.4265625 0.244921875 0.128125
3 0.36484375 0.4763671875 0.0359375 0.058984375
3 0.762109375 0.4841796875 0.03671875 0.074609375
5 0.362890625 0.517578125 0.13203125 0.08515625
3 0.25 0.5431640625 0.153125 0.073828125
3 0.4671875 0.5427734375 0.1375 0.066796875
0 0.512890625 0.6123046875 0.26953125 0.090234375
0 0.2064453125 0.6123046875 0.259765625 0.090234375
3 0.765625 0.6361328125 0.040625 0.081640625
3 0.2580078125 0.6751953125 0.147265625 0.066015625
3 0.4669921875 0.681640625 0.127734375 0.06953125
5 0.7580078125 0.6890625 0.106640625 0.078125
3 0.834765625 0.696484375 0.07578125 0.02421875
11 0.362890625 0.6986328125 0.13203125 0.066015625
3 0.3625 0.7390625 0.040625 0.0625
3 0.7681640625 0.7416015625 0.045703125 0.058203125
10 0.5541015625 0.7671875 0.851953125 0.0625
3 0.5609375 0.8015625 0.040625 0.0625
0 0.55390625 0.871484375 0.2703125 0.08671875
3 0.5666015625 0.9361328125 0.030078125 0.066015625
8 0.5578125 0.978125 0.05625 0.04375
17 0.5640625 0.1015625 0.05625 0.046875
3 0.5609375 0.1501953125 0.040625 0.066015625
0 0.5689453125 0.214453125 0.259765625 0.08515625
3 0.5607421875 0.2734375 0.030859375 0.0625
9 0.564453125 0.3078125 0.84140625 0.0625
3 0.762109375 0.3443359375 0.03671875 0.066796875
3 0.36484375 0.3447265625 0.0359375 0.058203125
