0 0.365625 0.40859375 0.259375 0.0859375
0 0.75859375 0.41328125 0.2609375 0.0859375
2 0.12265625 0.4265625 0.2453125 0.128125
3 0.36484375 0.4765625 0.0359375 0.059375
3 0.76328125 0.484375 0.0359375 0.075
5 0.36328125 0.51796875 0.1328125 0.0859375
3 0.25 0.54375 0.153125 0.075
3 0.4671875 0.54296875 0.1375 0.0671875
0 0.51328125 0.6125 0.2703125 0.090625
0 0.20703125 0.6125 0.2609375 0.090625
3 0.765625 0.63671875 0.040625 0.0828125
3 0.25859375 0.67578125 0.1484375 0.0671875
3 0.4671875 0.68203125 0.128125 0.0703125
5 0.75859375 0.6890625 0.1078125 0.078125
3 0.83515625 0.69765625 0.0765625 0.0234375
11 0.36328125 0.69921875 0.1328125 0.0671875
3 0.3625 0.7390625 0.040625 0.0625
3 0.76875 0.7421875 0.046875 0.059375
10 0.5546875 0.7671875 0.853125 0.0625
3 0.5609375 0.8015625 0.040625 0.0625
0 0.55390625 0.87265625 0.2703125 0.0859375
3 0.5671875 0.93671875 0.03125 0.0671875
8 0.5578125 0.978125 0.05625 0.04375
17 0.5640625 0.1015625 0.05625 0.046875
3 0.5609375 0.15078125 0.040625 0.0671875
0 0.56875 0.21484375 0.259375 0.0859375
3 0.5609375 0.2734375 0.03125 0.0625
9 0.56484375 0.3078125 0.8421875 0.0625
3 0.76328125 0.34453125 0.0359375 0.0671875
3 0.36484375 0.3453125 0.0359375 0.059375
