0 0.365625 0.40859375 0.259375 0.0859375
0 0.758203125 0.412109375 0.26015625 0.08671875
2 0.12265625 0.4265625 0.2453125 0.128125
3 0.36484375 0.4765625 0.0359375 0.059375
3 0.762109375 0.484375 0.03671875 0.075
5 0.362890625 0.517578125 0.13203125 0.08515625
3 0.25 0.54375 0.153125 0.075
3 0.4671875 0.54296875 0.1375 0.0671875
0 0.512890625 0.6125 0.26953125 0.090625
0 0.205859375 0.6125 0.26171875 0.090625
3 0.765625 0.635546875 0.040625 0.08359375
3 0.258203125 0.674609375 0.14765625 0.06796875
3 0.4671875 0.681640625 0.128125 0.06953125
5 0.757421875 0.6890625 0.10859375 0.078125
3 0.834765625 0.696484375 0.07578125 0.02421875
11 0.362890625 0.698828125 0.13203125 0.06640625
3 0.3625 0.7390625 0.040625 0.0625
3 0.76875 0.7421875 0.046875 0.059375
10 0.5546875 0.7671875 0.853125 0.0625
3 0.5609375 0.8015625 0.040625 0.0625
0 0.55390625 0.871484375 0.2703125 0.08671875
3 0.5671875 0.936328125 0.03125 0.06640625
8 0.5578125 0.978125 0.05625 0.04375
17 0.5640625 0.1015625 0.05625 0.046875
3 0.5609375 0.149609375 0.040625 0.06796875
0 0.56875 0.214453125 0.259375 0.08515625
3 0.5609375 0.2734375 0.03125 0.0625
9 0.564453125 0.3078125 0.84140625 0.0625
3 0.762109375 0.34453125 0.03671875 0.0671875
3 0.36484375 0.3453125 0.0359375 0.059375
