9 0.437109375 0.3884765625 0.36171875 0.048828125
3 0.2458984375 0.4296875 0.335546875 0.0875
3 0.5701171875 0.4515625 0.324609375 0.159375
5 0.1021484375 0.4814453125 0.110546875 0.075390625
3 0.1046875 0.5322265625 0.03125 0.048828125
1 0.709375 0.5703125 0.25625 0.071875
1 0.10703125 0.5765625 0.2140625 0.071875
3 0.10234375 0.6328125 0.0265625 0.053125
3 0.4294921875 0.0642578125 0.021484375 0.075390625
3 0.903125 0.6568359375 0.046875 0.648046875
1 0.11484375 0.68359375 0.2296875 0.0796875
3 0.58671875 0.7005859375 0.3140625 0.182421875
3 0.2248046875 0.7484375 0.377734375 0.0875
10 0.434765625 0.7861328125 0.34453125 0.056640625
3 0.4296875 0.820703125 0.03125 0.07890625
1 0.44765625 0.875 0.3296875 0.090625
8 0.43359375 0.9578125 0.1265625 0.084375
3 0.69609375 0.971875 0.4921875 0.034375
1 0.4376953125 0.1248046875 0.319140625 0.083984375
3 0.434375 0.1734375 0.03125 0.071875
3 0.6044921875 0.2099609375 0.308984375 0.041796875
5 0.42109375 0.2099609375 0.1203125 0.094921875
3 0.903125 0.2595703125 0.046875 0.056640625
17 0.4234375 0.028125 0.084375 0.05625
3 0.4296875 0.2689453125 0.03125 0.075390625
3 0.7169921875 0.3072265625 0.324609375 0.030078125
5 0.90859375 0.30703125 0.1515625 0.0984375
1 0.4322265625 0.30859375 0.308203125 0.0796875
3 0.4328125 0.3625 0.046875 0.071875
