9 0.43828125 0.388671875 0.3609375 0.04921875
3 0.245703125 0.4296875 0.33515625 0.0875
3 0.569921875 0.4515625 0.32421875 0.159375
5 0.101953125 0.481640625 0.11015625 0.07578125
3 0.1046875 0.532421875 0.03125 0.04921875
1 0.709375 0.5703125 0.25625 0.071875
1 0.10703125 0.5765625 0.2140625 0.071875
3 0.10234375 0.6328125 0.0265625 0.053125
3 0.429296875 0.064453125 0.02109375 0.07578125
3 0.903125 0.656640625 0.046875 0.64765625
1 0.11484375 0.68359375 0.2296875 0.0796875
3 0.58671875 0.700390625 0.3140625 0.18203125
3 0.224609375 0.7484375 0.37734375 0.0875
10 0.43515625 0.786328125 0.3453125 0.05703125
3 0.4296875 0.82109375 0.03125 0.0796875
1 0.44765625 0.875 0.3296875 0.090625
8 0.43359375 0.9578125 0.1265625 0.084375
3 0.69609375 0.971875 0.4921875 0.034375
1 0.437890625 0.124609375 0.31953125 0.08359375
3 0.434375 0.1734375 0.03125 0.071875
3 0.604296875 0.209765625 0.30859375 0.04140625
5 0.42109375 0.209765625 0.1203125 0.09453125
3 0.903125 0.259765625 0.046875 0.05703125
17 0.4234375 0.028125 0.084375 0.05625
3 0.4296875 0.269140625 0.03125 0.07578125
3 0.716796875 0.307421875 0.32421875 0.03046875
5 0.90859375 0.30703125 0.1515625 0.0984375
1 0.432421875 0.30859375 0.30859375 0.0796875
3 0.4328125 0.3625 0.046875 0.071875
