3 0.659765625 0.7224609375 0.02578125 0.135546875
0 0.83359375 0.84765625 0.1265625 0.1421875
3 0.7404296875 0.8517578125 0.065234375 0.053515625
1 0.6576171875 0.8517578125 0.112109375 0.134765625
18 0.01171875 0.851953125 0.0234375 0.22890625
3 0.9275390625 0.855078125 0.061328125 0.06015625
8 0.969140625 0.8544921875 0.03203125 0.074609375
17 0.0662109375 0.1421875 0.038671875 0.08125
3 0.0984375 0.1521484375 0.05 0.048046875
0 0.184765625 0.15234375 0.13203125 0.1421875
18 0.0119140625 0.1859375 0.017578125 0.16875
3 0.3353515625 0.20625 0.173828125 0.16875
3 0.187890625 0.2568359375 0.01953125 0.094921875
1 0.41328125 0.3580078125 0.1296875 0.134765625
1 0.187890625 0.358203125 0.13203125 0.14765625
3 0.41484375 0.4763671875 0.0265625 0.115234375
3 0.2623046875 0.5302734375 0.171484375 0.223046875
18 0.0134765625 0.5333984375 0.014453125 0.176171875
0 0.41484375 0.59140625 0.1265625 0.1421875
3 0.5369140625 0.5943359375 0.117578125 0.054296875
0 0.659765625 0.5943359375 0.12578125 0.135546875
