18 0.2123046875 0.0478515625 0.215234375 0.067578125
3 0.3337890625 0.5158203125 0.051953125 0.072265625
5 0.3240234375 0.6470703125 0.448046875 0.316015625
3 0.576953125 0.6634765625 0.09140625 0.067578125
1 0.8025390625 0.6919921875 0.376953125 0.190234375
3 0.3337890625 0.81875 0.061328125 0.08125
3 0.54609375 0.8529296875 0.3203125 0.149609375
8 0.3296875 0.925 0.13125 0.121875
17 0.3224609375 0.1876953125 0.101171875 0.103515625
3 0.3177734375 0.273828125 0.057421875 0.08515625
1 0.3224609375 0.3890625 0.373046875 0.171875
