3 0.66015625 0.722265625 0.0265625 0.13515625
0 0.83359375 0.84765625 0.1265625 0.1421875
3 0.740234375 0.851953125 0.06484375 0.05390625
1 0.657421875 0.851953125 0.11171875 0.13515625
18 0.01171875 0.85234375 0.0234375 0.2296875
3 0.927734375 0.85546875 0.06171875 0.0609375
8 0.96953125 0.854296875 0.0328125 0.07421875
17 0.066015625 0.1421875 0.03828125 0.08125
3 0.0984375 0.151953125 0.05 0.04765625
0 0.18515625 0.15234375 0.1328125 0.1421875
18 0.012109375 0.1859375 0.01796875 0.16875
3 0.335546875 0.20625 0.17421875 0.16875
3 0.18828125 0.256640625 0.0203125 0.09453125
1 0.41328125 0.358203125 0.1296875 0.13515625
1 0.18828125 0.35859375 0.1328125 0.1484375
3 0.41484375 0.476171875 0.0265625 0.11484375
3 0.262109375 0.530078125 0.17109375 0.22265625
18 0.013671875 0.533203125 0.01484375 0.17578125
0 0.41484375 0.59140625 0.1265625 0.1421875
3 0.537109375 0.594140625 0.11796875 0.05390625
0 0.66015625 0.594140625 0.1265625 0.13515625
