1 0.77890625 0.48359375 0.1921875 0.1328125
3 0.18828125 0.51875 0.0328125 0.053125
3 0.6234375 0.54375 0.059375 0.0625
3 0.7140625 0.553125 0.046875 0.04375
16 0.18828125 0.58359375 0.1515625 0.0859375
11 0.67421875 0.60234375 0.1015625 0.1046875
3 0.66640625 0.65625 0.0421875 0.0625
15 0.12421875 0.71875 0.1640625 0.11875
3 0.37890625 0.71796875 0.3734375 0.0328125
16 0.65078125 0.72109375 0.1796875 0.0953125
17 0.12578125 0.07578125 0.0578125 0.0390625
3 0.21796875 0.76171875 0.0421875 0.0328125
1 0.31015625 0.80078125 0.1515625 0.1140625
3 0.3015625 0.8703125 0.034375 0.04375
8 0.29609375 0.91484375 0.0546875 0.0578125
3 0.12734375 0.11015625 0.0296875 0.0484375
15 0.64296875 0.12421875 0.1796875 0.1046875
1 0.1453125 0.19921875 0.221875 0.1328125
3 0.6453125 0.225 0.025 0.128125
5 0.6453125 0.29921875 0.075 0.0859375
3 0.16328125 0.3109375 0.0671875 0.11875
18 0.23828125 0.03359375 0.1171875 0.0390625
3 0.71796875 0.35546875 0.1140625 0.1328125
3 0.59296875 0.3578125 0.0796875 0.1375
18 0.709375 0.03828125 0.246875 0.0390625
1 0.1859375 0.43203125 0.246875 0.1421875
1 0.56875 0.46796875 0.184375 0.0984375
