1 0.777734375 0.48359375 0.19296875 0.1328125
3 0.18828125 0.51875 0.0328125 0.053125
3 0.6234375 0.54375 0.059375 0.0625
3 0.7140625 0.553125 0.046875 0.04375
16 0.18828125 0.583203125 0.1515625 0.08515625
11 0.673046875 0.601953125 0.10234375 0.10390625
3 0.665234375 0.65625 0.04296875 0.0625
15 0.123046875 0.71875 0.16484375 0.11875
3 0.37890625 0.71796875 0.3734375 0.0328125
16 0.65078125 0.719921875 0.1796875 0.09609375
17 0.12578125 0.07578125 0.0578125 0.0390625
3 0.217578125 0.760546875 0.04140625 0.03359375
1 0.309765625 0.80078125 0.15078125 0.1140625
3 0.3015625 0.8703125 0.034375 0.04375
8 0.295703125 0.91484375 0.05390625 0.0578125
3 0.12734375 0.108984375 0.0296875 0.04921875
15 0.642578125 0.123828125 0.17890625 0.10390625
1 0.1453125 0.19921875 0.221875 0.1328125
3 0.6453125 0.225 0.025 0.128125
5 0.6453125 0.298828125 0.075 0.08515625
3 0.16328125 0.3109375 0.0671875 0.11875
18 0.23828125 0.032421875 0.1171875 0.03984375
3 0.716796875 0.35546875 0.11484375 0.1328125
3 0.592578125 0.3578125 0.07890625 0.1375
18 0.709375 0.03828125 0.246875 0.0390625
1 0.1859375 0.430859375 0.246875 0.14296875
1 0.56875 0.467578125 0.184375 0.09765625
