0 0.46484375 0.4265625 0.4109375 0.09375
3 0.59140625 0.508203125 0.1671875 0.08515625
3 0.3376953125 0.51171875 0.116015625 0.0859375
0 0.7421875 0.5876953125 0.40625 0.097265625
0 0.2662109375 0.5951171875 0.401171875 0.105859375
3 0.5935546875 0.6939453125 0.193359375 0.128515625
3 0.3935546875 0.6953125 0.177734375 0.125
10 0.4896484375 0.7591796875 0.482421875 0.074609375
3 0.4984375 0.8373046875 0.040625 0.137109375
8 0.4875 0.92578125 0.08125 0.0546875
17 0.4673828125 0.0951171875 0.091015625 0.058984375
2 0.7564453125 0.12890625 0.294140625 0.1171875
3 0.4671875 0.1576171875 0.040625 0.074609375
18 0.1125 0.01953125 0.203125 0.0390625
0 0.4697265625 0.2482421875 0.298828125 0.105859375
3 0.4697265625 0.3294921875 0.055078125 0.090234375
