1 0.77890625 0.38515625 0.1578125 0.0796875
3 0.78203125 0.4390625 0.0484375 0.05
18 0.353125 0.046875 0.190625 0.034375
11 0.784375 0.4703125 0.084375 0.090625
3 0.8765625 0.47734375 0.153125 0.0296875
18 0.240625 0.48046875 0.40625 0.0421875
3 0.77890625 0.0515625 0.0421875 0.05
3 0.78203125 0.53046875 0.0578125 0.0671875
1 0.78203125 0.59375 0.1640625 0.075
3 0.78203125 0.6453125 0.0484375 0.034375
9 0.78203125 0.66953125 0.1953125 0.0671875
3 0.86953125 0.72109375 0.1578125 0.0796875
3 0.684375 0.72265625 0.16875 0.0671875
1 0.61953125 0.78828125 0.1640625 0.0796875
1 0.92890625 0.790625 0.1421875 0.075
18 0.30625 0.7921875 0.284375 0.034375
3 0.690625 0.86328125 0.16875 0.0796875
3 0.86640625 0.86328125 0.1734375 0.0796875
10 0.77109375 0.90859375 0.1734375 0.0640625
3 0.78125 0.94765625 0.0375 0.0453125
18 0.321875 0.978125 0.253125 0.0375
8 0.77890625 0.98125 0.0953125 0.0375
18 0.3484375 0.10703125 0.190625 0.0484375
1 0.77109375 0.1125 0.1640625 0.075
18 0.3421875 0.01484375 0.23125 0.0296875
17 0.77421875 0.0171875 0.0734375 0.034375
3 0.77890625 0.171875 0.0421875 0.05625
5 0.78125 0.21484375 0.1 0.0828125
18 0.2265625 0.2203125 0.453125 0.05
3 0.87109375 0.22578125 0.1421875 0.0234375
3 0.78203125 0.29375 0.0484375 0.10625
18 0.35546875 0.303125 0.1953125 0.040625
3 0.9375 0.35390625 0.03125 0.2703125
