3 0.6296875 0.53359375 0.015625 0.0359375
1 0.05625 0.5515625 0.1125 0.103125
1 0.2515625 0.5546875 0.115625 0.0875
1 0.43515625 0.5875 0.1359375 0.103125
1 0.63203125 0.58828125 0.1359375 0.0828125
3 0.25390625 0.61171875 0.0203125 0.0578125
3 0.140625 0.6375 0.196875 0.078125
3 0.63125 0.64765625 0.0125 0.0359375
5 0.2546875 0.6546875 0.0625 0.0625
11 0.5234375 0.66484375 0.196875 0.0828125
5 0.63125 0.6859375 0.065625 0.071875
3 0.2515625 0.69609375 0.015625 0.0421875
3 0.63125 0.72734375 0.0125 0.0421875
1 0.253125 0.75234375 0.1125 0.0828125
1 0.6296875 0.78359375 0.13125 0.0828125
3 0.25390625 0.8125 0.0203125 0.046875
3 0.63203125 0.84609375 0.0203125 0.0421875
6 0.253125 0.86171875 0.034375 0.0421875
6 0.6296875 0.8890625 0.03125 0.046875
1 0.43515625 0.13203125 0.1515625 0.0765625
17 0.11953125 0.13203125 0.0234375 0.0359375
1 0.2453125 0.13125 0.1125 0.0875
3 0.3265625 0.13203125 0.065625 0.0265625
3 0.1625 0.134375 0.0625 0.03125
3 0.509375 0.1859375 0.015625 0.040625
3 0.3375 0.1890625 0.228125 0.025
3 0.23828125 0.23203125 0.0203125 0.1140625
1 0.50625 0.25078125 0.115625 0.0984375
3 0.5859375 0.25078125 0.05 0.0265625
3 0.83046875 0.25078125 0.0859375 0.0359375
1 0.6625 0.25234375 0.1125 0.0828125
3 0.7375 0.253125 0.046875 0.03125
1 0.9296875 0.253125 0.1125 0.103125
5 0.7765625 0.25546875 0.0625 0.0671875
3 0.4140625 0.27109375 0.09375 0.0671875
3 0.32890625 0.3203125 0.0703125 0.03125
11 0.378125 0.31953125 0.0625 0.0828125
1 0.23203125 0.32578125 0.1390625 0.0828125
3 0.77421875 0.33828125 0.0203125 0.1484375
3 0.51640625 0.37890625 0.2515625 0.1296875
3 0.31171875 0.3953125 0.1421875 0.046875
1 0.771875 0.44921875 0.115625 0.0828125
1 0.25 0.44921875 0.1125 0.0828125
3 0.12421875 0.471875 0.1546875 0.078125
1 0.63203125 0.48046875 0.1359375 0.0828125
3 0.2515625 0.50078125 0.015625 0.0421875
11 0.49453125 0.503125 0.1546875 0.0875
3 0.77421875 0.50546875 0.0203125 0.0515625
