3 0.6296875 0.53359375 0.015625 0.0359375
1 0.05625 0.5515625 0.1125 0.103125
1 0.2515625 0.5546875 0.115625 0.0875
1 0.433984375 0.5875 0.13671875 0.103125
1 0.630859375 0.587890625 0.13671875 0.08203125
3 0.253515625 0.610546875 0.01953125 0.05859375
3 0.140625 0.6375 0.196875 0.078125
3 0.63125 0.646484375 0.0125 0.03671875
5 0.2546875 0.6546875 0.0625 0.0625
11 0.5234375 0.66484375 0.196875 0.0828125
5 0.63125 0.6859375 0.065625 0.071875
3 0.2515625 0.69609375 0.015625 0.0421875
3 0.63125 0.726953125 0.0125 0.04140625
1 0.253125 0.75234375 0.1125 0.0828125
1 0.6296875 0.78359375 0.13125 0.0828125
3 0.253515625 0.8125 0.01953125 0.046875
3 0.631640625 0.845703125 0.01953125 0.04140625
6 0.253125 0.861328125 0.034375 0.04140625
6 0.6296875 0.8890625 0.03125 0.046875
1 0.434765625 0.131640625 0.15078125 0.07578125
17 0.11953125 0.130859375 0.0234375 0.03671875
1 0.2453125 0.13125 0.1125 0.0875
3 0.3265625 0.131640625 0.065625 0.02578125
3 0.1625 0.134375 0.0625 0.03125
3 0.509375 0.1859375 0.015625 0.040625
3 0.3375 0.1890625 0.228125 0.025
3 0.237890625 0.23203125 0.01953125 0.1140625
1 0.50625 0.249609375 0.115625 0.09921875
3 0.5859375 0.250390625 0.05 0.02578125
3 0.83046875 0.249609375 0.0859375 0.03671875
1 0.6625 0.25234375 0.1125 0.0828125
3 0.7375 0.253125 0.046875 0.03125
1 0.9296875 0.253125 0.1125 0.103125
5 0.7765625 0.25546875 0.0625 0.0671875
3 0.4140625 0.270703125 0.09375 0.06640625
3 0.328515625 0.3203125 0.06953125 0.03125
11 0.378125 0.31953125 0.0625 0.0828125
1 0.23203125 0.325390625 0.1390625 0.08203125
3 0.77421875 0.337109375 0.0203125 0.14921875
3 0.516015625 0.37890625 0.25078125 0.1296875
3 0.311328125 0.3953125 0.14140625 0.046875
1 0.771875 0.448046875 0.115625 0.08359375
1 0.25 0.448046875 0.1125 0.08359375
3 0.123828125 0.471875 0.15390625 0.078125
1 0.630859375 0.479296875 0.13671875 0.08359375
3 0.2515625 0.499609375 0.015625 0.04296875
11 0.49453125 0.503125 0.1546875 0.0875
3 0.77421875 0.50546875 0.0203125 0.0515625
