18 0.226171875 0.051171875 0.24609375 0.05234375
0 0.580078125 0.548046875 0.22890625 0.16484375
0 0.26953125 0.556640625 0.2296875 0.16953125
3 0.27109375 0.6640625 0.0390625 0.0875
3 0.5765625 0.66640625 0.04375 0.0921875
10 0.426953125 0.7 0.63515625 0.0875
18 0.821484375 0.715625 0.14921875 0.046875
3 0.428125 0.75625 0.04375 0.0875
0 0.426171875 0.872265625 0.23359375 0.16328125
0 0.412109375 0.24140625 0.23046875 0.1640625
3 0.4109375 0.3484375 0.03125 0.071875
9 0.412109375 0.387890625 0.64921875 0.07578125
18 0.815625 0.3875 0.14375 0.046875
3 0.57578125 0.434375 0.0359375 0.0875
3 0.271875 0.4390625 0.03125 0.0875
