18 0.2267578125 0.051171875 0.244140625 0.05234375
0 0.5798828125 0.548046875 0.228515625 0.16484375
0 0.2693359375 0.5564453125 0.229296875 0.169140625
3 0.27109375 0.6640625 0.0390625 0.0875
3 0.5759765625 0.66640625 0.042578125 0.0921875
10 0.426953125 0.7 0.63515625 0.0875
18 0.8220703125 0.7154296875 0.147265625 0.046484375
3 0.4279296875 0.75625 0.043359375 0.0875
0 0.426171875 0.872265625 0.23359375 0.16328125
0 0.4126953125 0.24140625 0.228515625 0.1640625
3 0.4109375 0.3484375 0.03125 0.071875
9 0.4126953125 0.387890625 0.647265625 0.07578125
18 0.815625 0.3873046875 0.14375 0.046484375
3 0.5755859375 0.434375 0.035546875 0.0875
3 0.271875 0.4390625 0.03125 0.0875
