18 0.22734375 0.05234375 0.2453125 0.0515625
0 0.58046875 0.54921875 0.2296875 0.1640625
0 0.26953125 0.55703125 0.2296875 0.1703125
3 0.27109375 0.6640625 0.0390625 0.0875
3 0.5765625 0.66640625 0.04375 0.0921875
10 0.42734375 0.7 0.6359375 0.0875
18 0.82265625 0.715625 0.1484375 0.046875
3 0.428125 0.75625 0.04375 0.0875
0 0.42734375 0.87265625 0.2328125 0.1640625
0 0.41328125 0.24140625 0.2296875 0.1640625
3 0.4109375 0.3484375 0.03125 0.071875
9 0.41328125 0.38828125 0.6484375 0.0765625
18 0.815625 0.3875 0.14375 0.046875
3 0.57578125 0.434375 0.0359375 0.0875
3 0.271875 0.4390625 0.03125 0.0875
