18 0.226953125 0.05234375 0.24453125 0.0515625
0 0.580078125 0.54921875 0.22890625 0.1640625
0 0.269140625 0.556640625 0.22890625 0.16953125
3 0.27109375 0.6640625 0.0390625 0.0875
3 0.576171875 0.66640625 0.04296875 0.0921875
10 0.42734375 0.7 0.6359375 0.0875
18 0.822265625 0.715234375 0.14765625 0.04609375
3 0.427734375 0.75625 0.04296875 0.0875
0 0.42734375 0.87265625 0.2328125 0.1640625
0 0.412890625 0.24140625 0.22890625 0.1640625
3 0.4109375 0.3484375 0.03125 0.071875
9 0.412890625 0.38828125 0.64765625 0.0765625
18 0.815625 0.387109375 0.14375 0.04609375
3 0.575390625 0.434375 0.03515625 0.0875
3 0.271875 0.4390625 0.03125 0.0875
