5 0.4623046875 0.4083984375 0.165234375 0.151171875
3 0.6794921875 0.46640625 0.290234375 0.1390625
3 0.27265625 0.4677734375 0.2453125 0.135546875
5 0.187109375 0.59375 0.30546875 0.146875
1 0.80234375 0.5955078125 0.3046875 0.150390625
17 0.4650390625 0.0669921875 0.089453125 0.055859375
3 0.27734375 0.7216796875 0.2453125 0.127734375
3 0.667578125 0.7240234375 0.30390625 0.123046875
11 0.4580078125 0.7560546875 0.184765625 0.115234375
3 0.4544921875 0.8466796875 0.040234375 0.099609375
8 0.4498046875 0.93125 0.090234375 0.059375
11 0.467578125 0.1310546875 0.05390625 0.071484375
1 0.4705078125 0.2205078125 0.309765625 0.122265625
11 0.4703125 0.316796875 0.05 0.09609375
