5 0.46328125 0.40859375 0.1640625 0.1515625
3 0.6796875 0.46640625 0.290625 0.1390625
3 0.27265625 0.46796875 0.2453125 0.1359375
5 0.18828125 0.59375 0.3046875 0.146875
1 0.80234375 0.59609375 0.3046875 0.1515625
17 0.465625 0.06796875 0.090625 0.0546875
3 0.27734375 0.721875 0.2453125 0.128125
3 0.66796875 0.725 0.3046875 0.121875
11 0.45859375 0.75625 0.1859375 0.115625
3 0.4546875 0.84765625 0.040625 0.0984375
8 0.45 0.93125 0.090625 0.059375
11 0.46796875 0.13125 0.0546875 0.071875
1 0.47109375 0.22109375 0.3109375 0.1234375
11 0.4703125 0.31796875 0.05 0.0953125
