5 0.462890625 0.40859375 0.16328125 0.1515625
3 0.6796875 0.46640625 0.290625 0.1390625
3 0.27265625 0.46796875 0.2453125 0.1359375
5 0.187109375 0.59375 0.30546875 0.146875
1 0.80234375 0.594921875 0.3046875 0.15234375
17 0.465625 0.067578125 0.090625 0.05390625
3 0.27734375 0.721875 0.2453125 0.128125
3 0.667578125 0.725 0.30390625 0.121875
11 0.458203125 0.75625 0.18515625 0.115625
3 0.4546875 0.846484375 0.040625 0.09921875
8 0.45 0.93125 0.090625 0.059375
11 0.467578125 0.13125 0.05390625 0.071875
1 0.470703125 0.220703125 0.31015625 0.12265625
11 0.4703125 0.316796875 0.05 0.09609375
