0 0.1455078125 0.440625 0.253515625 0.071875
0 0.82890625 0.451953125 0.2484375 0.06640625
3 0.97421875 0.46640625 0.0328125 0.5609375
17 0.486328125 0.05078125 0.07890625 0.0671875
3 0.140625 0.540625 0.0375 0.14375
3 0.82890625 0.5505859375 0.0328125 0.148046875
10 0.4859375 0.61796875 0.934375 0.0546875
3 0.486328125 0.67109375 0.04140625 0.1015625
5 0.485546875 0.7359375 0.12734375 0.096875
3 0.7482421875 0.74453125 0.465234375 0.0296875
3 0.485546875 0.8421875 0.03359375 0.15625
3 0.485546875 0.137890625 0.03359375 0.11328125
0 0.4890625 0.223828125 0.24375 0.06640625
3 0.7916015625 0.2232421875 0.370703125 0.033984375
3 0.4890625 0.2892578125 0.028125 0.087890625
3 0.4833984375 0.3337890625 0.713671875 0.033203125
3 0.140625 0.3646484375 0.028125 0.088671875
3 0.83125 0.3732421875 0.0375 0.105859375
