18 0.8203125 0.05234375 0.128125 0.0421875
3 0.56015625 0.51875 0.2453125 0.175
3 0.4125 0.54375 0.028125 0.1125
3 0.84765625 0.603125 0.0359375 0.375
11 0.4171875 0.6234375 0.1125 0.128125
18 0.76328125 0.62421875 0.1171875 0.0359375
5 0.6609375 0.6234375 0.096875 0.128125
3 0.31953125 0.634375 0.1359375 0.046875
3 0.54296875 0.63671875 0.2015625 0.0421875
0 0.12890625 0.6359375 0.2484375 0.1125
18 0.7640625 0.65859375 0.109375 0.0359375
3 0.73671875 0.74453125 0.1703125 0.1640625
3 0.41640625 0.7546875 0.0359375 0.175
3 0.19609375 0.79296875 0.1671875 0.2203125
8 0.84296875 0.815625 0.0578125 0.071875
0 0.41953125 0.8875 0.2953125 0.1125
17 0.0875 0.15703125 0.05 0.0765625
3 0.22578125 0.1671875 0.2328125 0.046875
18 0.6578125 0.20625 0.1125 0.040625
0 0.3296875 0.23359375 0.2875 0.1171875
3 0.6109375 0.23671875 0.290625 0.0515625
0 0.84609375 0.2359375 0.1859375 0.1125
3 0.84375 0.3125 0.028125 0.071875
18 0.9421875 0.35859375 0.09375 0.0421875
5 0.8390625 0.37265625 0.08125 0.1390625
3 0.60703125 0.39765625 0.4234375 0.0671875
18 0.93671875 0.39765625 0.1203125 0.0359375
3 0.15390625 0.40546875 0.0734375 0.3703125
18 0.32421875 0.43828125 0.1046875 0.0359375
5 0.4125 0.4421875 0.08125 0.134375
18 0.32734375 0.0484375 0.1359375 0.046875
18 0.321875 0.47421875 0.09375 0.0359375
