18 0.8203125 0.0517578125 0.128125 0.041015625
3 0.5599609375 0.5181640625 0.244921875 0.173828125
3 0.4123046875 0.54375 0.027734375 0.1125
3 0.8470703125 0.6025390625 0.034765625 0.373828125
11 0.4171875 0.6234375 0.1125 0.128125
18 0.7630859375 0.623828125 0.116796875 0.03515625
5 0.6609375 0.6234375 0.096875 0.128125
3 0.31953125 0.6337890625 0.1359375 0.045703125
3 0.54296875 0.6361328125 0.2015625 0.041015625
0 0.127734375 0.6359375 0.24921875 0.1125
18 0.7634765625 0.65859375 0.108203125 0.0359375
3 0.73671875 0.744140625 0.1703125 0.16328125
3 0.4162109375 0.7541015625 0.035546875 0.173828125
3 0.1958984375 0.791796875 0.166796875 0.22109375
8 0.84296875 0.815625 0.0578125 0.071875
0 0.4189453125 0.8875 0.294140625 0.1125
17 0.0875 0.156640625 0.05 0.07578125
3 0.225390625 0.1666015625 0.23203125 0.045703125
18 0.6578125 0.2052734375 0.1125 0.041796875
0 0.3294921875 0.2337890625 0.287109375 0.117578125
3 0.6109375 0.235546875 0.290625 0.05234375
0 0.845703125 0.2359375 0.18515625 0.1125
3 0.8431640625 0.3125 0.026953125 0.071875
18 0.9419921875 0.3583984375 0.093359375 0.041796875
5 0.8390625 0.3720703125 0.08125 0.137890625
3 0.6064453125 0.3974609375 0.422265625 0.066796875
18 0.935546875 0.39765625 0.12109375 0.0359375
3 0.152734375 0.4052734375 0.07421875 0.369921875
18 0.323828125 0.43828125 0.10390625 0.0359375
5 0.4125 0.4416015625 0.08125 0.133203125
18 0.32734375 0.0482421875 0.1359375 0.046484375
18 0.3216796875 0.47421875 0.093359375 0.0359375
