3 0.5421875 0.66640625 0.021875 0.1890625
3 0.70234375 0.72109375 0.1203125 0.2953125
18 0.12109375 0.7359375 0.1984375 0.075
18 0.0796875 0.07578125 0.13125 0.0640625
1 0.54296875 0.84296875 0.2234375 0.1765625
3 0.9 0.1890625 0.05 0.0375
17 0.96015625 0.18984375 0.0703125 0.1515625
1 0.77109375 0.19296875 0.2203125 0.1828125
1 0.27421875 0.20546875 0.2203125 0.1703125
17 0.06171875 0.20859375 0.0796875 0.1390625
3 0.1359375 0.2078125 0.075 0.05
3 0.771875 0.33984375 0.021875 0.1640625
3 0.275 0.34296875 0.021875 0.1328125
18 0.07734375 0.40546875 0.1171875 0.0703125
3 0.4046875 0.490625 0.053125 0.05
1 0.53515625 0.49453125 0.2203125 0.1828125
1 0.76796875 0.49453125 0.2140625 0.1703125
1 0.27578125 0.49453125 0.2171875 0.1703125
