3 0.5421875 0.66640625 0.021875 0.1890625
3 0.701171875 0.719921875 0.12109375 0.29609375
18 0.12109375 0.7359375 0.1984375 0.075
18 0.0796875 0.07578125 0.13125 0.0640625
1 0.542578125 0.84296875 0.22265625 0.1765625
3 0.9 0.1890625 0.05 0.0375
17 0.959765625 0.188671875 0.06953125 0.15234375
1 0.769921875 0.191796875 0.22109375 0.18359375
1 0.273046875 0.204296875 0.22109375 0.17109375
17 0.061328125 0.207421875 0.07890625 0.13984375
3 0.1359375 0.2078125 0.075 0.05
3 0.771875 0.33984375 0.021875 0.1640625
3 0.275 0.34296875 0.021875 0.1328125
18 0.07734375 0.40546875 0.1171875 0.0703125
3 0.4046875 0.490625 0.053125 0.05
1 0.534765625 0.494140625 0.21953125 0.18203125
1 0.766796875 0.494140625 0.21484375 0.16953125
1 0.274609375 0.494140625 0.21796875 0.16953125
