18 0.499609375 0.04296875 0.11171875 0.0265625
3 0.5140625 0.45703125 0.028125 0.0390625
18 0.4890625 0.046875 0.596875 0.034375
18 0.734375 0.046875 0.10625 0.034375
18 0.2625 0.046875 0.134375 0.04375
18 0.396875 0.047265625 0.096875 0.02578125
18 0.624609375 0.04921875 0.11171875 0.0296875
9 0.523828125 0.4765625 0.41640625 0.04375
3 0.3296875 0.49375 0.028125 0.04375
3 0.715625 0.49609375 0.03125 0.0390625
3 0.51875 0.4984375 0.028125 0.04375
1 0.70625 0.5375 0.134375 0.06875
1 0.519140625 0.53828125 0.13828125 0.0640625
1 0.3265625 0.53828125 0.134375 0.0640625
3 0.51875 0.57734375 0.028125 0.0390625
3 0.710546875 0.57734375 0.03359375 0.0390625
3 0.325 0.5796875 0.028125 0.034375
10 0.5125 0.60078125 0.45 0.0515625
3 0.5140625 0.62421875 0.028125 0.0390625
1 0.514453125 0.667578125 0.12890625 0.05390625
3 0.5171875 0.71015625 0.03125 0.0390625
1 0.514453125 0.7515625 0.12890625 0.059375
3 0.514453125 0.791796875 0.03515625 0.03984375
8 0.509375 0.83125 0.05625 0.046875
17 0.51875 0.14375 0.046875 0.05625
3 0.57890625 0.184375 0.1203125 0.025
3 0.51875 0.1890625 0.028125 0.04375
1 0.518359375 0.23359375 0.13046875 0.0640625
3 0.63203125 0.25546875 0.0234375 0.1671875
3 0.51640625 0.28125 0.0234375 0.046875
5 0.52109375 0.31328125 0.0796875 0.0859375
3 0.596484375 0.31953125 0.11171875 0.0296875
3 0.51875 0.36875 0.028125 0.04375
1 0.519140625 0.4125 0.13828125 0.06875
