3 0.6875 0.505078125 0.028125 0.19765625
5 0.33203125 0.51484375 0.0984375 0.1015625
3 0.52421875 0.521875 0.3359375 0.028125
3 0.335546875 0.574609375 0.03359375 0.04921875
0 0.684765625 0.63984375 0.26953125 0.1015625
18 0.921484375 0.640625 0.14921875 0.053125
0 0.3359375 0.63984375 0.2875 0.1015625
3 0.334765625 0.70546875 0.04453125 0.0578125
18 0.086328125 0.765625 0.14765625 0.0625
0 0.33203125 0.770703125 0.2703125 0.09140625
3 0.68671875 0.778125 0.0203125 0.184375
3 0.5140625 0.86484375 0.365625 0.0296875
3 0.333984375 0.8765625 0.03046875 0.13125
3 0.333984375 0.10390625 0.03046875 0.0734375
0 0.33203125 0.1796875 0.2796875 0.096875
3 0.333984375 0.2390625 0.03046875 0.053125
0 0.336328125 0.309375 0.27890625 0.096875
18 0.18046875 0.03359375 0.1890625 0.0390625
17 0.3375 0.03359375 0.053125 0.0671875
3 0.33828125 0.3703125 0.0296875 0.053125
5 0.340625 0.41328125 0.090625 0.1109375
3 0.52421875 0.4234375 0.3359375 0.025
3 0.334765625 0.471875 0.01953125 0.053125
