18 0.50078125 0.042578125 0.1109375 0.02578125
3 0.5140625 0.456640625 0.028125 0.03828125
18 0.4890625 0.046875 0.596875 0.034375
18 0.734375 0.046875 0.10625 0.034375
18 0.2625 0.046484375 0.134375 0.04296875
18 0.396875 0.047265625 0.096875 0.02578125
18 0.62578125 0.04921875 0.1109375 0.0296875
9 0.523828125 0.476171875 0.41640625 0.04296875
3 0.3296875 0.493359375 0.028125 0.04296875
3 0.716015625 0.495703125 0.03203125 0.03828125
3 0.51875 0.498046875 0.028125 0.04296875
1 0.70625 0.5375 0.134375 0.06875
1 0.51953125 0.53828125 0.1390625 0.0640625
1 0.3265625 0.53828125 0.134375 0.0640625
3 0.51875 0.576953125 0.028125 0.03828125
3 0.711328125 0.576953125 0.03203125 0.03828125
3 0.325 0.5796875 0.028125 0.034375
10 0.512109375 0.60078125 0.44921875 0.0515625
3 0.5140625 0.623828125 0.028125 0.03828125
1 0.51484375 0.666796875 0.1296875 0.05546875
3 0.516015625 0.709765625 0.03203125 0.03828125
1 0.51484375 0.750390625 0.1296875 0.06015625
3 0.513671875 0.792578125 0.03671875 0.03828125
8 0.508984375 0.83125 0.05546875 0.046875
17 0.518359375 0.143359375 0.04609375 0.05546875
3 0.57890625 0.184765625 0.1203125 0.02578125
3 0.51875 0.188671875 0.028125 0.04296875
1 0.51953125 0.23359375 0.1296875 0.0640625
3 0.63203125 0.25546875 0.0234375 0.1671875
3 0.51640625 0.28125 0.0234375 0.046875
5 0.520703125 0.31328125 0.07890625 0.0859375
3 0.59765625 0.31953125 0.1109375 0.0296875
3 0.51875 0.368359375 0.028125 0.04296875
1 0.51953125 0.4125 0.1390625 0.06875
