3 0.6865234375 0.505078125 0.029296875 0.19765625
5 0.33203125 0.51484375 0.0984375 0.1015625
3 0.52421875 0.5220703125 0.3359375 0.028515625
3 0.335546875 0.574609375 0.03359375 0.04921875
0 0.684765625 0.63984375 0.26953125 0.1015625
18 0.9220703125 0.640625 0.147265625 0.053125
0 0.3357421875 0.63984375 0.287109375 0.1015625
3 0.334765625 0.70546875 0.04453125 0.0578125
18 0.0861328125 0.765625 0.147265625 0.0625
0 0.33203125 0.7705078125 0.2703125 0.091015625
3 0.68671875 0.7779296875 0.0203125 0.183984375
3 0.5138671875 0.8646484375 0.365234375 0.029296875
3 0.3345703125 0.8763671875 0.028515625 0.130859375
3 0.3345703125 0.1037109375 0.028515625 0.073046875
0 0.3318359375 0.1796875 0.279296875 0.096875
3 0.3345703125 0.2390625 0.028515625 0.053125
0 0.3361328125 0.309375 0.278515625 0.096875
18 0.1802734375 0.0333984375 0.188671875 0.038671875
17 0.3375 0.03359375 0.053125 0.0671875
3 0.3380859375 0.3703125 0.029296875 0.053125
5 0.3400390625 0.41328125 0.089453125 0.1109375
3 0.52421875 0.4228515625 0.3359375 0.023828125
3 0.334765625 0.471875 0.01953125 0.053125
