18 0.499609375 0.0427734375 0.11171875 0.026171875
3 0.5140625 0.4568359375 0.028125 0.038671875
18 0.4890625 0.046875 0.596875 0.034375
18 0.734375 0.046875 0.10625 0.034375
18 0.2625 0.0466796875 0.134375 0.043359375
18 0.396875 0.0470703125 0.096875 0.025390625
18 0.624609375 0.04921875 0.11171875 0.0296875
9 0.5236328125 0.4763671875 0.416015625 0.043359375
3 0.3296875 0.4935546875 0.028125 0.043359375
3 0.7158203125 0.4958984375 0.031640625 0.038671875
3 0.51875 0.4978515625 0.028125 0.042578125
1 0.70625 0.5375 0.134375 0.06875
1 0.519140625 0.53828125 0.13828125 0.0640625
1 0.3265625 0.53828125 0.134375 0.0640625
3 0.51875 0.5771484375 0.028125 0.038671875
3 0.7111328125 0.5771484375 0.031640625 0.038671875
3 0.325 0.5796875 0.028125 0.034375
10 0.5119140625 0.60078125 0.448828125 0.0515625
3 0.5140625 0.6240234375 0.028125 0.038671875
1 0.514453125 0.6669921875 0.12890625 0.055859375
3 0.5162109375 0.7099609375 0.032421875 0.038671875
1 0.514453125 0.7505859375 0.12890625 0.060546875
3 0.5138671875 0.7923828125 0.037109375 0.037890625
8 0.5091796875 0.83125 0.055859375 0.046875
17 0.5185546875 0.1435546875 0.046484375 0.055859375
3 0.57890625 0.1845703125 0.1203125 0.025390625
3 0.51875 0.1888671875 0.028125 0.043359375
1 0.518359375 0.23359375 0.13046875 0.0640625
3 0.63203125 0.25546875 0.0234375 0.1671875
3 0.51640625 0.28125 0.0234375 0.046875
5 0.5208984375 0.31328125 0.079296875 0.0859375
3 0.596484375 0.31953125 0.11171875 0.0296875
3 0.51875 0.3685546875 0.028125 0.043359375
1 0.519140625 0.4125 0.13828125 0.06875
