1 0.6328125 0.5205078125 0.121875 0.084765625
1 0.9017578125 0.56796875 0.125390625 0.0703125
1 0.3146484375 0.5728515625 0.126171875 0.080078125
1 0.0947265625 0.575 0.117578125 0.075
3 0.630078125 0.5830078125 0.02265625 0.059765625
1 0.6298828125 0.6458984375 0.125390625 0.085546875
3 0.7732421875 0.6734375 0.162109375 0.140625
3 0.469140625 0.6759765625 0.18828125 0.145703125
3 0.6322265625 0.7060546875 0.026953125 0.055859375
10 0.6265625 0.734375 0.196875 0.090625
3 0.1517578125 0.7662109375 0.019140625 0.316796875
1 0.643359375 0.0830078125 0.13046875 0.084765625
3 0.6318359375 0.813671875 0.035546875 0.12109375
3 0.4822265625 0.0880859375 0.223828125 0.035546875
17 0.3560546875 0.08828125 0.043359375 0.0453125
1 0.6298828125 0.9044921875 0.125390625 0.080859375
8 0.932421875 0.9072265625 0.03984375 0.055078125
3 0.35078125 0.9068359375 0.4484375 0.035546875
3 0.8052734375 0.9150390625 0.232421875 0.030078125
3 0.6357421875 0.1556640625 0.027734375 0.080078125
1 0.63203125 0.2236328125 0.1296875 0.084765625
3 0.6474609375 0.28671875 0.019921875 0.0703125
5 0.64765625 0.3322265625 0.0671875 0.080078125
3 0.3482421875 0.3345703125 0.555859375 0.034765625
3 0.64921875 0.3865234375 0.0234375 0.060546875
3 0.090234375 0.4322265625 0.02421875 0.220703125
9 0.6375 0.437890625 0.18125 0.06953125
3 0.6318359375 0.4650390625 0.019921875 0.055078125
3 0.4369140625 0.4859375 0.251953125 0.115625
3 0.8091796875 0.487109375 0.208984375 0.11171875
