1 0.6328125 0.520703125 0.121875 0.08515625
1 0.901953125 0.56796875 0.12578125 0.0703125
1 0.314453125 0.573046875 0.12578125 0.08046875
1 0.094921875 0.575 0.11796875 0.075
3 0.63046875 0.583203125 0.0234375 0.06015625
1 0.630078125 0.645703125 0.12578125 0.08515625
3 0.773046875 0.6734375 0.16171875 0.140625
3 0.46953125 0.676171875 0.1890625 0.14609375
3 0.632421875 0.705859375 0.02734375 0.05546875
10 0.6265625 0.734375 0.196875 0.090625
3 0.151953125 0.766015625 0.01953125 0.31640625
1 0.64453125 0.083203125 0.1296875 0.08515625
3 0.631640625 0.81484375 0.03515625 0.1203125
3 0.482421875 0.087890625 0.22421875 0.03515625
17 0.355859375 0.08828125 0.04296875 0.0453125
1 0.630078125 0.904296875 0.12578125 0.08046875
8 0.93359375 0.907421875 0.0390625 0.05546875
3 0.35078125 0.906640625 0.4484375 0.03515625
3 0.805078125 0.915234375 0.23203125 0.03046875
3 0.635546875 0.155859375 0.02734375 0.08046875
1 0.63203125 0.223828125 0.1296875 0.08515625
3 0.647265625 0.28671875 0.01953125 0.0703125
5 0.64765625 0.332421875 0.0671875 0.08046875
3 0.348046875 0.334765625 0.55546875 0.03515625
3 0.64921875 0.386328125 0.0234375 0.06015625
3 0.09140625 0.432421875 0.0234375 0.22109375
9 0.6375 0.43828125 0.18125 0.0703125
3 0.631640625 0.465234375 0.01953125 0.05546875
3 0.437109375 0.4859375 0.25234375 0.115625
3 0.808984375 0.48828125 0.20859375 0.1109375
