3 0.513671875 0.44609375 0.02734375 0.0609375
3 0.655078125 0.4484375 0.08203125 0.065625
3 0.3 0.4484375 0.090625 0.065625
0 0.51328125 0.501953125 0.1546875 0.06953125
0 0.688671875 0.509375 0.16796875 0.065625
0 0.270703125 0.517578125 0.21328125 0.09140625
3 0.511328125 0.556640625 0.03203125 0.04765625
3 0.690234375 0.561328125 0.02734375 0.04765625
3 0.3234375 0.605078125 0.1 0.09140625
17 0.493359375 0.060546875 0.07734375 0.05234375
0 0.5125 0.6203125 0.159375 0.0875
0 0.69140625 0.625 0.1546875 0.0875
3 0.520703125 0.697265625 0.03203125 0.09140625
3 0.416015625 0.700390625 0.11328125 0.09140625
3 0.657421875 0.70546875 0.07734375 0.0828125
10 0.53515625 0.750390625 0.4046875 0.06953125
3 0.540234375 0.78828125 0.02734375 0.0390625
0 0.5390625 0.823828125 0.159375 0.05703125
3 0.544921875 0.8609375 0.03671875 0.04375
8 0.5453125 0.910546875 0.090625 0.07421875
3 0.490234375 0.093359375 0.02734375 0.03046875
0 0.49140625 0.126171875 0.1546875 0.05234375
3 0.492578125 0.205078125 0.02265625 0.11328125
3 0.634765625 0.21875 0.13203125 0.209375
5 0.494921875 0.3015625 0.12734375 0.13125
3 0.492578125 0.37421875 0.02265625 0.0390625
9 0.49140625 0.401953125 0.5546875 0.06953125
