3 0.5134765625 0.445703125 0.026953125 0.06015625
3 0.6548828125 0.4484375 0.081640625 0.065625
3 0.3 0.4484375 0.090625 0.065625
0 0.51328125 0.5021484375 0.1546875 0.069921875
0 0.6884765625 0.509375 0.167578125 0.065625
0 0.2705078125 0.5173828125 0.212890625 0.091015625
3 0.5115234375 0.5568359375 0.032421875 0.048046875
3 0.6904296875 0.5611328125 0.027734375 0.047265625
3 0.3234375 0.6048828125 0.1 0.091015625
17 0.4931640625 0.0607421875 0.076953125 0.052734375
0 0.5125 0.6203125 0.159375 0.0875
0 0.690234375 0.625 0.15546875 0.0875
3 0.5205078125 0.6970703125 0.031640625 0.091015625
3 0.4158203125 0.7005859375 0.112890625 0.091796875
3 0.6572265625 0.70546875 0.076953125 0.0828125
10 0.533984375 0.7505859375 0.40546875 0.069921875
3 0.5404296875 0.78828125 0.027734375 0.0390625
0 0.5390625 0.8236328125 0.159375 0.056640625
3 0.5451171875 0.8609375 0.037109375 0.04375
8 0.5453125 0.9103515625 0.090625 0.073828125
3 0.4904296875 0.0935546875 0.027734375 0.030859375
0 0.490234375 0.1263671875 0.15546875 0.052734375
3 0.4927734375 0.2052734375 0.023046875 0.113671875
3 0.6345703125 0.21875 0.131640625 0.209375
5 0.4951171875 0.3015625 0.127734375 0.13125
3 0.4927734375 0.373046875 0.023046875 0.03984375
9 0.490234375 0.4017578125 0.55546875 0.069140625
