3 0.7578125 0.4640625 0.065625 0.071875
3 0.2421875 0.4640625 0.065625 0.071875
10 0.504296875 0.49609375 0.92109375 0.0953125
18 0.204296875 0.051953125 0.37109375 0.05390625
3 0.499609375 0.558203125 0.06171875 0.09765625
1 0.4984375 0.6765625 0.384375 0.1625
3 0.494921875 0.79765625 0.07109375 0.1109375
8 0.4953125 0.9078125 0.140625 0.1
17 0.237890625 0.17265625 0.09453125 0.0671875
17 0.75234375 0.17421875 0.0953125 0.0640625
3 0.242578125 0.2421875 0.05390625 0.0875
3 0.75234375 0.24609375 0.0546875 0.0796875
1 0.244921875 0.35703125 0.37109375 0.1578125
1 0.753125 0.358984375 0.365625 0.15546875
