3 0.7578125 0.4640625 0.065625 0.071875
3 0.2421875 0.4640625 0.065625 0.071875
10 0.50546875 0.49609375 0.9203125 0.0953125
18 0.20546875 0.05234375 0.3703125 0.0546875
3 0.50078125 0.55859375 0.0609375 0.0984375
1 0.4984375 0.6765625 0.384375 0.1625
3 0.49609375 0.79765625 0.0703125 0.1109375
8 0.4953125 0.9078125 0.140625 0.1
17 0.23828125 0.17265625 0.0953125 0.0671875
17 0.75234375 0.17421875 0.0953125 0.0640625
3 0.24296875 0.2421875 0.0546875 0.0875
3 0.75234375 0.24609375 0.0546875 0.0796875
1 0.24609375 0.35703125 0.3703125 0.1578125
1 0.753125 0.36015625 0.365625 0.1546875
