3 0.7576171875 0.4638671875 0.065234375 0.071484375
3 0.2419921875 0.4638671875 0.065234375 0.071484375
10 0.504296875 0.49609375 0.92109375 0.0953125
18 0.204296875 0.0513671875 0.37109375 0.055859375
3 0.5001953125 0.5576171875 0.059765625 0.099609375
1 0.4974609375 0.6765625 0.385546875 0.1625
3 0.494921875 0.79765625 0.07109375 0.1109375
8 0.4951171875 0.9072265625 0.140234375 0.098828125
17 0.237890625 0.17265625 0.09453125 0.0671875
17 0.75234375 0.1740234375 0.0953125 0.063671875
3 0.242578125 0.2421875 0.05390625 0.0875
3 0.75234375 0.24609375 0.0546875 0.0796875
1 0.244921875 0.3572265625 0.37109375 0.158203125
1 0.7525390625 0.358984375 0.364453125 0.15546875
