3 0.0984375 0.4615234375 0.021875 0.163671875
18 0.1052734375 0.46171875 0.079296875 0.0359375
3 0.3837890625 0.4728515625 0.030078125 0.230078125
3 0.732421875 0.475390625 0.02734375 0.20703125
18 0.3908203125 0.565234375 0.175390625 0.05546875
1 0.10078125 0.57265625 0.2015625 0.0765625
3 0.4669921875 0.5748046875 0.540234375 0.027734375
3 0.14453125 0.728125 0.1140625 0.253125
1 0.5197265625 0.762109375 0.301953125 0.08671875
3 0.7416015625 0.7626953125 0.148828125 0.031640625
3 0.3005859375 0.7626953125 0.144921875 0.022265625
10 0.8359375 0.828125 0.109375 0.34375
9 0.2171875 0.828125 0.11875 0.34375
3 0.892578125 0.8416015625 0.09140625 0.026953125
8 0.96875 0.8453125 0.0625 0.071875
1 0.3921875 0.91640625 0.20625 0.0765625
3 0.5197265625 0.9185546875 0.073828125 0.018359375
3 0.7828125 0.9185546875 0.065625 0.027734375
3 0.2654296875 0.9185546875 0.074609375 0.027734375
1 0.646875 0.92109375 0.20625 0.0765625
17 0.0984375 0.101171875 0.065625 0.07734375
3 0.0984375 0.2173828125 0.021875 0.162890625
18 0.2439453125 0.2470703125 0.056640625 0.031640625
3 0.24140625 0.26484375 0.2984375 0.0953125
18 0.4841796875 0.02734375 0.399609375 0.0546875
1 0.7283203125 0.33671875 0.209765625 0.0953125
3 0.52421875 0.3388671875 0.2328125 0.027734375
1 0.103125 0.3390625 0.20625 0.08125
5 0.37734375 0.34140625 0.1140625 0.0859375
18 0.5158203125 0.344140625 0.144140625 0.04453125
18 0.275 0.343359375 0.11875 0.03671875
