3 0.0984375 0.4625 0.021875 0.1625
18 0.10546875 0.46171875 0.0796875 0.0359375
3 0.384375 0.4734375 0.03125 0.23125
3 0.73359375 0.47578125 0.0265625 0.2078125
18 0.39140625 0.56640625 0.1765625 0.0546875
1 0.10078125 0.57265625 0.2015625 0.0765625
3 0.4671875 0.575 0.540625 0.028125
3 0.14453125 0.728125 0.1140625 0.253125
1 0.5203125 0.76328125 0.303125 0.0859375
3 0.74140625 0.7625 0.1484375 0.03125
3 0.30078125 0.76328125 0.1453125 0.0234375
10 0.8359375 0.828125 0.109375 0.34375
9 0.2171875 0.828125 0.11875 0.34375
3 0.89296875 0.8421875 0.0921875 0.028125
8 0.96875 0.8453125 0.0625 0.071875
1 0.3921875 0.91640625 0.20625 0.0765625
3 0.5203125 0.91875 0.075 0.01875
3 0.7828125 0.91875 0.065625 0.028125
3 0.265625 0.91875 0.075 0.028125
1 0.646875 0.92109375 0.20625 0.0765625
17 0.0984375 0.10234375 0.065625 0.0765625
3 0.0984375 0.21796875 0.021875 0.1640625
18 0.24453125 0.24765625 0.0578125 0.0328125
3 0.24140625 0.26484375 0.2984375 0.0953125
18 0.484375 0.02734375 0.4 0.0546875
1 0.72890625 0.33671875 0.2109375 0.0953125
3 0.52421875 0.3390625 0.2328125 0.028125
1 0.103125 0.3390625 0.20625 0.08125
5 0.37734375 0.34140625 0.1140625 0.0859375
18 0.51640625 0.34453125 0.1453125 0.0453125
18 0.275 0.34453125 0.11875 0.0359375
