13 0.46171875 0.7720703125 0.1359375 0.187890625
3 0.7732421875 0.225 0.015234375 0.046875
3 0.1939453125 0.2720703125 0.037890625 0.059765625
3 0.697265625 0.275 0.03203125 0.040625
3 0.56640625 0.2921875 0.0328125 0.046875
11 0.7712890625 0.295703125 0.067578125 0.16015625
9 0.5443359375 0.3025390625 0.041796875 0.173828125
10 0.7130859375 0.3025390625 0.041796875 0.173828125
3 0.394921875 0.3083984375 0.03359375 0.054296875
1 0.4599609375 0.309375 0.104296875 0.134375
1 0.6328125 0.309375 0.10625 0.134375
13 0.8765625 0.309375 0.10625 0.134375
3 0.326171875 0.3125 0.03359375 0.046875
3 0.525390625 0.3125 0.03203125 0.046875
3 0.73828125 0.3125 0.0328125 0.046875
1 0.2609375 0.3125 0.10625 0.140625
5 0.3560546875 0.3158203125 0.068359375 0.147265625
3 0.809765625 0.3158203125 0.02578125 0.053515625
3 0.70234375 0.3890625 0.0265625 0.134375
3 0.56328125 0.3931640625 0.0265625 0.126953125
3 0.8728515625 0.39609375 0.017578125 0.0671875
3 0.4390625 0.4462890625 0.275 0.033203125
3 0.7283203125 0.450390625 0.094140625 0.02578125
8 0.8724609375 0.46328125 0.035546875 0.0671875
17 0.2599609375 0.4634765625 0.041796875 0.080078125
3 0.7681640625 0.5033203125 0.008203125 0.147265625
3 0.31640625 0.5078125 0.0234375 0.140625
3 0.7517578125 0.5603515625 0.047265625 0.033203125
1 0.5296875 0.5642578125 0.10625 0.147265625
3 0.6046875 0.5640625 0.05 0.040625
1 0.3796875 0.5669921875 0.10625 0.127734375
1 0.68125 0.5734375 0.10625 0.140625
3 0.5017578125 0.6576171875 0.037890625 0.080859375
3 0.4158203125 0.661328125 0.037890625 0.07265625
