13 0.46171875 0.772265625 0.1359375 0.18828125
3 0.7734375 0.225 0.015625 0.046875
3 0.194140625 0.271484375 0.03828125 0.06171875
3 0.697265625 0.275 0.03203125 0.040625
3 0.56640625 0.2921875 0.0328125 0.046875
11 0.77109375 0.295703125 0.0671875 0.16015625
9 0.54453125 0.30234375 0.0421875 0.1734375
10 0.71328125 0.30234375 0.0421875 0.1734375
3 0.394921875 0.30859375 0.03359375 0.0546875
1 0.46015625 0.309375 0.1046875 0.134375
1 0.6328125 0.309375 0.10625 0.134375
13 0.8765625 0.309375 0.10625 0.134375
3 0.326171875 0.3125 0.03359375 0.046875
3 0.525390625 0.3125 0.03203125 0.046875
3 0.73828125 0.3125 0.0328125 0.046875
1 0.2609375 0.3125 0.10625 0.140625
5 0.35625 0.315625 0.06875 0.146875
3 0.809765625 0.315234375 0.02578125 0.05546875
3 0.70234375 0.3890625 0.0265625 0.134375
3 0.56328125 0.39375 0.0265625 0.128125
3 0.8734375 0.39609375 0.01875 0.0671875
3 0.4390625 0.446875 0.275 0.034375
3 0.728515625 0.450390625 0.09453125 0.02578125
8 0.87265625 0.46328125 0.0359375 0.0671875
17 0.2609375 0.4640625 0.040625 0.08125
3 0.76875 0.502734375 0.009375 0.14921875
3 0.31640625 0.5078125 0.0234375 0.140625
3 0.751953125 0.5609375 0.04765625 0.034375
1 0.5296875 0.564453125 0.10625 0.14765625
3 0.6046875 0.5640625 0.05 0.040625
1 0.3796875 0.5671875 0.10625 0.128125
1 0.68125 0.5734375 0.10625 0.140625
3 0.501171875 0.6578125 0.03984375 0.08125
3 0.416015625 0.661328125 0.03828125 0.07265625
