13 0.46171875 0.772265625 0.1359375 0.18828125
3 0.773046875 0.225 0.01484375 0.046875
3 0.194140625 0.272265625 0.03828125 0.06015625
3 0.69765625 0.275 0.0328125 0.040625
3 0.56640625 0.2921875 0.0328125 0.046875
11 0.771484375 0.29609375 0.06796875 0.1609375
9 0.544140625 0.302734375 0.04140625 0.17421875
10 0.712890625 0.302734375 0.04140625 0.17421875
3 0.39609375 0.308203125 0.0328125 0.05390625
1 0.459765625 0.309375 0.10390625 0.134375
1 0.6328125 0.309375 0.10625 0.134375
13 0.8765625 0.309375 0.10625 0.134375
3 0.32734375 0.3125 0.0328125 0.046875
3 0.52578125 0.3125 0.0328125 0.046875
3 0.73828125 0.3125 0.0328125 0.046875
1 0.2609375 0.3125 0.10625 0.140625
5 0.355859375 0.316015625 0.06796875 0.14765625
3 0.81015625 0.316015625 0.0265625 0.05390625
3 0.70234375 0.3890625 0.0265625 0.134375
3 0.56328125 0.393359375 0.0265625 0.12734375
3 0.873046875 0.39609375 0.01796875 0.0671875
3 0.4390625 0.446484375 0.275 0.03359375
3 0.728515625 0.45078125 0.09453125 0.0265625
8 0.872265625 0.46328125 0.03515625 0.0671875
17 0.259765625 0.463671875 0.04140625 0.08046875
3 0.768359375 0.503515625 0.00859375 0.14765625
3 0.31640625 0.5078125 0.0234375 0.140625
3 0.751953125 0.560546875 0.04765625 0.03359375
1 0.5296875 0.564453125 0.10625 0.14765625
3 0.6046875 0.5640625 0.05 0.040625
1 0.3796875 0.566796875 0.10625 0.12734375
1 0.68125 0.5734375 0.10625 0.140625
3 0.501953125 0.657421875 0.03828125 0.08046875
3 0.416015625 0.66171875 0.03828125 0.0734375
