13 0.46171875 0.77265625 0.1359375 0.1890625
3 0.7734375 0.225 0.015625 0.046875
3 0.19453125 0.27265625 0.0390625 0.0609375
3 0.69765625 0.275 0.0328125 0.040625
3 0.56640625 0.2921875 0.0328125 0.046875
11 0.77109375 0.29609375 0.0671875 0.1609375
9 0.54453125 0.30234375 0.0421875 0.1734375
10 0.71328125 0.30234375 0.0421875 0.1734375
3 0.39609375 0.30859375 0.0328125 0.0546875
1 0.46015625 0.309375 0.1046875 0.134375
1 0.6328125 0.309375 0.10625 0.134375
13 0.8765625 0.309375 0.10625 0.134375
3 0.32734375 0.3125 0.0328125 0.046875
3 0.52578125 0.3125 0.0328125 0.046875
3 0.73828125 0.3125 0.0328125 0.046875
1 0.2609375 0.3125 0.10625 0.140625
5 0.35625 0.315625 0.06875 0.146875
3 0.81015625 0.31640625 0.0265625 0.0546875
3 0.70234375 0.3890625 0.0265625 0.134375
3 0.56328125 0.39375 0.0265625 0.128125
3 0.8734375 0.39609375 0.01875 0.0671875
3 0.4390625 0.446875 0.275 0.034375
3 0.72890625 0.45078125 0.0953125 0.0265625
8 0.87265625 0.46328125 0.0359375 0.0671875
17 0.2609375 0.4640625 0.040625 0.08125
3 0.76875 0.50390625 0.009375 0.1484375
3 0.31640625 0.5078125 0.0234375 0.140625
3 0.75234375 0.5609375 0.0484375 0.034375
1 0.5296875 0.56484375 0.10625 0.1484375
3 0.6046875 0.5640625 0.05 0.040625
1 0.3796875 0.5671875 0.10625 0.128125
1 0.68125 0.5734375 0.10625 0.140625
3 0.50234375 0.6578125 0.0390625 0.08125
3 0.41640625 0.66171875 0.0390625 0.0734375
