3 0.241796875 0.391015625 0.04296875 0.22578125
3 0.754296875 0.394140625 0.04921875 0.22578125
1 0.7515625 0.56953125 0.496875 0.1390625
1 0.2453125 0.56953125 0.490625 0.1515625
1 0.530859375 0.06953125 0.53359375 0.1390625
3 0.64765625 0.713671875 0.2640625 0.16796875
3 0.370703125 0.715234375 0.30078125 0.16484375
10 0.509765625 0.79609375 0.79765625 0.0609375
3 0.521484375 0.8453125 0.04921875 0.090625
8 0.518359375 0.946875 0.22734375 0.10625
3 0.521484375 0.19921875 0.06171875 0.1390625
9 0.509765625 0.274609375 0.78515625 0.07109375
