3 0.2419921875 0.3908203125 0.043359375 0.225390625
3 0.7544921875 0.3939453125 0.049609375 0.225390625
1 0.7515625 0.56953125 0.496875 0.1390625
1 0.2453125 0.56953125 0.490625 0.1515625
1 0.5306640625 0.06953125 0.533203125 0.1390625
3 0.647265625 0.7134765625 0.26328125 0.167578125
3 0.3708984375 0.7150390625 0.301171875 0.164453125
10 0.5095703125 0.795703125 0.797265625 0.06015625
3 0.5212890625 0.8453125 0.048828125 0.090625
8 0.5185546875 0.946875 0.227734375 0.10625
3 0.5212890625 0.198046875 0.061328125 0.13984375
9 0.5095703125 0.2744140625 0.784765625 0.070703125
