18 0.0890625 0.05625 0.134375 0.05625
8 0.940625 0.569921875 0.05 0.09609375
3 0.852734375 0.609375 0.11796875 0.084375
3 0.5083984375 0.68515625 0.216796875 0.0671875
1 0.71484375 0.6880859375 0.1953125 0.107421875
1 0.30859375 0.6880859375 0.1984375 0.107421875
3 0.4046875 0.3234375 0.234375 0.140625
3 0.4384765625 0.428125 0.073828125 0.05625
17 0.0693359375 0.4275390625 0.060546875 0.089453125
3 0.156640625 0.428125 0.11953125 0.05625
3 0.5853515625 0.4294921875 0.070703125 0.062109375
1 0.7095703125 0.4328125 0.191015625 0.1125
1 0.31015625 0.4328125 0.1953125 0.1125
5 0.5068359375 0.4359375 0.113671875 0.140625
18 0.2150390625 0.0533203125 0.123828125 0.050390625
3 0.8509765625 0.51953125 0.126953125 0.0953125
