5 0.66328125 0.509765625 0.0890625 0.10078125
11 0.203515625 0.509375 0.07578125 0.15
3 0.59140625 0.51171875 0.1140625 0.0390625
3 0.31875 0.515625 0.178125 0.034375
1 0.47265625 0.51484375 0.1484375 0.1015625
1 0.9078125 0.51484375 0.14375 0.0921875
3 0.7609375 0.516796875 0.15625 0.03984375
3 0.90859375 0.5953125 0.0296875 0.078125
1 0.10390625 0.06875 0.0890625 0.0375
3 0.2078125 0.66171875 0.025 0.2421875
1 0.90859375 0.6671875 0.1484375 0.096875
17 0.04453125 0.06796875 0.0390625 0.0484375
1 0.2078125 0.06875 0.153125 0.096875
3 0.90234375 0.7546875 0.0265625 0.10625
5 0.4578125 0.770703125 0.084375 0.11015625
3 0.31875 0.7734375 0.246875 0.028125
3 0.53203125 0.775 0.1140625 0.034375
1 0.66328125 0.775 0.1484375 0.090625
3 0.822265625 0.775 0.19453125 0.04375
3 0.51484375 0.8765625 0.1484375 0.15
3 0.765625 0.92265625 0.071875 0.0390625
1 0.6578125 0.925390625 0.153125 0.10078125
8 0.81953125 0.925 0.0546875 0.0625
3 0.3265625 0.10625 0.09375 0.115625
11 0.358203125 0.1859375 0.09765625 0.121875
1 0.2078125 0.195703125 0.153125 0.09140625
3 0.309375 0.2015625 0.06875 0.04375
3 0.43203125 0.20625 0.1015625 0.0625
1 0.47265625 0.277734375 0.1484375 0.09296875
3 0.21171875 0.296875 0.0328125 0.13125
5 0.21171875 0.383984375 0.1015625 0.11171875
3 0.3453125 0.39375 0.225 0.034375
3 0.5828125 0.3984375 0.190625 0.034375
11 0.46640625 0.4015625 0.1015625 0.096875
3 0.666015625 0.42734375 0.02578125 0.1015625
3 0.208984375 0.45859375 0.03046875 0.0578125
