3 0.38359375 0.4078125 0.1453125 0.08125
1 0.8328125 0.4697265625 0.2375 0.089453125
1 0.2568359375 0.4857421875 0.213671875 0.090234375
3 0.83515625 0.53671875 0.0390625 0.0609375
1 0.5091796875 0.5962890625 0.243359375 0.089453125
3 0.6603515625 0.5974609375 0.076953125 0.029296875
1 0.8396484375 0.6041015625 0.291796875 0.089453125
3 0.267578125 0.6369140625 0.04765625 0.236328125
3 0.3931640625 0.696875 0.155078125 0.11875
1 0.2693359375 0.78984375 0.248046875 0.0859375
3 0.7015625 0.79375 0.228125 0.30625
3 0.4453125 0.8857421875 0.2375 0.130859375
3 0.5095703125 0.08984375 0.028515625 0.0734375
8 0.5849609375 0.9595703125 0.063671875 0.056640625
1 0.5150390625 0.1607421875 0.348828125 0.102734375
3 0.51953125 0.2466796875 0.0390625 0.102734375
17 0.5021484375 0.0326171875 0.063671875 0.049609375
1 0.51953125 0.33671875 0.2328125 0.0859375
3 0.6771484375 0.40390625 0.151171875 0.0734375
