3 0.38359375 0.4078125 0.1453125 0.08125
1 0.8328125 0.469921875 0.2375 0.08984375
1 0.256640625 0.485546875 0.21328125 0.08984375
3 0.83515625 0.53671875 0.0390625 0.0609375
1 0.508984375 0.596484375 0.24296875 0.08984375
3 0.660546875 0.597265625 0.07734375 0.02890625
1 0.839453125 0.604296875 0.29140625 0.08984375
3 0.26796875 0.637109375 0.0484375 0.23671875
3 0.393359375 0.696875 0.15546875 0.11875
1 0.269140625 0.78984375 0.24765625 0.0859375
3 0.7015625 0.79375 0.228125 0.30625
3 0.4453125 0.885546875 0.2375 0.13046875
3 0.509765625 0.08984375 0.02890625 0.0734375
8 0.584765625 0.959765625 0.06328125 0.05703125
1 0.515234375 0.160546875 0.34921875 0.10234375
3 0.51953125 0.246484375 0.0390625 0.10234375
17 0.501953125 0.032421875 0.06328125 0.04921875
1 0.51953125 0.33671875 0.2328125 0.0859375
3 0.676953125 0.40390625 0.15078125 0.0734375
