3 0.38359375 0.4078125 0.1453125 0.08125
1 0.8328125 0.4703125 0.2375 0.090625
1 0.25703125 0.4859375 0.2140625 0.090625
3 0.83515625 0.53671875 0.0390625 0.0609375
1 0.508984375 0.596875 0.24296875 0.090625
3 0.6609375 0.59765625 0.078125 0.0296875
1 0.83984375 0.6046875 0.2921875 0.090625
3 0.267578125 0.6375 0.04765625 0.2375
3 0.39375 0.696875 0.15625 0.11875
1 0.26953125 0.78984375 0.2484375 0.0859375
3 0.7015625 0.79375 0.228125 0.30625
3 0.4453125 0.8859375 0.2375 0.13125
3 0.508984375 0.08984375 0.03046875 0.0734375
8 0.5859375 0.959765625 0.0625 0.05703125
1 0.51484375 0.1609375 0.3484375 0.103125
3 0.51953125 0.246875 0.0390625 0.103125
17 0.50234375 0.0328125 0.0640625 0.05
1 0.51953125 0.33671875 0.2328125 0.0859375
3 0.67734375 0.40390625 0.1515625 0.0734375
