3 0.5615234375 0.3982421875 0.073046875 0.121484375
3 0.3125 0.409375 0.078125 0.078125
3 0.6509765625 0.43203125 0.083203125 0.1390625
1 0.4416015625 0.4361328125 0.189453125 0.059765625
1 0.4380859375 0.5283203125 0.207421875 0.059765625
3 0.5474609375 0.528125 0.044921875 0.025
1 0.665625 0.53359375 0.2125 0.0640625
17 0.10078125 0.05703125 0.0671875 0.0359375
3 0.6787109375 0.6142578125 0.073046875 0.109765625
3 0.44375 0.6435546875 0.05 0.171484375
1 0.7994140625 0.6548828125 0.189453125 0.056640625
3 0.801171875 0.69375 0.03984375 0.028125
3 0.5783203125 0.7205078125 0.384765625 0.031640625
5 0.796875 0.72265625 0.10625 0.0640625
3 0.0955078125 0.0779296875 0.022265625 0.021484375
3 0.79609375 0.794140625 0.0390625 0.11328125
1 0.7994140625 0.8705078125 0.189453125 0.059765625
3 0.796875 0.91875 0.028125 0.05
17 0.7958984375 0.95234375 0.073046875 0.0390625
1 0.0984375 0.1158203125 0.184375 0.059765625
3 0.4576171875 0.2203125 0.346484375 0.028125
1 0.2046875 0.2240234375 0.184375 0.057421875
3 0.0951171875 0.2455078125 0.033984375 0.212890625
3 0.6234375 0.2689453125 0.028125 0.131640625
3 0.2484375 0.2828125 0.128125 0.075
5 0.61171875 0.3435546875 0.1171875 0.068359375
3 0.1453125 0.3451171875 0.134375 0.021484375
1 0.2962890625 0.344921875 0.189453125 0.06484375
