3 0.56171875 0.3984375 0.0734375 0.121875
3 0.3125 0.409375 0.078125 0.078125
3 0.65078125 0.43203125 0.0828125 0.1390625
1 0.4421875 0.43671875 0.190625 0.0609375
1 0.43828125 0.52890625 0.2078125 0.0609375
3 0.5484375 0.528125 0.04375 0.025
1 0.665625 0.53359375 0.2125 0.0640625
17 0.10078125 0.05703125 0.0671875 0.0359375
3 0.67890625 0.6140625 0.0734375 0.109375
3 0.44375 0.64375 0.05 0.171875
1 0.8 0.65546875 0.190625 0.0578125
3 0.80234375 0.69375 0.0390625 0.028125
3 0.57890625 0.72109375 0.3859375 0.0328125
5 0.796875 0.72265625 0.10625 0.0640625
3 0.09609375 0.078125 0.0234375 0.021875
3 0.79609375 0.79453125 0.0390625 0.1140625
1 0.8 0.87109375 0.190625 0.0609375
3 0.796875 0.91875 0.028125 0.05
17 0.79609375 0.95234375 0.0734375 0.0390625
1 0.0984375 0.11640625 0.184375 0.0609375
3 0.4578125 0.2203125 0.346875 0.028125
1 0.2046875 0.22421875 0.184375 0.0578125
3 0.0953125 0.24609375 0.034375 0.2140625
3 0.6234375 0.26875 0.028125 0.13125
3 0.2484375 0.2828125 0.128125 0.075
5 0.61171875 0.34375 0.1171875 0.06875
3 0.1453125 0.3453125 0.134375 0.021875
1 0.296875 0.34609375 0.190625 0.0640625
