18 0.06640625 0.0453125 0.0921875 0.04375
18 0.2140625 0.0453125 0.19375 0.059375
3 0.49296875 0.44375 0.0609375 0.10625
18 0.3359375 0.0484375 0.03125 0.04375
18 0.40390625 0.0484375 0.0765625 0.04375
9 0.4953125 0.47890625 0.421875 0.0984375
3 0.68515625 0.57734375 0.2234375 0.1296875
3 0.303125 0.57890625 0.178125 0.1328125
1 0.23671875 0.7078125 0.3609375 0.15625
1 0.75703125 0.709375 0.3765625 0.153125
3 0.23359375 0.81875 0.0609375 0.090625
3 0.75859375 0.82109375 0.0546875 0.0859375
6 0.2359375 0.9046875 0.1375 0.090625
6 0.75703125 0.90625 0.1421875 0.09375
17 0.4953125 0.16796875 0.096875 0.0703125
3 0.49609375 0.2265625 0.0765625 0.0625
1 0.4921875 0.3265625 0.365625 0.153125
