18 0.066015625 0.044921875 0.09140625 0.04296875
18 0.213671875 0.044921875 0.19296875 0.05859375
3 0.49296875 0.443359375 0.0609375 0.10546875
18 0.335546875 0.048046875 0.03046875 0.04296875
18 0.403515625 0.048046875 0.07578125 0.04296875
9 0.494921875 0.478515625 0.42109375 0.09765625
3 0.68515625 0.576953125 0.2234375 0.12890625
3 0.302734375 0.57890625 0.17734375 0.1328125
1 0.236328125 0.7078125 0.36015625 0.15625
1 0.756640625 0.708984375 0.37578125 0.15234375
3 0.23359375 0.818359375 0.0609375 0.08984375
3 0.758984375 0.82109375 0.05546875 0.0859375
6 0.235546875 0.904296875 0.13671875 0.08984375
6 0.75703125 0.90625 0.1421875 0.09375
17 0.494921875 0.16796875 0.09609375 0.0703125
3 0.495703125 0.2265625 0.07578125 0.0625
1 0.4921875 0.326171875 0.365625 0.15234375
