18 0.0658203125 0.0451171875 0.091015625 0.043359375
18 0.2134765625 0.0451171875 0.192578125 0.058984375
3 0.492578125 0.4435546875 0.06015625 0.105859375
18 0.3353515625 0.0482421875 0.030078125 0.043359375
18 0.4037109375 0.0482421875 0.076171875 0.043359375
9 0.4951171875 0.4783203125 0.421484375 0.097265625
3 0.68515625 0.5767578125 0.2234375 0.128515625
3 0.3025390625 0.578515625 0.176953125 0.13203125
1 0.2361328125 0.7078125 0.359765625 0.15625
1 0.7564453125 0.7091796875 0.375390625 0.152734375
3 0.23359375 0.8185546875 0.0609375 0.090234375
3 0.7587890625 0.820703125 0.055078125 0.08515625
6 0.2357421875 0.9044921875 0.137109375 0.090234375
6 0.755859375 0.90625 0.14296875 0.09375
17 0.4951171875 0.16796875 0.096484375 0.0703125
3 0.4955078125 0.2265625 0.075390625 0.0625
1 0.4921875 0.3263671875 0.365625 0.152734375
