18 0.065234375 0.0453125 0.09296875 0.04375
18 0.2140625 0.0453125 0.19375 0.059375
3 0.492578125 0.44375 0.06015625 0.10625
18 0.3359375 0.0484375 0.03125 0.04375
18 0.40390625 0.0484375 0.0765625 0.04375
9 0.4953125 0.477734375 0.421875 0.09921875
3 0.68515625 0.576953125 0.2234375 0.12890625
3 0.303125 0.578515625 0.178125 0.13203125
1 0.236328125 0.7078125 0.36015625 0.15625
1 0.756640625 0.709375 0.37578125 0.153125
3 0.23359375 0.81875 0.0609375 0.090625
3 0.75859375 0.820703125 0.0546875 0.08515625
6 0.2359375 0.9046875 0.1375 0.090625
6 0.755859375 0.90625 0.14296875 0.09375
17 0.4953125 0.16796875 0.096875 0.0703125
3 0.494921875 0.2265625 0.07734375 0.0625
1 0.4921875 0.3265625 0.365625 0.153125
