17 0.51171875 0.0515625 0.0578125 0.071875
1 0.51171875 0.541015625 0.1890625 0.16953125
3 0.509375 0.67265625 0.015625 0.1234375
11 0.5125 0.74921875 0.096875 0.1234375
3 0.4 0.75234375 0.18125 0.0359375
3 0.61875 0.754296875 0.1625 0.03046875
1 0.78671875 0.754296875 0.1890625 0.17421875
1 0.223828125 0.75390625 0.18515625 0.1640625
3 0.666015625 0.882421875 0.25078125 0.10234375
8 0.508984375 0.908203125 0.06171875 0.08203125
3 0.512109375 0.1515625 0.02734375 0.128125
1 0.51171875 0.287109375 0.1890625 0.17421875
3 0.316015625 0.287109375 0.21640625 0.03046875
3 0.511328125 0.41328125 0.01953125 0.1078125
3 0.228125 0.4765625 0.015625 0.4
