17 0.51171875 0.0515625 0.0578125 0.071875
1 0.51171875 0.5412109375 0.1890625 0.169921875
3 0.509375 0.671484375 0.015625 0.12421875
11 0.5125 0.748828125 0.096875 0.12265625
3 0.4 0.751953125 0.18125 0.03515625
3 0.61875 0.7541015625 0.1625 0.030078125
1 0.785546875 0.7541015625 0.18984375 0.173828125
1 0.2240234375 0.75390625 0.185546875 0.1640625
3 0.6662109375 0.8822265625 0.251171875 0.101953125
8 0.5091796875 0.9080078125 0.062109375 0.081640625
3 0.5119140625 0.1515625 0.026953125 0.128125
1 0.51171875 0.2873046875 0.1890625 0.174609375
3 0.3162109375 0.2873046875 0.216796875 0.030859375
3 0.5115234375 0.412890625 0.019921875 0.10703125
3 0.228125 0.4765625 0.015625 0.4
