5 0.496484375 0.365625 0.34921875 0.10625
3 0.493359375 0.4203125 0.05546875 0.0375
9 0.51875 0.4421875 0.640625 0.040625
3 0.741796875 0.46875 0.27734375 0.040625
3 0.2484375 0.4703125 0.30625 0.0375
3 0.496484375 0.4703125 0.04921875 0.04375
1 0.859375 0.523046875 0.28125 0.08359375
1 0.134375 0.52421875 0.26875 0.0859375
1 0.503125 0.525 0.2875 0.0875
3 0.496484375 0.053125 0.04921875 0.046875
3 0.862109375 0.5703125 0.03671875 0.015625
3 0.13203125 0.57109375 0.0359375 0.0203125
3 0.496484375 0.57109375 0.03671875 0.0203125
13 0.862109375 0.5984375 0.19296875 0.046875
13 0.133984375 0.5984375 0.19921875 0.053125
13 0.496484375 0.5984375 0.19296875 0.046875
3 0.12890625 0.62421875 0.0296875 0.0203125
3 0.493359375 0.62421875 0.04296875 0.0203125
3 0.87109375 0.626953125 0.0296875 0.01640625
1 0.5 0.6703125 0.28125 0.096875
1 0.86484375 0.678125 0.2703125 0.10625
1 0.140625 0.678125 0.28125 0.10625
3 0.496484375 0.7390625 0.03671875 0.0625
3 0.206640625 0.7484375 0.23203125 0.046875
3 0.7765625 0.75 0.209375 0.04375
10 0.493359375 0.778125 0.60546875 0.040625
3 0.493359375 0.794140625 0.04296875 0.01953125
3 0.679296875 0.85234375 0.11484375 0.0234375
5 0.503125 0.85234375 0.3125 0.1359375
1 0.85625 0.8546875 0.2875 0.09375
3 0.49140625 0.93046875 0.0484375 0.0609375
8 0.500390625 0.9796875 0.10078125 0.040625
1 0.49375 0.1078125 0.29375 0.090625
3 0.493359375 0.1640625 0.04296875 0.04375
6 0.49921875 0.01640625 0.0890625 0.0328125
1 0.496875 0.241796875 0.359375 0.13359375
3 0.716015625 0.3078125 0.11328125 0.15
3 0.496484375 0.317578125 0.03671875 0.02890625
