5 0.497265625 0.365625 0.34765625 0.10625
3 0.494140625 0.419921875 0.05390625 0.03671875
9 0.51875 0.441796875 0.640625 0.03984375
3 0.742578125 0.468359375 0.27578125 0.03984375
3 0.248046875 0.469921875 0.30546875 0.03671875
3 0.497265625 0.469921875 0.04765625 0.04296875
1 0.859375 0.52421875 0.28125 0.0828125
1 0.134375 0.52421875 0.26875 0.0859375
1 0.503125 0.524609375 0.2875 0.08671875
3 0.497265625 0.053125 0.04765625 0.046875
3 0.86328125 0.569140625 0.0359375 0.01640625
3 0.13203125 0.57109375 0.0359375 0.0203125
3 0.49765625 0.57109375 0.0359375 0.0203125
13 0.862890625 0.5984375 0.19140625 0.046875
13 0.134765625 0.5984375 0.19765625 0.053125
13 0.497265625 0.5984375 0.19140625 0.046875
3 0.12890625 0.62421875 0.0296875 0.0203125
3 0.49453125 0.62421875 0.0421875 0.0203125
3 0.87109375 0.626953125 0.0296875 0.01640625
1 0.5 0.669921875 0.28125 0.09609375
1 0.86484375 0.678125 0.2703125 0.10625
1 0.140625 0.678125 0.28125 0.10625
3 0.49765625 0.739453125 0.0359375 0.06328125
3 0.205859375 0.7484375 0.23359375 0.046875
3 0.7765625 0.749609375 0.209375 0.04296875
10 0.49453125 0.777734375 0.6046875 0.03984375
3 0.49453125 0.79453125 0.0421875 0.0203125
3 0.68046875 0.85234375 0.1140625 0.0234375
5 0.502734375 0.85234375 0.31171875 0.1359375
1 0.85625 0.854296875 0.2875 0.09296875
3 0.491015625 0.930078125 0.04765625 0.06015625
8 0.50078125 0.979296875 0.1015625 0.03984375
1 0.49375 0.107421875 0.29375 0.08984375
3 0.49453125 0.163671875 0.0421875 0.04296875
6 0.49921875 0.01640625 0.0890625 0.0328125
1 0.496875 0.24296875 0.359375 0.1328125
3 0.71640625 0.307421875 0.1140625 0.14921875
3 0.49765625 0.31796875 0.0359375 0.0296875
