5 0.4970703125 0.365625 0.347265625 0.10625
3 0.4939453125 0.4201171875 0.053515625 0.037109375
9 0.51875 0.4419921875 0.640625 0.040234375
3 0.7423828125 0.4685546875 0.275390625 0.040234375
3 0.2482421875 0.4701171875 0.305859375 0.037109375
3 0.4970703125 0.4701171875 0.047265625 0.043359375
1 0.859375 0.523046875 0.28125 0.08359375
1 0.134375 0.52421875 0.26875 0.0859375
1 0.503125 0.5248046875 0.2875 0.087109375
3 0.4970703125 0.053125 0.047265625 0.046875
3 0.862109375 0.5693359375 0.03671875 0.016796875
3 0.13203125 0.57109375 0.0359375 0.0203125
3 0.496484375 0.57109375 0.03671875 0.0203125
13 0.8626953125 0.5984375 0.191015625 0.046875
13 0.1345703125 0.5984375 0.197265625 0.053125
13 0.4970703125 0.5984375 0.191015625 0.046875
3 0.12890625 0.62421875 0.0296875 0.0203125
3 0.493359375 0.62421875 0.04296875 0.0203125
3 0.87109375 0.6267578125 0.0296875 0.016015625
1 0.5 0.6697265625 0.28125 0.095703125
1 0.86484375 0.678125 0.2703125 0.10625
1 0.140625 0.678125 0.28125 0.10625
3 0.496484375 0.7392578125 0.03671875 0.062890625
3 0.2060546875 0.7484375 0.233984375 0.046875
3 0.7765625 0.7494140625 0.209375 0.042578125
10 0.493359375 0.7775390625 0.60546875 0.039453125
3 0.493359375 0.794140625 0.04296875 0.01953125
3 0.679296875 0.85234375 0.11484375 0.0234375
5 0.5029296875 0.85234375 0.312109375 0.1359375
1 0.85625 0.8541015625 0.2875 0.092578125
3 0.4912109375 0.9302734375 0.048046875 0.060546875
8 0.500390625 0.9794921875 0.10078125 0.040234375
1 0.49375 0.1076171875 0.29375 0.090234375
3 0.493359375 0.1638671875 0.04296875 0.043359375
6 0.49921875 0.01640625 0.0890625 0.0328125
1 0.496875 0.241796875 0.359375 0.13359375
3 0.716015625 0.3072265625 0.11328125 0.148828125
3 0.496484375 0.317578125 0.03671875 0.02890625
