3 0.494140625 0.490625 0.91953125 0.028125
3 0.4224609375 0.563671875 0.551171875 0.03359375
8 0.7875 0.638671875 0.0375 0.05234375
3 0.634375 0.639453125 0.084375 0.02265625
3 0.7373046875 0.638671875 0.071484375 0.03359375
3 0.061328125 0.6486328125 0.05390625 0.344140625
1 0.503125 0.6505859375 0.20625 0.104296875
3 0.1591796875 0.6578125 0.033984375 0.19375
3 0.36796875 0.6962890625 0.0796875 0.145703125
5 0.33828125 0.7830078125 0.0796875 0.094140625
3 0.30703125 0.78984375 0.0421875 0.0328125
1 0.188671875 0.7994140625 0.20234375 0.108203125
3 0.36796875 0.8607421875 0.0796875 0.108984375
1 0.74765625 0.8888671875 0.2015625 0.108984375
1 0.5021484375 0.8912109375 0.198046875 0.104296875
3 0.86875 0.896875 0.0375 0.028125
8 0.9033203125 0.898046875 0.050390625 0.05234375
3 0.627734375 0.9015625 0.05546875 0.028125
3 0.57734375 0.101171875 0.7265625 0.03359375
3 0.9205078125 0.1529296875 0.050390625 0.127734375
3 0.2265625 0.1716796875 0.025 0.155859375
1 0.8150390625 0.1892578125 0.167578125 0.103515625
3 0.6892578125 0.2220703125 0.100390625 0.094140625
5 0.6552734375 0.2830078125 0.076171875 0.084765625
3 0.6158203125 0.28984375 0.062890625 0.0328125
1 0.4859375 0.2994140625 0.20625 0.108203125
1 0.2224609375 0.2994140625 0.210546875 0.108203125
17 0.055078125 0.30390625 0.04140625 0.0421875
3 0.1005859375 0.30625 0.051171875 0.028125
3 0.3595703125 0.30625 0.062890625 0.028125
3 0.6849609375 0.3537109375 0.076171875 0.094921875
1 0.81953125 0.3912109375 0.2015625 0.104296875
3 0.939453125 0.4287109375 0.05390625 0.160546875
