3 0.49453125 0.490625 0.9203125 0.028125
3 0.42265625 0.56484375 0.5515625 0.0328125
8 0.7875 0.63984375 0.0375 0.0515625
3 0.634375 0.63984375 0.084375 0.0234375
3 0.73828125 0.63984375 0.0703125 0.0328125
3 0.06171875 0.64921875 0.0546875 0.3453125
1 0.503125 0.65078125 0.20625 0.1046875
3 0.16015625 0.6578125 0.0328125 0.19375
3 0.36796875 0.69609375 0.0796875 0.1453125
5 0.33828125 0.78359375 0.0796875 0.0953125
3 0.30703125 0.78984375 0.0421875 0.0328125
1 0.18984375 0.8 0.2015625 0.109375
3 0.36796875 0.8609375 0.0796875 0.109375
1 0.74765625 0.8890625 0.2015625 0.109375
1 0.50234375 0.89140625 0.1984375 0.1046875
3 0.86875 0.896875 0.0375 0.028125
8 0.90390625 0.89921875 0.0515625 0.0515625
3 0.62890625 0.9015625 0.0546875 0.028125
3 0.57734375 0.10234375 0.7265625 0.0328125
3 0.92109375 0.153125 0.0515625 0.128125
3 0.2265625 0.171875 0.025 0.15625
1 0.815625 0.18984375 0.16875 0.1046875
3 0.68984375 0.221875 0.1015625 0.09375
5 0.65625 0.28359375 0.075 0.0859375
3 0.61640625 0.28984375 0.0640625 0.0328125
1 0.4859375 0.3 0.20625 0.109375
1 0.22265625 0.3 0.2109375 0.109375
17 0.05546875 0.30390625 0.0421875 0.0421875
3 0.10078125 0.30625 0.0515625 0.028125
3 0.36015625 0.30625 0.0640625 0.028125
3 0.6859375 0.35390625 0.075 0.0953125
1 0.81953125 0.39140625 0.2015625 0.1046875
3 0.93984375 0.42890625 0.0546875 0.1609375
