3 0.494140625 0.490625 0.91953125 0.028125
3 0.42265625 0.563671875 0.5515625 0.03359375
8 0.7875 0.638671875 0.0375 0.05234375
3 0.634375 0.639453125 0.084375 0.02265625
3 0.737890625 0.638671875 0.06953125 0.03359375
3 0.061328125 0.648046875 0.05390625 0.34609375
1 0.503125 0.65078125 0.20625 0.1046875
3 0.159765625 0.6578125 0.03203125 0.19375
3 0.36796875 0.69609375 0.0796875 0.1453125
5 0.33828125 0.782421875 0.0796875 0.09609375
3 0.30703125 0.78984375 0.0421875 0.0328125
1 0.188671875 0.8 0.20234375 0.109375
3 0.36796875 0.8609375 0.0796875 0.109375
1 0.74765625 0.8890625 0.2015625 0.109375
1 0.50234375 0.89140625 0.1984375 0.1046875
3 0.86875 0.896875 0.0375 0.028125
8 0.903515625 0.898046875 0.05078125 0.05234375
3 0.627734375 0.9015625 0.05546875 0.028125
3 0.57734375 0.101171875 0.7265625 0.03359375
3 0.919921875 0.153125 0.05234375 0.128125
3 0.2265625 0.171875 0.025 0.15625
1 0.815625 0.189453125 0.16875 0.10390625
3 0.688671875 0.221875 0.10234375 0.09375
5 0.65625 0.283203125 0.075 0.08515625
3 0.616015625 0.28984375 0.06328125 0.0328125
1 0.4859375 0.3 0.20625 0.109375
1 0.22265625 0.3 0.2109375 0.109375
17 0.055078125 0.30390625 0.04140625 0.0421875
3 0.10078125 0.30625 0.0515625 0.028125
3 0.359765625 0.30625 0.06328125 0.028125
3 0.6859375 0.35390625 0.075 0.0953125
1 0.81953125 0.39140625 0.2015625 0.1046875
3 0.939453125 0.42890625 0.05390625 0.1609375
