3 0.49453125 0.490625 0.9203125 0.028125
3 0.422265625 0.56484375 0.55078125 0.0328125
8 0.7875 0.63984375 0.0375 0.0515625
3 0.634375 0.63984375 0.084375 0.0234375
3 0.737109375 0.63984375 0.07109375 0.0328125
3 0.06171875 0.648828125 0.0546875 0.34453125
1 0.503125 0.650390625 0.20625 0.10390625
3 0.158984375 0.6578125 0.03359375 0.19375
3 0.36796875 0.696484375 0.0796875 0.14609375
5 0.33828125 0.783203125 0.0796875 0.09453125
3 0.30703125 0.78984375 0.0421875 0.0328125
1 0.18984375 0.799609375 0.2015625 0.10859375
3 0.36796875 0.860546875 0.0796875 0.10859375
1 0.74765625 0.888671875 0.2015625 0.10859375
1 0.501953125 0.891015625 0.19765625 0.10390625
3 0.86875 0.896875 0.0375 0.028125
8 0.903515625 0.89921875 0.05078125 0.0515625
3 0.62890625 0.9015625 0.0546875 0.028125
3 0.57734375 0.10234375 0.7265625 0.0328125
3 0.920703125 0.152734375 0.05078125 0.12734375
3 0.2265625 0.171484375 0.025 0.15546875
1 0.815234375 0.189453125 0.16796875 0.10390625
3 0.689453125 0.222265625 0.10078125 0.09453125
5 0.655078125 0.283203125 0.07578125 0.08515625
3 0.616015625 0.28984375 0.06328125 0.0328125
1 0.4859375 0.299609375 0.20625 0.10859375
1 0.222265625 0.299609375 0.21015625 0.10859375
17 0.05546875 0.30390625 0.0421875 0.0421875
3 0.100390625 0.30625 0.05078125 0.028125
3 0.359765625 0.30625 0.06328125 0.028125
3 0.684765625 0.353515625 0.07578125 0.09453125
1 0.81953125 0.391015625 0.2015625 0.10390625
3 0.93984375 0.428515625 0.0546875 0.16015625
