0 0.5 0.4908203125 0.240625 0.106640625
0 0.1572265625 0.503125 0.248828125 0.13125
3 0.49765625 0.5705078125 0.0328125 0.062890625
3 0.1568359375 0.587109375 0.029296875 0.04921875
10 0.339453125 0.6119140625 0.66015625 0.067578125
18 0.8568359375 0.06328125 0.098046875 0.0484375
18 0.541015625 0.065625 0.12578125 0.04375
18 0.1998046875 0.065625 0.171484375 0.053125
3 0.6771484375 0.6751953125 0.376171875 0.106640625
0 0.8490234375 0.776171875 0.244921875 0.12734375
3 0.8494140625 0.8708984375 0.023828125 0.073046875
8 0.8505859375 0.9345703125 0.069921875 0.072265625
18 0.5392578125 0.1140625 0.122265625 0.04375
17 0.2265625 0.134375 0.053125 0.04375
3 0.225 0.1794921875 0.040625 0.058984375
0 0.2123046875 0.249609375 0.237109375 0.09296875
3 0.2267578125 0.33125 0.028515625 0.0875
9 0.3470703125 0.3837890625 0.669140625 0.067578125
3 0.4962890625 0.4123046875 0.036328125 0.058984375
3 0.1568359375 0.4123046875 0.029296875 0.058984375
