0 0.5 0.491015625 0.240625 0.10703125
0 0.157421875 0.503125 0.24921875 0.13125
3 0.49765625 0.570703125 0.0328125 0.06328125
3 0.156640625 0.58828125 0.02890625 0.0484375
10 0.33984375 0.612109375 0.6609375 0.06796875
18 0.856640625 0.06328125 0.09765625 0.0484375
18 0.54140625 0.065625 0.1265625 0.04375
18 0.199609375 0.065625 0.17109375 0.053125
3 0.676953125 0.675390625 0.37578125 0.10703125
0 0.848828125 0.77734375 0.24453125 0.1265625
3 0.849609375 0.870703125 0.02421875 0.07265625
8 0.850390625 0.934765625 0.06953125 0.07265625
18 0.539453125 0.1140625 0.12265625 0.04375
17 0.2265625 0.134375 0.053125 0.04375
3 0.225 0.179296875 0.040625 0.05859375
0 0.212109375 0.25078125 0.23671875 0.0921875
3 0.226953125 0.33125 0.02890625 0.0875
9 0.347265625 0.383984375 0.66953125 0.06796875
3 0.496484375 0.412109375 0.03671875 0.05859375
3 0.156640625 0.412109375 0.02890625 0.05859375
