0 0.5 0.490625 0.240625 0.10625
0 0.1578125 0.503125 0.25 0.13125
3 0.49765625 0.57109375 0.0328125 0.0640625
3 0.15703125 0.58828125 0.0296875 0.0484375
10 0.33984375 0.61171875 0.6609375 0.0671875
18 0.85703125 0.06328125 0.0984375 0.0484375
18 0.54140625 0.065625 0.1265625 0.04375
18 0.20078125 0.065625 0.1703125 0.053125
3 0.67734375 0.675 0.3765625 0.10625
0 0.84921875 0.77734375 0.2453125 0.1265625
3 0.85 0.87109375 0.025 0.0734375
8 0.85078125 0.93515625 0.0703125 0.0734375
18 0.53984375 0.1140625 0.1234375 0.04375
17 0.2265625 0.134375 0.053125 0.04375
3 0.225 0.1796875 0.040625 0.059375
0 0.2125 0.25078125 0.2375 0.0921875
3 0.22734375 0.33125 0.0296875 0.0875
9 0.34765625 0.384375 0.6703125 0.06875
3 0.496875 0.4125 0.0375 0.059375
3 0.15703125 0.4125 0.0296875 0.059375
