0 0.5 0.490625 0.240625 0.10625
0 0.1578125 0.503125 0.25 0.13125
3 0.49765625 0.569921875 0.0328125 0.06484375
3 0.15703125 0.587109375 0.0296875 0.04921875
10 0.339453125 0.61171875 0.66015625 0.0671875
18 0.85703125 0.06328125 0.0984375 0.0484375
18 0.541015625 0.065625 0.12578125 0.04375
18 0.200390625 0.065625 0.16953125 0.053125
3 0.67734375 0.675 0.3765625 0.10625
0 0.84921875 0.776171875 0.2453125 0.12734375
3 0.85 0.87109375 0.025 0.0734375
8 0.85078125 0.933984375 0.0703125 0.07421875
18 0.539453125 0.1140625 0.12265625 0.04375
17 0.2265625 0.134375 0.053125 0.04375
3 0.225 0.1796875 0.040625 0.059375
0 0.2125 0.249609375 0.2375 0.09296875
3 0.226953125 0.33125 0.02890625 0.0875
9 0.347265625 0.384375 0.66953125 0.06875
3 0.496875 0.4125 0.0375 0.059375
3 0.15703125 0.4125 0.0296875 0.059375
