18 0.59609375 0.03828125 0.1984375 0.0359375
17 0.1734375 0.040625 0.10625 0.059375
18 0.61875 0.38828125 0.265625 0.0390625
7 0.16640625 0.39140625 0.1078125 0.0671875
18 0.65 0.46953125 0.30625 0.0390625
8 0.1609375 0.47109375 0.11875 0.0640625
18 0.615625 0.57578125 0.2375 0.0359375
5 0.1640625 0.58125 0.146875 0.08125
11 0.1671875 0.70390625 0.1875 0.0734375
18 0.6 0.71328125 0.215625 0.0359375
9 0.1703125 0.83203125 0.259375 0.0421875
18 0.53125 0.83515625 0.090625 0.0421875
10 0.15859375 0.94296875 0.2484375 0.0453125
18 0.53203125 0.94609375 0.0796875 0.0390625
18 0.66640625 0.12265625 0.1015625 0.0359375
18 0.84453125 0.12265625 0.1640625 0.0359375
18 0.55390625 0.1234375 0.1140625 0.028125
18 0.73984375 0.12421875 0.0453125 0.0390625
18 0.74609375 0.234375 0.4859375 0.03125
18 0.7375 0.32265625 0.48125 0.0359375
3 0.1703125 0.325 0.30625 0.03125
