18 0.595703125 0.037890625 0.19765625 0.03515625
17 0.172265625 0.040625 0.10703125 0.059375
18 0.61875 0.387890625 0.265625 0.03828125
7 0.166015625 0.391015625 0.10703125 0.06640625
18 0.649609375 0.469140625 0.30546875 0.03828125
8 0.1609375 0.470703125 0.11875 0.06328125
18 0.615625 0.575390625 0.2375 0.03515625
5 0.1640625 0.580859375 0.146875 0.08046875
11 0.166796875 0.70390625 0.18671875 0.0734375
18 0.599609375 0.712890625 0.21484375 0.03515625
9 0.169140625 0.83203125 0.26015625 0.0421875
18 0.53125 0.83515625 0.090625 0.0421875
10 0.15859375 0.94296875 0.2484375 0.0453125
18 0.531640625 0.945703125 0.07890625 0.03828125
18 0.66640625 0.122265625 0.1015625 0.03515625
18 0.84453125 0.122265625 0.1640625 0.03515625
18 0.553515625 0.1234375 0.11328125 0.028125
18 0.73984375 0.123828125 0.0453125 0.03828125
18 0.74609375 0.234375 0.4859375 0.03125
18 0.737109375 0.322265625 0.48046875 0.03515625
3 0.169921875 0.325 0.30546875 0.03125
