18 0.5958984375 0.0380859375 0.198046875 0.035546875
17 0.1724609375 0.040625 0.107421875 0.059375
18 0.61875 0.3876953125 0.265625 0.037890625
7 0.1662109375 0.3912109375 0.107421875 0.066796875
18 0.6498046875 0.4689453125 0.305859375 0.037890625
8 0.1609375 0.4705078125 0.11875 0.062890625
18 0.615625 0.5755859375 0.2375 0.035546875
5 0.1640625 0.5806640625 0.146875 0.080078125
11 0.1666015625 0.702734375 0.186328125 0.07421875
18 0.5994140625 0.7126953125 0.214453125 0.034765625
9 0.1693359375 0.830859375 0.260546875 0.04296875
18 0.53125 0.83515625 0.090625 0.0421875
10 0.158203125 0.941796875 0.24765625 0.04609375
18 0.5314453125 0.9455078125 0.078515625 0.037890625
18 0.66640625 0.1224609375 0.1015625 0.035546875
18 0.84453125 0.1224609375 0.1640625 0.035546875
18 0.5537109375 0.1234375 0.113671875 0.028125
18 0.73984375 0.1240234375 0.0453125 0.038671875
18 0.74609375 0.234375 0.4859375 0.03125
18 0.7373046875 0.3224609375 0.480859375 0.035546875
3 0.1697265625 0.325 0.305078125 0.03125
