18 0.59375 0.7921875 0.140625 0.071875
18 0.0744140625 0.7921875 0.120703125 0.071875
18 0.9279296875 0.7982421875 0.055859375 0.087109375
18 0.2130859375 0.7984375 0.085546875 0.071875
18 0.7654296875 0.8021484375 0.049609375 0.079296875
18 0.5904296875 0.8703125 0.096484375 0.071875
18 0.21796875 0.8703125 0.0609375 0.071875
11 0.9201171875 0.1146484375 0.121484375 0.173046875
1 0.218359375 0.13671875 0.13046875 0.2015625
15 0.3939453125 0.1404296875 0.131640625 0.208984375
16 0.58671875 0.1408203125 0.1265625 0.194140625
17 0.0740234375 0.1474609375 0.038671875 0.079296875
18 0.0771484375 0.3166015625 0.066796875 0.086328125
18 0.5880859375 0.3205078125 0.135546875 0.078515625
18 0.9185546875 0.3205078125 0.074609375 0.078515625
18 0.2232421875 0.3201171875 0.077734375 0.065234375
18 0.7669921875 0.3232421875 0.146484375 0.087109375
18 0.4021484375 0.33125 0.160546875 0.071875
5 0.3951171875 0.5220703125 0.074609375 0.222265625
5 0.591796875 0.5287109375 0.08359375 0.194921875
9 0.925 0.60078125 0.140625 0.1078125
10 0.7615234375 0.6044921875 0.135546875 0.115234375
8 0.2150390625 0.6080078125 0.048828125 0.122265625
7 0.0705078125 0.6255859375 0.041015625 0.101171875
