18 0.59375 0.7921875 0.140625 0.071875
18 0.074609375 0.7921875 0.12109375 0.071875
18 0.927734375 0.798046875 0.05546875 0.08671875
18 0.212890625 0.7984375 0.08515625 0.071875
18 0.765234375 0.801953125 0.04921875 0.07890625
18 0.590234375 0.8703125 0.09609375 0.071875
18 0.21796875 0.8703125 0.0609375 0.071875
11 0.919921875 0.114453125 0.12109375 0.17265625
1 0.21953125 0.13671875 0.1296875 0.2015625
15 0.394140625 0.140234375 0.13203125 0.20859375
16 0.58671875 0.141015625 0.1265625 0.19453125
17 0.073828125 0.147265625 0.03828125 0.07890625
18 0.076953125 0.316796875 0.06640625 0.08671875
18 0.587890625 0.320703125 0.13515625 0.07890625
18 0.918359375 0.320703125 0.07421875 0.07890625
18 0.223046875 0.319921875 0.07734375 0.06484375
18 0.766796875 0.323046875 0.14609375 0.08671875
18 0.401953125 0.33125 0.16015625 0.071875
5 0.394921875 0.522265625 0.07421875 0.22265625
5 0.59296875 0.528515625 0.0828125 0.19453125
9 0.925 0.60078125 0.140625 0.1078125
10 0.761328125 0.604296875 0.13515625 0.11484375
8 0.215234375 0.608203125 0.04921875 0.12265625
7 0.070703125 0.625390625 0.04140625 0.10078125
