17 0.1953125 0.0546875 0.090625 0.109375
17 0.78359375 0.0626953125 0.0765625 0.103515625
3 0.378125 0.6146484375 0.021875 0.279296875
3 0.7818359375 0.6390625 0.051171875 0.0875
3 0.1943359375 0.6419921875 0.048046875 0.093359375
18 0.9107421875 0.693359375 0.083984375 0.05546875
18 0.3291015625 0.7076171875 0.083203125 0.049609375
5 0.78515625 0.715625 0.1015625 0.196875
5 0.20390625 0.726171875 0.1234375 0.20859375
3 0.8876953125 0.74296875 0.159765625 0.0328125
3 0.3001953125 0.74296875 0.162890625 0.0328125
18 0.666015625 0.758984375 0.10078125 0.05546875
18 0.08203125 0.76484375 0.0984375 0.0546875
18 0.8658203125 0.836328125 0.094140625 0.05390625
3 0.1958984375 0.84140625 0.051171875 0.0984375
3 0.7828125 0.8447265625 0.04375 0.092578125
18 0.2765625 0.8447265625 0.0875 0.048828125
8 0.7828125 0.9376953125 0.0875 0.103515625
8 0.1927734375 0.940625 0.073046875 0.109375
3 0.7849609375 0.1498046875 0.051171875 0.093359375
11 0.7849609375 0.2296875 0.138671875 0.196875
3 0.196875 0.2537109375 0.04375 0.301171875
3 0.8876953125 0.262890625 0.159765625 0.07578125
18 0.6205078125 0.2796875 0.184765625 0.065625
3 0.7833984375 0.3609375 0.048046875 0.0875
3 0.33984375 0.4943359375 0.0984375 0.060546875
1 0.78203125 0.50234375 0.2109375 0.2078125
3 0.9576171875 0.5021484375 0.018359375 0.535546875
1 0.1958984375 0.50234375 0.204296875 0.2078125
