17 0.1953125 0.0546875 0.090625 0.109375
17 0.78359375 0.06328125 0.0765625 0.1046875
3 0.378125 0.61484375 0.021875 0.2796875
3 0.78203125 0.6390625 0.0515625 0.0875
3 0.19453125 0.6421875 0.0484375 0.09375
18 0.9109375 0.69453125 0.084375 0.0546875
18 0.3296875 0.7078125 0.084375 0.05
5 0.78515625 0.715625 0.1015625 0.196875
5 0.20390625 0.72734375 0.1234375 0.2078125
3 0.88828125 0.74296875 0.1609375 0.0328125
3 0.3 0.74296875 0.1625 0.0328125
18 0.66640625 0.76015625 0.1015625 0.0546875
18 0.08203125 0.76484375 0.0984375 0.0546875
18 0.86640625 0.83671875 0.0953125 0.0546875
3 0.19609375 0.84140625 0.0515625 0.0984375
3 0.7828125 0.8453125 0.04375 0.09375
18 0.2765625 0.8453125 0.0875 0.05
8 0.7828125 0.93828125 0.0875 0.1046875
8 0.19296875 0.940625 0.0734375 0.109375
3 0.78515625 0.15 0.0515625 0.09375
11 0.78515625 0.2296875 0.1390625 0.196875
3 0.196875 0.25390625 0.04375 0.3015625
3 0.88828125 0.26328125 0.1609375 0.0765625
18 0.6203125 0.2796875 0.184375 0.065625
3 0.78359375 0.3609375 0.0484375 0.0875
3 0.33984375 0.4953125 0.0984375 0.059375
1 0.78203125 0.50234375 0.2109375 0.2078125
3 0.9578125 0.50234375 0.01875 0.5359375
1 0.19609375 0.50234375 0.2046875 0.2078125
