17 0.1953125 0.0546875 0.090625 0.109375
17 0.78359375 0.062890625 0.0765625 0.10390625
3 0.378125 0.614453125 0.021875 0.27890625
3 0.781640625 0.6390625 0.05078125 0.0875
3 0.194140625 0.641796875 0.04765625 0.09296875
18 0.910546875 0.69453125 0.08359375 0.0546875
18 0.329296875 0.707421875 0.08359375 0.04921875
5 0.78515625 0.715625 0.1015625 0.196875
5 0.20390625 0.72734375 0.1234375 0.2078125
3 0.887890625 0.74296875 0.16015625 0.0328125
3 0.300390625 0.74296875 0.16328125 0.0328125
18 0.66640625 0.76015625 0.1015625 0.0546875
18 0.08203125 0.76484375 0.0984375 0.0546875
18 0.866015625 0.83671875 0.09453125 0.0546875
3 0.195703125 0.84140625 0.05078125 0.0984375
3 0.7828125 0.844921875 0.04375 0.09296875
18 0.2765625 0.844921875 0.0875 0.04921875
8 0.7828125 0.937890625 0.0875 0.10390625
8 0.192578125 0.940625 0.07265625 0.109375
3 0.784765625 0.149609375 0.05078125 0.09296875
11 0.784765625 0.2296875 0.13828125 0.196875
3 0.196875 0.253515625 0.04375 0.30078125
3 0.887890625 0.26328125 0.16015625 0.0765625
18 0.620703125 0.2796875 0.18515625 0.065625
3 0.783203125 0.3609375 0.04765625 0.0875
3 0.33984375 0.494140625 0.0984375 0.06015625
1 0.78203125 0.50234375 0.2109375 0.2078125
3 0.957421875 0.501953125 0.01796875 0.53515625
1 0.195703125 0.50234375 0.20390625 0.2078125
