3 0.6390625 0.49765625 0.028125 0.1421875
3 0.365625 0.5296875 0.028125 0.078125
5 0.36328125 0.60546875 0.1046875 0.1421875
3 0.47578125 0.612890625 0.1609375 0.03828125
1 0.6390625 0.612890625 0.18125 0.10703125
3 0.3609375 0.706640625 0.028125 0.10703125
3 0.3609375 0.07578125 0.028125 0.0640625
1 0.35859375 0.80390625 0.1859375 0.0984375
3 0.3609375 0.891796875 0.028125 0.08984375
8 0.3578125 0.9515625 0.053125 0.05
1 0.35859375 0.146484375 0.1859375 0.09921875
3 0.36328125 0.2203125 0.0328125 0.06875
17 0.36015625 0.02421875 0.0515625 0.0484375
5 0.3640625 0.28671875 0.096875 0.1328125
3 0.361328125 0.36875 0.03515625 0.06875
1 0.3640625 0.44375 0.19375 0.103125
3 0.554296875 0.44375 0.21484375 0.034375
