18 0.02734375 0.6328125 0.0390625 0.26875
1 0.492578125 0.6734375 0.21015625 0.146875
3 0.615625 0.675390625 0.059375 0.05078125
1 0.73828125 0.678125 0.2109375 0.146875
3 0.876953125 0.682421875 0.06640625 0.04609375
8 0.935546875 0.6859375 0.05234375 0.071875
18 0.896484375 0.751171875 0.06796875 0.05234375
18 0.965625 0.75390625 0.0625 0.0453125
8 0.583984375 0.77890625 0.00546875 0.0046875
18 0.024609375 0.8734375 0.03671875 0.203125
18 0.03125 0.13984375 0.03125 0.2484375
1 0.248046875 0.221875 0.20859375 0.146875
3 0.369140625 0.223046875 0.05078125 0.05234375
1 0.492578125 0.228125 0.21015625 0.153125
17 0.093359375 0.231640625 0.05546875 0.07578125
3 0.133984375 0.23359375 0.03671875 0.0609375
18 0.0921875 0.30703125 0.075 0.0453125
18 0.092578125 0.35 0.06640625 0.040625
18 0.0296875 0.38359375 0.028125 0.1984375
3 0.4921875 0.4546875 0.03125 0.309375
