3 0.26875 0.69296875 0.134375 0.1328125
18 0.10703125 0.73828125 0.1515625 0.0828125
3 0.71171875 0.7625 0.2015625 0.184375
8 0.846875 0.81015625 0.08125 0.1515625
18 0.27421875 0.09140625 0.1859375 0.0828125
18 0.409375 0.10234375 0.078125 0.0765625
18 0.1484375 0.10234375 0.05625 0.0890625
18 0.4875 0.11796875 0.071875 0.1078125
17 0.3125 0.31640625 0.059375 0.1140625
1 0.84453125 0.3984375 0.1796875 0.215625
3 0.3546875 0.43359375 0.05625 0.1453125
3 0.690625 0.440625 0.1375 0.171875
18 0.11015625 0.50703125 0.1453125 0.0890625
3 0.26953125 0.54140625 0.1328125 0.1203125
5 0.61171875 0.58515625 0.1328125 0.1953125
3 0.54375 0.59140625 0.084375 0.0953125
1 0.42109375 0.5953125 0.1828125 0.215625
3 0.846875 0.6140625 0.04375 0.253125
