18 0.02734375 0.6328125 0.0390625 0.26875
1 0.49296875 0.6734375 0.2109375 0.146875
3 0.615625 0.67578125 0.059375 0.0515625
1 0.73828125 0.678125 0.2109375 0.146875
3 0.87734375 0.68359375 0.0671875 0.0453125
8 0.93671875 0.6859375 0.0515625 0.071875
18 0.89765625 0.75234375 0.0671875 0.0515625
18 0.965625 0.75390625 0.0625 0.0453125
8 0.58515625 0.77890625 0.0046875 0.0046875
18 0.02578125 0.8734375 0.0359375 0.203125
18 0.03125 0.13984375 0.03125 0.2484375
1 0.24921875 0.221875 0.2078125 0.146875
3 0.36953125 0.22421875 0.0515625 0.0515625
1 0.49296875 0.228125 0.2109375 0.153125
17 0.09453125 0.23203125 0.0546875 0.0765625
3 0.13515625 0.23359375 0.0359375 0.0609375
18 0.0921875 0.30703125 0.075 0.0453125
18 0.09296875 0.35 0.0671875 0.040625
18 0.0296875 0.38359375 0.028125 0.1984375
3 0.4921875 0.4546875 0.03125 0.309375
