17 0.17578125 0.0328125 0.1453125 0.065625
3 0.1791015625 0.35 0.030078125 0.06875
1 0.17890625 0.4115234375 0.3453125 0.076171875
3 0.1853515625 0.4607421875 0.030078125 0.043359375
1 0.18203125 0.4970703125 0.3515625 0.075390625
3 0.1904296875 0.55 0.030859375 0.0625
1 0.187890625 0.5970703125 0.35078125 0.078515625
3 0.187109375 0.6568359375 0.04921875 0.076171875
5 0.1791015625 0.7265625 0.236328125 0.134375
1 0.8244140625 0.7345703125 0.326953125 0.078515625
1 0.4765625 0.734765625 0.39375 0.03203125
3 0.1873046875 0.803125 0.037109375 0.059375
3 0.839453125 0.8431640625 0.04140625 0.176953125
1 0.18203125 0.859375 0.3515625 0.071875
3 0.1822265625 0.0890625 0.036328125 0.065625
3 0.1853515625 0.9140625 0.030078125 0.0625
8 0.84765625 0.96015625 0.1828125 0.0796875
1 0.18515625 0.9609375 0.3453125 0.071875
3 0.5548828125 0.962109375 0.478515625 0.03046875
1 0.17890625 0.1443359375 0.3578125 0.079296875
3 0.5146484375 0.1568359375 0.073046875 0.288671875
3 0.17890625 0.2048828125 0.0421875 0.075390625
5 0.1765625 0.28125 0.20625 0.140625
3 0.3970703125 0.28515625 0.284765625 0.0328125
3 0.3765625 0.030859375 0.303125 0.03046875
