1 0.4669921875 0.2234375 0.308984375 0.121875
3 0.465625 0.318359375 0.0375 0.09296875
5 0.4640625 0.4146484375 0.175 0.176171875
3 0.678125 0.4650390625 0.284375 0.130078125
3 0.2833984375 0.4677734375 0.238671875 0.132421875
1 0.1892578125 0.59453125 0.291015625 0.1390625
1 0.80390625 0.5953125 0.2953125 0.140625
17 0.4671875 0.0681640625 0.08125 0.055078125
3 0.2869140625 0.718359375 0.226953125 0.12421875
3 0.6671875 0.7228515625 0.30625 0.126953125
11 0.459375 0.7619140625 0.196875 0.114453125
3 0.45546875 0.8494140625 0.0265625 0.098828125
8 0.45390625 0.9283203125 0.0765625 0.056640625
3 0.46796875 0.12890625 0.0390625 0.0765625
