1 0.466796875 0.2234375 0.30859375 0.121875
3 0.465625 0.31953125 0.0375 0.0921875
5 0.4640625 0.414453125 0.175 0.17578125
3 0.678125 0.465234375 0.284375 0.13046875
3 0.283203125 0.467578125 0.23828125 0.13203125
1 0.189453125 0.59453125 0.29140625 0.1390625
1 0.80390625 0.5953125 0.2953125 0.140625
17 0.4671875 0.068359375 0.08125 0.05546875
3 0.287109375 0.71953125 0.22734375 0.1234375
3 0.6671875 0.723046875 0.30625 0.12734375
11 0.459375 0.762109375 0.196875 0.11484375
3 0.45546875 0.849609375 0.0265625 0.09921875
8 0.45390625 0.928515625 0.0765625 0.05703125
3 0.46796875 0.12890625 0.0390625 0.0765625
