1 0.4671875 0.2234375 0.309375 0.121875
3 0.465625 0.318359375 0.0375 0.09296875
5 0.4640625 0.41484375 0.175 0.1765625
3 0.678125 0.465625 0.284375 0.13125
3 0.28359375 0.46796875 0.2390625 0.1328125
1 0.1890625 0.59453125 0.290625 0.1390625
1 0.80390625 0.5953125 0.2953125 0.140625
17 0.4671875 0.06875 0.08125 0.05625
3 0.2875 0.718359375 0.228125 0.12421875
3 0.6671875 0.7234375 0.30625 0.128125
11 0.459375 0.7625 0.196875 0.115625
3 0.45546875 0.84921875 0.0265625 0.0984375
8 0.45390625 0.928515625 0.0765625 0.05703125
3 0.46796875 0.12890625 0.0390625 0.0765625
