0 0.3 0.347265625 0.334375 0.10703125
3 0.626171875 0.348828125 0.34609375 0.04140625
18 0.908203125 0.41171875 0.09140625 0.0453125
3 0.85078125 0.415625 0.0578125 0.1
3 0.5609375 0.047265625 0.225 0.03828125
3 0.071875 0.0484375 0.14375 0.034375
0 0.83046875 0.05 0.3390625 0.1
0 0.3015625 0.05 0.328125 0.1
0 0.8359375 0.51171875 0.328125 0.1078125
3 0.8421875 0.603515625 0.075 0.08203125
18 0.60625 0.633984375 0.2 0.04296875
5 0.836328125 0.65625 0.16640625 0.103125
0 0.290625 0.65859375 0.328125 0.1109375
3 0.6203125 0.66171875 0.34375 0.0484375
18 0.940625 0.72421875 0.109375 0.0421875
3 0.841796875 0.73125 0.06484375 0.109375
3 0.287890625 0.76171875 0.05703125 0.1109375
18 0.4953125 0.799609375 0.103125 0.04296875
5 0.29375 0.8234375 0.15 0.09375
0 0.834375 0.8296875 0.321875 0.10625
3 0.51171875 0.832421875 0.3453125 0.03984375
18 0.1640625 0.896484375 0.178125 0.04296875
3 0.29375 0.90546875 0.06875 0.1078125
3 0.853125 0.916796875 0.075 0.08359375
8 0.29609375 0.97578125 0.0859375 0.0421875
8 0.855859375 0.97734375 0.09296875 0.0453125
3 0.3078125 0.140625 0.0625 0.1
8 0.63828125 0.2078125 0.0921875 0.0625
3 0.478125 0.2078125 0.240625 0.034375
3 0.856640625 0.21171875 0.05703125 0.2390625
5 0.301953125 0.216015625 0.16640625 0.11328125
3 0.296875 0.2625 0.0625 0.06875
5 0.8484375 0.3421875 0.178125 0.096875
