0 0.2994140625 0.3470703125 0.333203125 0.106640625
3 0.6267578125 0.3486328125 0.344140625 0.041015625
18 0.908203125 0.4115234375 0.09140625 0.044921875
3 0.85078125 0.415625 0.0578125 0.1
3 0.5603515625 0.0470703125 0.223828125 0.037890625
3 0.071875 0.0484375 0.14375 0.034375
0 0.83046875 0.05 0.3390625 0.1
0 0.3013671875 0.05 0.327734375 0.1
0 0.8357421875 0.5115234375 0.327734375 0.107421875
3 0.8421875 0.603515625 0.075 0.08203125
18 0.6064453125 0.6345703125 0.200390625 0.041015625
5 0.8361328125 0.65625 0.166015625 0.103125
0 0.2900390625 0.6583984375 0.326953125 0.110546875
3 0.6205078125 0.66171875 0.344140625 0.0484375
18 0.940625 0.7240234375 0.109375 0.041796875
3 0.8423828125 0.7314453125 0.062890625 0.109765625
3 0.287890625 0.7615234375 0.05703125 0.110546875
18 0.4953125 0.8001953125 0.103125 0.041015625
5 0.2931640625 0.8228515625 0.148828125 0.092578125
0 0.834375 0.8298828125 0.321875 0.106640625
3 0.5115234375 0.8330078125 0.344921875 0.037890625
18 0.1640625 0.8970703125 0.178125 0.041015625
3 0.29375 0.9052734375 0.06875 0.107421875
3 0.853125 0.916796875 0.075 0.08359375
8 0.29609375 0.9755859375 0.0859375 0.041796875
8 0.855859375 0.9771484375 0.09296875 0.044921875
3 0.3080078125 0.140625 0.062890625 0.1
8 0.63828125 0.2072265625 0.0921875 0.061328125
3 0.4771484375 0.2078125 0.241796875 0.034375
3 0.856640625 0.2115234375 0.05703125 0.238671875
5 0.3017578125 0.216015625 0.166015625 0.11328125
3 0.2958984375 0.2625 0.063671875 0.06875
5 0.8484375 0.3421875 0.178125 0.096875
