1 0.171875 0.4859375 0.334375 0.1125
3 0.52734375 0.5044921875 0.0296875 0.271484375
3 0.1736328125 0.55859375 0.025390625 0.0515625
17 0.5265625 0.05625 0.084375 0.084375
8 0.719921875 0.621875 0.07734375 0.09375
3 0.5955078125 0.628515625 0.181640625 0.03203125
1 0.1736328125 0.637890625 0.228515625 0.10703125
3 0.1736328125 0.712890625 0.025390625 0.05078125
3 0.71640625 0.7830078125 0.0421875 0.219140625
1 0.171875 0.790625 0.25 0.121875
3 0.16953125 0.866796875 0.0421875 0.05234375
1 0.7234375 0.934375 0.546875 0.1125
1 0.16953125 0.93671875 0.3390625 0.1171875
3 0.3900390625 0.94140625 0.126953125 0.0421875
3 0.71640625 0.13125 0.1015625 0.028125
1 0.8341796875 0.1359375 0.152734375 0.1125
3 0.5271484375 0.1751953125 0.038671875 0.172265625
3 0.8279296875 0.20625 0.021484375 0.046875
3 0.6458984375 0.2267578125 0.098046875 0.209765625
1 0.83125 0.273046875 0.203125 0.10859375
5 0.521875 0.3181640625 0.178125 0.176953125
3 0.3609375 0.3234375 0.178125 0.0375
1 0.173046875 0.333984375 0.22109375 0.11796875
3 0.8306640625 0.3515625 0.033203125 0.05625
3 0.6607421875 0.3703125 0.127734375 0.065625
3 0.1693359375 0.4109375 0.026171875 0.05625
1 0.834765625 0.425 0.21953125 0.1125
