3 0.1359375 0.453125 0.271875 0.125
3 0.35078125 0.49765625 0.1078125 0.0453125
0 0.58671875 0.50703125 0.3828125 0.0890625
9 0.27109375 0.52890625 0.1078125 0.2578125
3 0.78984375 0.578125 0.1828125 0.071875
10 0.88515625 0.6046875 0.0890625 0.221875
3 0.94296875 0.625 0.0796875 0.05
3 0.3515625 0.7078125 0.115625 0.23125
3 0.71640625 0.7265625 0.3296875 0.2
18 0.92890625 0.7515625 0.1421875 0.04375
0 0.4609375 0.85390625 0.3875 0.0890625
18 0.2265625 0.9671875 0.125 0.05
0 0.59375 0.203125 0.253125 0.09375
0 0.884375 0.20546875 0.23125 0.0890625
0 0.2890625 0.20546875 0.25 0.0890625
3 0.7375 0.2140625 0.0625 0.053125
3 0.440625 0.21640625 0.0625 0.0484375
11 0.06640625 0.2234375 0.1328125 0.146875
18 0.153125 0.0296875 0.21875 0.05
3 0.9421875 0.2671875 0.115625 0.053125
3 0.52421875 0.30703125 0.9515625 0.0984375
18 0.6203125 0.37578125 0.315625 0.0390625
