1 0.64609375 0.572265625 0.2921875 0.16953125
3 0.836328125 0.651171875 0.10390625 0.20859375
3 0.328125 0.6890625 0.65625 0.084375
3 0.48203125 0.768359375 0.3484375 0.22421875
3 0.321875 0.79375 0.04375 0.175
3 0.1296875 0.08125 0.259375 0.025
13 0.86015625 0.834375 0.2796875 0.184375
5 0.321875 0.0921875 0.171875 0.184375
8 0.31875 0.93515625 0.115625 0.1296875
3 0.528515625 0.13671875 0.28828125 0.1453125
1 0.649609375 0.281640625 0.54921875 0.16328125
3 0.0109375 0.3984375 0.0125 0.65625
3 0.646875 0.43046875 0.04375 0.1453125
