1 0.64609375 0.5720703125 0.2921875 0.169140625
3 0.8361328125 0.6513671875 0.103515625 0.208984375
3 0.328125 0.6890625 0.65625 0.084375
3 0.4818359375 0.7685546875 0.348046875 0.224609375
3 0.321875 0.7935546875 0.04375 0.174609375
3 0.1296875 0.08125 0.259375 0.025
13 0.86015625 0.834375 0.2796875 0.184375
5 0.321875 0.0921875 0.171875 0.184375
8 0.31875 0.93515625 0.115625 0.1296875
3 0.5283203125 0.1365234375 0.287890625 0.144921875
1 0.6501953125 0.281640625 0.547265625 0.16328125
3 0.0103515625 0.3974609375 0.011328125 0.657421875
3 0.646875 0.4302734375 0.04375 0.144921875
