18 0.1296875 0.69765625 0.03125 0.0484375
18 0.17421875 0.70234375 0.0453125 0.0703125
18 0.87421875 0.7046875 0.0828125 0.0625
18 0.896875 0.775 0.128125 0.090625
0 0.7453125 0.7890625 0.140625 0.1875
18 0.884375 0.840625 0.1 0.05625
18 0.8359375 0.128125 0.10625 0.090625
17 0.05546875 0.13203125 0.0609375 0.1390625
18 0.1421875 0.1421875 0.053125 0.0625
18 0.20859375 0.14296875 0.0796875 0.0765625
0 0.35 0.15 0.140625 0.1875
18 0.4703125 0.15625 0.06875 0.0625
3 0.7171875 0.20546875 0.065625 0.1328125
18 0.8125 0.20546875 0.075 0.0765625
0 0.3453125 0.34140625 0.1375 0.1953125
18 0.47578125 0.34453125 0.0796875 0.0765625
18 0.83046875 0.3609375 0.0828125 0.084375
18 0.88671875 0.36484375 0.0234375 0.0484375
8 0.05859375 0.378125 0.0609375 0.146875
18 0.1390625 0.38515625 0.04375 0.0765625
18 0.19921875 0.38515625 0.0796875 0.0765625
3 0.7234375 0.4140625 0.06875 0.146875
18 0.80703125 0.43515625 0.0453125 0.0484375
18 0.86015625 0.4375 0.0578125 0.05625
9 0.34609375 0.496875 0.1171875 0.0625
18 0.91640625 0.56328125 0.0265625 0.0703125
18 0.86875 0.56953125 0.06875 0.0703125
0 0.7515625 0.59765625 0.140625 0.1796875
18 0.1296875 0.62578125 0.03125 0.0703125
18 0.17734375 0.62578125 0.0515625 0.0703125
18 0.9484375 0.63203125 0.04375 0.0703125
18 0.8765625 0.63984375 0.09375 0.0703125
3 0.34296875 0.65625 0.0890625 0.0625
5 0.0625 0.65625 0.0625 0.159375
