18 0.1296875 0.69765625 0.03125 0.0484375
18 0.173046875 0.7017578125 0.04609375 0.069140625
18 0.873046875 0.7046875 0.08359375 0.0625
18 0.896875 0.775 0.128125 0.090625
0 0.7451171875 0.7890625 0.140234375 0.1875
18 0.884375 0.8404296875 0.1 0.055859375
18 0.8357421875 0.128125 0.105859375 0.090625
17 0.0552734375 0.13203125 0.060546875 0.1390625
18 0.1412109375 0.1421875 0.054296875 0.0625
18 0.208203125 0.141796875 0.07890625 0.07734375
0 0.3494140625 0.15 0.139453125 0.1875
18 0.4703125 0.15625 0.06875 0.0625
3 0.7171875 0.2048828125 0.065625 0.131640625
18 0.8119140625 0.204296875 0.073828125 0.07734375
0 0.3447265625 0.3408203125 0.136328125 0.194140625
18 0.47578125 0.344140625 0.0796875 0.07578125
18 0.83046875 0.3607421875 0.0828125 0.083984375
18 0.8861328125 0.36484375 0.022265625 0.0484375
8 0.0583984375 0.3779296875 0.060546875 0.146484375
18 0.1384765625 0.38515625 0.042578125 0.0765625
18 0.19921875 0.38515625 0.0796875 0.0765625
3 0.7234375 0.4134765625 0.06875 0.145703125
18 0.806640625 0.433984375 0.04453125 0.04921875
18 0.8599609375 0.4373046875 0.057421875 0.055859375
9 0.34609375 0.496875 0.1171875 0.0625
18 0.9158203125 0.5626953125 0.025390625 0.069140625
18 0.86875 0.5693359375 0.06875 0.069921875
0 0.7509765625 0.5966796875 0.139453125 0.180859375
18 0.1296875 0.6251953125 0.03125 0.069140625
18 0.176171875 0.6251953125 0.05234375 0.069140625
18 0.9478515625 0.6318359375 0.042578125 0.069921875
18 0.8765625 0.6392578125 0.09375 0.069140625
3 0.3427734375 0.65625 0.088671875 0.0625
5 0.0625 0.65625 0.0625 0.159375
