18 0.1296875 0.69765625 0.03125 0.0484375
18 0.173046875 0.701171875 0.04609375 0.07109375
18 0.873046875 0.7046875 0.08359375 0.0625
18 0.896875 0.775 0.128125 0.090625
0 0.7453125 0.7890625 0.140625 0.1875
18 0.884375 0.840625 0.1 0.05625
18 0.8359375 0.128125 0.10625 0.090625
17 0.05546875 0.13203125 0.0609375 0.1390625
18 0.1421875 0.1421875 0.053125 0.0625
18 0.208203125 0.141796875 0.07890625 0.07734375
0 0.35 0.15 0.140625 0.1875
18 0.4703125 0.15625 0.06875 0.0625
3 0.7171875 0.204296875 0.065625 0.13359375
18 0.8125 0.204296875 0.075 0.07734375
0 0.3453125 0.341015625 0.1375 0.19453125
18 0.47578125 0.344140625 0.0796875 0.07578125
18 0.83046875 0.3609375 0.0828125 0.084375
18 0.886328125 0.36484375 0.02265625 0.0484375
8 0.05859375 0.378125 0.0609375 0.146875
18 0.1390625 0.38515625 0.04375 0.0765625
18 0.19921875 0.38515625 0.0796875 0.0765625
3 0.7234375 0.4140625 0.06875 0.146875
18 0.806640625 0.433984375 0.04453125 0.04921875
18 0.86015625 0.4375 0.0578125 0.05625
9 0.34609375 0.496875 0.1171875 0.0625
18 0.916015625 0.562890625 0.02578125 0.06953125
18 0.86875 0.56953125 0.06875 0.0703125
0 0.7515625 0.596484375 0.140625 0.18046875
18 0.1296875 0.625390625 0.03125 0.06953125
18 0.176171875 0.625390625 0.05234375 0.06953125
18 0.9484375 0.63203125 0.04375 0.0703125
18 0.8765625 0.638671875 0.09375 0.07109375
3 0.34296875 0.65625 0.0890625 0.0625
5 0.0625 0.65625 0.0625 0.159375
