3 0.875 0.464453125 0.046875 0.44765625
3 0.55 0.487890625 0.046875 0.05078125
1 0.546875 0.5763671875 0.21875 0.137109375
3 0.20703125 0.57890625 0.0234375 0.6796875
3 0.5494140625 0.6646484375 0.055078125 0.073046875
1 0.54453125 0.7498046875 0.2140625 0.124609375
1 0.8740234375 0.75234375 0.251171875 0.1453125
3 0.7025390625 0.7546875 0.111328125 0.046875
3 0.8720703125 0.8439453125 0.050390625 0.072265625
1 0.87421875 0.9314453125 0.2140625 0.119140625
1 0.54453125 0.9359375 0.2140625 0.128125
3 0.7119140625 0.9357421875 0.139453125 0.043359375
5 0.2232421875 0.940625 0.140234375 0.09375
3 0.1259765625 0.9400390625 0.111328125 0.042578125
3 0.3515625 0.9423828125 0.209375 0.037890625
8 0.0349609375 0.947265625 0.069921875 0.06328125
1 0.5509765625 0.103125 0.255078125 0.1625
3 0.3740234375 0.1072265625 0.116796875 0.042578125
17 0.2931640625 0.1111328125 0.055078125 0.059765625
3 0.5494140625 0.20078125 0.055078125 0.0515625
11 0.5447265625 0.24765625 0.148828125 0.1109375
3 0.3556640625 0.25625 0.320703125 0.034375
3 0.7396484375 0.25859375 0.307421875 0.0296875
3 0.5470703125 0.3162109375 0.050390625 0.060546875
1 0.546875 0.4060546875 0.21875 0.137109375
