9 0.5140625 0.390625 0.215625 0.05625
3 0.6484375 0.44921875 0.2625 0.0984375
3 0.376171875 0.45 0.25859375 0.10625
1 0.25546875 0.53359375 0.2265625 0.0953125
1 0.776171875 0.537890625 0.22734375 0.09453125
3 0.25234375 0.6234375 0.0421875 0.10625
3 0.773828125 0.626953125 0.04140625 0.09765625
1 0.25546875 0.7109375 0.2578125 0.0875
1 0.77109375 0.715625 0.2578125 0.0875
3 0.3765625 0.798046875 0.26875 0.10234375
3 0.63984375 0.8046875 0.2578125 0.090625
10 0.507421875 0.853515625 0.19609375 0.04453125
3 0.515234375 0.9015625 0.04296875 0.090625
1 0.515234375 0.090625 0.14921875 0.06875
1 0.51328125 0.9703125 0.1734375 0.053125
3 0.26875 0.1046875 0.03125 0.05625
3 0.403125 0.1265625 0.1 0.05625
1 0.276953125 0.15 0.17265625 0.05625
3 0.518359375 0.1765625 0.03671875 0.109375
1 0.51328125 0.2640625 0.3421875 0.090625
3 0.519140625 0.3453125 0.05703125 0.078125
