9 0.5140625 0.390625 0.215625 0.05625
3 0.6484375 0.44921875 0.2625 0.0984375
3 0.37734375 0.45 0.2578125 0.10625
1 0.25546875 0.53359375 0.2265625 0.0953125
1 0.77734375 0.53828125 0.2265625 0.0953125
3 0.25234375 0.6234375 0.0421875 0.10625
3 0.77421875 0.62734375 0.0421875 0.0984375
1 0.25546875 0.7109375 0.2578125 0.0875
1 0.77109375 0.715625 0.2578125 0.0875
3 0.3765625 0.79921875 0.26875 0.1015625
3 0.63984375 0.8046875 0.2578125 0.090625
10 0.50859375 0.85390625 0.1953125 0.0453125
3 0.51640625 0.9015625 0.0421875 0.090625
1 0.51640625 0.090625 0.1484375 0.06875
1 0.51328125 0.9703125 0.1734375 0.053125
3 0.26875 0.1046875 0.03125 0.05625
3 0.403125 0.1265625 0.1 0.05625
1 0.27734375 0.15 0.1734375 0.05625
3 0.51953125 0.1765625 0.0359375 0.109375
1 0.51328125 0.2640625 0.3421875 0.090625
3 0.51953125 0.3453125 0.0578125 0.078125
