1 0.9046875 0.421875 0.1375 0.05625
3 0.553125 0.4248046875 0.5875 0.033984375
1 0.3013671875 0.4625 0.158984375 0.05625
3 0.46796875 0.5041015625 0.3546875 0.033203125
1 0.6982421875 0.5056640625 0.158984375 0.051953125
5 0.7060546875 0.5525390625 0.090234375 0.070703125
3 0.7625 0.571875 0.084375 0.05625
3 0.68515625 0.593359375 0.0578125 0.04921875
3 0.449609375 0.6310546875 0.31796875 0.033984375
1 0.6826171875 0.6326171875 0.158984375 0.052734375
3 0.7748046875 0.67421875 0.037109375 0.2546875
1 0.3072265625 0.6765625 0.158203125 0.05625
1 0.5025390625 0.7115234375 0.158203125 0.060546875
3 0.3734375 0.715234375 0.153125 0.03046875
17 0.103515625 0.075 0.05703125 0.0375
3 0.3439453125 0.7505859375 0.337890625 0.041796875
1 0.10859375 0.7529296875 0.1640625 0.052734375
3 0.7380859375 0.8052734375 0.101171875 0.060546875
8 0.10625 0.8150390625 0.053125 0.033203125
1 0.69609375 0.859375 0.1640625 0.05625
3 0.362109375 0.8673828125 0.52421875 0.041015625
1 0.10546875 0.9099609375 0.1484375 0.060546875
8 0.1033203125 0.9677734375 0.047265625 0.041796875
1 0.10546875 0.1310546875 0.1484375 0.052734375
3 0.2435546875 0.1369140625 0.158984375 0.033203125
1 0.29609375 0.175 0.1484375 0.05625
2 0.0873046875 0.1876953125 0.174609375 0.059765625
3 0.36875 0.2041015625 0.153125 0.033203125
1 0.500390625 0.2060546875 0.16328125 0.052734375
3 0.5080078125 0.2416015625 0.031640625 0.033203125
1 0.5052734375 0.2736328125 0.185546875 0.059765625
3 0.35703125 0.278125 0.1640625 0.0375
2 0.9072265625 0.29375 0.173828125 0.05625
1 0.301953125 0.3146484375 0.14765625 0.060546875
3 0.5634765625 0.3498046875 0.555078125 0.033984375
1 0.8994140625 0.3552734375 0.158203125 0.060546875
