1 0.9046875 0.421875 0.1375 0.05625
3 0.553125 0.424609375 0.5875 0.03359375
1 0.301171875 0.4625 0.15859375 0.05625
3 0.46796875 0.504296875 0.3546875 0.03359375
1 0.698046875 0.505859375 0.15859375 0.05234375
5 0.705859375 0.552734375 0.08984375 0.07109375
3 0.7625 0.571875 0.084375 0.05625
3 0.68515625 0.59453125 0.0578125 0.0484375
3 0.45078125 0.630859375 0.3171875 0.03359375
1 0.682421875 0.632421875 0.15859375 0.05234375
3 0.774609375 0.67421875 0.03671875 0.2546875
1 0.307421875 0.6765625 0.15859375 0.05625
1 0.502734375 0.711328125 0.15859375 0.06015625
3 0.3734375 0.71640625 0.153125 0.0296875
17 0.10390625 0.075 0.0578125 0.0375
3 0.344140625 0.750390625 0.33828125 0.04140625
1 0.10859375 0.752734375 0.1640625 0.05234375
3 0.737890625 0.805078125 0.10078125 0.06015625
8 0.10625 0.815234375 0.053125 0.03359375
1 0.69609375 0.859375 0.1640625 0.05625
3 0.36328125 0.867578125 0.5234375 0.04140625
1 0.10546875 0.909765625 0.1484375 0.06015625
8 0.103515625 0.967578125 0.04765625 0.04140625
1 0.10546875 0.130859375 0.1484375 0.05234375
3 0.243359375 0.137109375 0.15859375 0.03359375
1 0.29609375 0.175 0.1484375 0.05625
2 0.087109375 0.187890625 0.17421875 0.06015625
3 0.36875 0.204296875 0.153125 0.03359375
1 0.50078125 0.205859375 0.1640625 0.05234375
3 0.508203125 0.241796875 0.03203125 0.03359375
1 0.505078125 0.273828125 0.18515625 0.06015625
3 0.35703125 0.278125 0.1640625 0.0375
2 0.907421875 0.29375 0.17421875 0.05625
1 0.30234375 0.314453125 0.1484375 0.06015625
3 0.563671875 0.349609375 0.55546875 0.03359375
1 0.899609375 0.355078125 0.15859375 0.06015625
