1 0.9046875 0.421875 0.1375 0.05625
3 0.553125 0.425 0.5875 0.034375
1 0.3015625 0.4625 0.159375 0.05625
3 0.46796875 0.5046875 0.3546875 0.034375
1 0.6984375 0.50625 0.159375 0.053125
5 0.70625 0.553125 0.090625 0.071875
3 0.7625 0.571875 0.084375 0.05625
3 0.68515625 0.593359375 0.0578125 0.04921875
3 0.449609375 0.63125 0.31796875 0.034375
1 0.6828125 0.6328125 0.159375 0.053125
3 0.774609375 0.67421875 0.03671875 0.2546875
1 0.30703125 0.6765625 0.1578125 0.05625
1 0.503125 0.7125 0.159375 0.059375
3 0.3734375 0.715234375 0.153125 0.03046875
17 0.103515625 0.075 0.05703125 0.0375
3 0.344140625 0.75078125 0.33828125 0.0421875
1 0.10859375 0.753515625 0.1640625 0.05078125
3 0.73828125 0.80546875 0.1015625 0.0609375
8 0.10625 0.815625 0.053125 0.034375
1 0.69609375 0.859375 0.1640625 0.05625
3 0.362109375 0.867578125 0.52421875 0.04140625
1 0.10546875 0.91015625 0.1484375 0.0609375
8 0.102734375 0.96796875 0.04921875 0.0421875
1 0.10546875 0.13125 0.1484375 0.053125
3 0.24375 0.1375 0.159375 0.034375
1 0.29609375 0.175 0.1484375 0.05625
2 0.0875 0.187109375 0.175 0.06171875
3 0.36875 0.20390625 0.153125 0.0328125
1 0.500390625 0.20625 0.16328125 0.053125
3 0.507421875 0.2421875 0.03359375 0.034375
1 0.50546875 0.273828125 0.1859375 0.06015625
3 0.35703125 0.278125 0.1640625 0.0375
2 0.9078125 0.29375 0.175 0.05625
1 0.301953125 0.31484375 0.14765625 0.0609375
3 0.5640625 0.350390625 0.55625 0.03203125
1 0.9 0.35546875 0.159375 0.0609375
