1 0.9046875 0.421875 0.1375 0.05625
3 0.553125 0.425 0.5875 0.034375
1 0.3015625 0.4625 0.159375 0.05625
3 0.46796875 0.5046875 0.3546875 0.034375
1 0.6984375 0.50625 0.159375 0.053125
5 0.70625 0.553125 0.090625 0.071875
3 0.7625 0.571875 0.084375 0.05625
3 0.68515625 0.59453125 0.0578125 0.0484375
3 0.45078125 0.63125 0.3171875 0.034375
1 0.6828125 0.6328125 0.159375 0.053125
3 0.77578125 0.67421875 0.0359375 0.2546875
1 0.30703125 0.6765625 0.1578125 0.05625
1 0.503125 0.7125 0.159375 0.059375
3 0.3734375 0.71640625 0.153125 0.0296875
17 0.10390625 0.075 0.0578125 0.0375
3 0.34453125 0.75078125 0.3390625 0.0421875
1 0.10859375 0.75390625 0.1640625 0.0515625
3 0.73828125 0.80546875 0.1015625 0.0609375
8 0.10625 0.815625 0.053125 0.034375
1 0.69609375 0.859375 0.1640625 0.05625
3 0.36328125 0.86796875 0.5234375 0.0421875
1 0.10546875 0.91015625 0.1484375 0.0609375
8 0.10390625 0.96796875 0.0484375 0.0421875
1 0.10546875 0.13125 0.1484375 0.053125
3 0.24375 0.1375 0.159375 0.034375
1 0.29609375 0.175 0.1484375 0.05625
2 0.0875 0.18828125 0.175 0.0609375
3 0.36875 0.20390625 0.153125 0.0328125
1 0.50078125 0.20625 0.1640625 0.053125
3 0.50859375 0.2421875 0.0328125 0.034375
1 0.50546875 0.27421875 0.1859375 0.0609375
3 0.35703125 0.278125 0.1640625 0.0375
2 0.9078125 0.29375 0.175 0.05625
1 0.30234375 0.31484375 0.1484375 0.0609375
3 0.5640625 0.35078125 0.55625 0.0328125
1 0.9 0.35546875 0.159375 0.0609375
