5 0.51484375 0.56015625 0.1578125 0.1828125
3 0.72890625 0.5921875 0.2953125 0.06875
3 0.28515625 0.6203125 0.3265625 0.109375
3 0.88984375 0.66015625 0.0203125 0.0296875
1 0.890625 0.70859375 0.21875 0.1078125
1 0.15234375 0.7125 0.2296875 0.103125
3 0.5171875 0.73515625 0.03125 0.1671875
3 0.25234375 0.07734375 0.5046875 0.0546875
3 0.71484375 0.78671875 0.3640625 0.0640625
3 0.31328125 0.7890625 0.3671875 0.059375
3 0.53125 0.08359375 0.028125 0.0390625
3 0.51875 0.8453125 0.028125 0.034375
5 0.51953125 0.91328125 0.1609375 0.1734375
3 0.228125 0.92578125 0.45625 0.0390625
8 0.74453125 0.93203125 0.0765625 0.0890625
3 0.64375 0.93359375 0.125 0.0453125
3 0.50390625 0.22734375 0.2015625 0.2078125
3 0.76015625 0.24140625 0.3265625 0.0390625
3 0.51640625 0.33984375 0.0234375 0.0390625
17 0.528125 0.034375 0.065625 0.059375
1 0.51171875 0.41640625 0.3640625 0.1328125
3 0.915625 0.4265625 0.025 0.409375
3 0.5171875 0.48515625 0.03125 0.0453125
