5 0.513671875 0.559765625 0.15859375 0.18203125
3 0.728515625 0.5921875 0.29453125 0.06875
3 0.284765625 0.6203125 0.32578125 0.109375
3 0.888671875 0.66015625 0.02109375 0.0296875
1 0.890625 0.70859375 0.21875 0.1078125
1 0.151953125 0.7125 0.22890625 0.103125
3 0.5171875 0.733984375 0.03125 0.16796875
3 0.25234375 0.076953125 0.5046875 0.05390625
3 0.713671875 0.785546875 0.36484375 0.06484375
3 0.312109375 0.7890625 0.36796875 0.059375
3 0.53125 0.08359375 0.028125 0.0390625
3 0.51875 0.8453125 0.028125 0.034375
5 0.51953125 0.91328125 0.1609375 0.1734375
3 0.228125 0.92578125 0.45625 0.0390625
8 0.744140625 0.931640625 0.07578125 0.08828125
3 0.64375 0.93359375 0.125 0.0453125
3 0.50390625 0.226171875 0.2015625 0.20859375
3 0.76015625 0.24140625 0.3265625 0.0390625
3 0.51640625 0.33984375 0.0234375 0.0390625
17 0.528125 0.034375 0.065625 0.059375
1 0.51171875 0.41640625 0.3640625 0.1328125
3 0.915625 0.4265625 0.025 0.409375
3 0.5171875 0.48515625 0.03125 0.0453125
