5 0.5142578125 0.5595703125 0.156640625 0.181640625
3 0.7283203125 0.5921875 0.294140625 0.06875
3 0.284765625 0.6201171875 0.32578125 0.108984375
3 0.888671875 0.66015625 0.02109375 0.0296875
1 0.890625 0.70859375 0.21875 0.1078125
1 0.151953125 0.7125 0.22890625 0.103125
3 0.5162109375 0.733984375 0.032421875 0.16796875
3 0.2521484375 0.0767578125 0.504296875 0.053515625
3 0.7142578125 0.785546875 0.362890625 0.06484375
3 0.312109375 0.7890625 0.36796875 0.059375
3 0.53125 0.08359375 0.028125 0.0390625
3 0.51875 0.8453125 0.028125 0.034375
5 0.51953125 0.91328125 0.1609375 0.1734375
3 0.2279296875 0.92578125 0.455859375 0.0390625
8 0.744140625 0.9314453125 0.07578125 0.087890625
3 0.64375 0.9333984375 0.125 0.044921875
3 0.50390625 0.2267578125 0.2015625 0.206640625
3 0.76015625 0.24140625 0.3265625 0.0390625
3 0.5166015625 0.33984375 0.023828125 0.0390625
17 0.5279296875 0.034375 0.065234375 0.059375
1 0.5115234375 0.41640625 0.363671875 0.1328125
3 0.9154296875 0.4259765625 0.024609375 0.408203125
3 0.5162109375 0.4849609375 0.032421875 0.044921875
