3 0.365625 0.4640625 0.034375 0.09375
3 0.655078125 0.46953125 0.02890625 0.0890625
17 0.506640625 0.057421875 0.09453125 0.08984375
5 0.3671875 0.59921875 0.228125 0.2546875
5 0.65 0.6015625 0.228125 0.25
0 0.102734375 0.610546875 0.19921875 0.12109375
3 0.2328125 0.611328125 0.06875 0.03515625
3 0.7765625 0.61328125 0.04375 0.0328125
0 0.8953125 0.61875 0.19375 0.125
3 0.10703125 0.7484375 0.0265625 0.171875
3 0.362109375 0.773828125 0.03046875 0.12890625
3 0.5640625 0.81484375 0.21875 0.1953125
3 0.89296875 0.83125 0.0265625 0.328125
0 0.365625 0.889453125 0.196875 0.11015625
8 0.10546875 0.8921875 0.1078125 0.115625
3 0.21015625 0.89140625 0.1203125 0.0421875
3 0.4984375 0.971875 0.825 0.05625
3 0.50625 0.134375 0.034375 0.065625
0 0.505859375 0.21796875 0.19921875 0.1203125
3 0.6359375 0.2578125 0.078125 0.125
3 0.378125 0.259765625 0.06875 0.11953125
0 0.3625 0.3734375 0.19375 0.115625
0 0.650390625 0.375390625 0.20078125 0.11953125
3 0.178515625 0.4515625 0.17578125 0.21875
3 0.83125 0.4546875 0.159375 0.221875
