18 0.0953125 0.04609375 0.190625 0.0390625
3 0.8533203125 0.4712890625 0.044140625 0.123828125
3 0.1134765625 0.53359375 0.039453125 0.0796875
1 0.858203125 0.5712890625 0.20390625 0.101953125
5 0.1158203125 0.5841796875 0.106640625 0.102734375
3 0.495703125 0.5931640625 0.11015625 0.039453125
7 0.5779296875 0.5927734375 0.071484375 0.066796875
3 0.26015625 0.5931640625 0.2265625 0.039453125
5 0.40234375 0.5931640625 0.1203125 0.101953125
3 0.115234375 0.641796875 0.03671875 0.05859375
3 0.8609375 0.6453125 0.03125 0.0625
3 0.3111328125 0.6818359375 0.212890625 0.129296875
1 0.52421875 0.7158203125 0.1953125 0.106640625
1 0.1130859375 0.7158203125 0.191796875 0.106640625
3 0.6892578125 0.720703125 0.159765625 0.03515625
1 0.857421875 0.7205078125 0.19609375 0.106640625
3 0.31796875 0.8154296875 0.4578125 0.102734375
18 0.2998046875 0.1494140625 0.324609375 0.039453125
18 0.8337890625 0.1552734375 0.323828125 0.044921875
1 0.1130859375 0.2798828125 0.191796875 0.106640625
3 0.1134765625 0.34921875 0.039453125 0.0578125
7 0.8552734375 0.3828125 0.066796875 0.0625
1 0.1130859375 0.4375 0.191796875 0.1375
