18 0.0953125 0.04609375 0.190625 0.0390625
3 0.853515625 0.471484375 0.04453125 0.12421875
3 0.113671875 0.53359375 0.03984375 0.0796875
1 0.85859375 0.571484375 0.2046875 0.10234375
5 0.116015625 0.583984375 0.10703125 0.10234375
3 0.49609375 0.593359375 0.1109375 0.03984375
7 0.577734375 0.592578125 0.07109375 0.06640625
3 0.26015625 0.593359375 0.2265625 0.03984375
5 0.40234375 0.593359375 0.1203125 0.10234375
3 0.11640625 0.64296875 0.0359375 0.0578125
3 0.8609375 0.6453125 0.03125 0.0625
3 0.311328125 0.681640625 0.21328125 0.12890625
1 0.52421875 0.716015625 0.1953125 0.10703125
1 0.112890625 0.716015625 0.19140625 0.10703125
3 0.689453125 0.72109375 0.16015625 0.0359375
1 0.85859375 0.720703125 0.1953125 0.10703125
3 0.31796875 0.815234375 0.4578125 0.10234375
18 0.299609375 0.149609375 0.32421875 0.03984375
18 0.833984375 0.155078125 0.32421875 0.04453125
1 0.112890625 0.280078125 0.19140625 0.10703125
3 0.113671875 0.34921875 0.03984375 0.0578125
7 0.855078125 0.3828125 0.06640625 0.0625
1 0.112890625 0.4375 0.19140625 0.1375
