18 0.0953125 0.04609375 0.190625 0.0390625
3 0.85390625 0.471875 0.0453125 0.125
3 0.1140625 0.53359375 0.040625 0.0796875
1 0.85859375 0.57109375 0.2046875 0.1015625
5 0.11640625 0.584375 0.1078125 0.103125
3 0.49609375 0.59296875 0.1109375 0.0390625
7 0.578125 0.59296875 0.071875 0.0671875
3 0.26015625 0.59296875 0.2265625 0.0390625
5 0.40234375 0.59296875 0.1203125 0.1015625
3 0.11640625 0.64296875 0.0359375 0.0578125
3 0.8609375 0.6453125 0.03125 0.0625
3 0.31171875 0.68203125 0.2140625 0.1296875
1 0.52421875 0.715625 0.1953125 0.10625
1 0.11328125 0.715625 0.1921875 0.10625
3 0.68984375 0.72109375 0.1609375 0.0359375
1 0.85859375 0.7203125 0.1953125 0.10625
3 0.31796875 0.81640625 0.4578125 0.1015625
18 0.3 0.15 0.325 0.040625
18 0.834375 0.15546875 0.325 0.0453125
1 0.11328125 0.28046875 0.1921875 0.1078125
3 0.1140625 0.34921875 0.040625 0.0578125
7 0.85546875 0.3828125 0.0671875 0.0625
1 0.11328125 0.4375 0.1921875 0.1375
