3 0.590625 0.4625 0.04375 0.090625
0 0.58125 0.536328125 0.48125 0.10390625
17 0.57421875 0.05859375 0.0578125 0.0453125
3 0.56953125 0.611328125 0.0578125 0.07265625
5 0.571875 0.671875 0.184375 0.15
3 0.7203125 0.74921875 0.271875 0.0859375
3 0.41015625 0.7515625 0.2796875 0.08125
0 0.8328125 0.8234375 0.284375 0.090625
0 0.2796875 0.82578125 0.4375 0.0859375
3 0.90859375 0.894140625 0.0703125 0.07578125
3 0.323828125 0.89609375 0.06015625 0.0734375
8 0.93046875 0.954296875 0.0609375 0.06484375
3 0.674609375 0.958984375 0.44296875 0.03671875
0 0.32109375 0.96171875 0.3109375 0.0765625
3 0.5765625 0.111328125 0.04375 0.06640625
9 0.593359375 0.141796875 0.23671875 0.09609375
3 0.521484375 0.2078125 0.04921875 0.08125
3 0.641796875 0.2078125 0.05234375 0.08125
0 0.31015625 0.287890625 0.4890625 0.09453125
0 0.7625 0.290625 0.3625 0.090625
3 0.522265625 0.359375 0.05703125 0.059375
3 0.63984375 0.359375 0.0578125 0.06875
10 0.5921875 0.38671875 0.25 0.1046875
10 0.70078125 0.409375 0.5984375 0.33125
