3 0.590625 0.4625 0.04375 0.090625
0 0.58125 0.53671875 0.48125 0.1046875
17 0.57421875 0.05859375 0.0578125 0.0453125
3 0.56953125 0.61171875 0.0578125 0.0734375
5 0.571875 0.671875 0.184375 0.15
3 0.7203125 0.74921875 0.271875 0.0859375
3 0.41015625 0.7515625 0.2796875 0.08125
0 0.8328125 0.8234375 0.284375 0.090625
0 0.2796875 0.82578125 0.4375 0.0859375
3 0.90859375 0.89453125 0.0703125 0.0765625
3 0.32421875 0.89609375 0.0609375 0.0734375
8 0.93046875 0.95546875 0.0609375 0.0640625
3 0.67578125 0.96015625 0.4421875 0.0359375
0 0.32109375 0.96171875 0.3109375 0.0765625
3 0.5765625 0.11171875 0.04375 0.0671875
9 0.59453125 0.14296875 0.2359375 0.0953125
3 0.52265625 0.2078125 0.0484375 0.08125
3 0.64296875 0.2078125 0.0515625 0.08125
0 0.31015625 0.28828125 0.4890625 0.0953125
0 0.7625 0.290625 0.3625 0.090625
3 0.52265625 0.359375 0.0578125 0.059375
3 0.63984375 0.359375 0.0578125 0.06875
10 0.5921875 0.38671875 0.25 0.1046875
10 0.70078125 0.409375 0.5984375 0.33125
