3 0.590625 0.4625 0.04375 0.090625
0 0.5806640625 0.5361328125 0.480078125 0.103515625
17 0.5740234375 0.05859375 0.057421875 0.0453125
3 0.5693359375 0.6111328125 0.057421875 0.072265625
5 0.5716796875 0.6716796875 0.183984375 0.149609375
3 0.7201171875 0.74921875 0.271484375 0.0859375
3 0.41015625 0.7515625 0.2796875 0.08125
0 0.8322265625 0.8234375 0.283203125 0.090625
0 0.2794921875 0.82578125 0.437109375 0.0859375
3 0.9083984375 0.894140625 0.069921875 0.07578125
3 0.323828125 0.8958984375 0.06015625 0.073046875
8 0.93046875 0.9548828125 0.0609375 0.062890625
3 0.6751953125 0.958984375 0.441015625 0.03671875
0 0.3208984375 0.96171875 0.310546875 0.0765625
3 0.5765625 0.1107421875 0.04375 0.068359375
9 0.593359375 0.141796875 0.23671875 0.09609375
3 0.5220703125 0.2078125 0.047265625 0.08125
3 0.6419921875 0.2078125 0.052734375 0.08125
0 0.31015625 0.287890625 0.4890625 0.09453125
0 0.7625 0.290625 0.3625 0.090625
3 0.5220703125 0.3591796875 0.056640625 0.058984375
3 0.6396484375 0.3591796875 0.057421875 0.068359375
10 0.5916015625 0.3865234375 0.248828125 0.104296875
10 0.70078125 0.4091796875 0.5984375 0.330859375
