3 0.590625 0.4625 0.04375 0.090625
0 0.580859375 0.536328125 0.48046875 0.10390625
17 0.573828125 0.05859375 0.05703125 0.0453125
3 0.569140625 0.611328125 0.05703125 0.07265625
5 0.571484375 0.671484375 0.18359375 0.14921875
3 0.719921875 0.74921875 0.27109375 0.0859375
3 0.41015625 0.7515625 0.2796875 0.08125
0 0.832421875 0.8234375 0.28359375 0.090625
0 0.279296875 0.82578125 0.43671875 0.0859375
3 0.908203125 0.89453125 0.06953125 0.0765625
3 0.32421875 0.895703125 0.0609375 0.07265625
8 0.93046875 0.955078125 0.0609375 0.06328125
3 0.675390625 0.96015625 0.44140625 0.0359375
0 0.320703125 0.96171875 0.31015625 0.0765625
3 0.5765625 0.110546875 0.04375 0.06796875
9 0.59453125 0.14296875 0.2359375 0.0953125
3 0.522265625 0.2078125 0.04765625 0.08125
3 0.641796875 0.2078125 0.05234375 0.08125
0 0.31015625 0.28828125 0.4890625 0.0953125
0 0.7625 0.290625 0.3625 0.090625
3 0.522265625 0.358984375 0.05703125 0.05859375
3 0.639453125 0.358984375 0.05703125 0.06796875
10 0.591796875 0.386328125 0.24921875 0.10390625
10 0.70078125 0.408984375 0.5984375 0.33046875
