5 0.496875 0.36015625 0.259375 0.1484375
3 0.334375 0.3640625 0.103125 0.03125
5 0.18359375 0.36640625 0.2765625 0.1453125
3 0.49765625 0.4421875 0.0515625 0.0625
3 0.89375 0.5015625 0.040625 0.56875
1 0.49453125 0.50859375 0.2296875 0.0796875
3 0.50625 0.5703125 0.046875 0.059375
1 0.49453125 0.63671875 0.2421875 0.0796875
3 0.1875 0.66640625 0.075 0.5109375
3 0.496875 0.7 0.040625 0.0625
5 0.4953125 0.77578125 0.2875 0.1390625
3 0.7625 0.7796875 0.29375 0.034375
3 0.5 0.85078125 0.06875 0.0453125
3 0.30546875 0.903125 0.2640625 0.028125
17 0.49453125 0.91015625 0.1265625 0.0765625
17 0.4921875 0.09296875 0.14375 0.0765625
3 0.33125 0.159375 0.328125 0.028125
3 0.49765625 0.16484375 0.0515625 0.0796875
3 0.75 0.2359375 0.29375 0.03125
3 0.17265625 0.2359375 0.0453125 0.16875
1 0.49453125 0.23828125 0.2296875 0.0765625
3 0.4953125 0.29296875 0.034375 0.0421875
