5 0.4966796875 0.36015625 0.258984375 0.1484375
3 0.334375 0.3640625 0.103125 0.03125
5 0.1833984375 0.3658203125 0.276171875 0.144140625
3 0.497265625 0.4416015625 0.05078125 0.061328125
3 0.8935546875 0.5015625 0.040234375 0.56875
1 0.49453125 0.50859375 0.2296875 0.0796875
3 0.5056640625 0.5701171875 0.045703125 0.058984375
1 0.4943359375 0.636328125 0.241796875 0.07890625
3 0.1875 0.6658203125 0.075 0.509765625
3 0.4966796875 0.6998046875 0.040234375 0.062109375
5 0.4953125 0.7755859375 0.2875 0.138671875
3 0.7619140625 0.7796875 0.292578125 0.034375
3 0.5 0.8501953125 0.06875 0.044140625
3 0.304296875 0.9029296875 0.26484375 0.027734375
17 0.49453125 0.9099609375 0.1265625 0.076171875
17 0.4921875 0.0927734375 0.14375 0.076171875
3 0.3306640625 0.1587890625 0.326953125 0.026953125
3 0.497265625 0.164453125 0.05078125 0.07890625
3 0.7498046875 0.2359375 0.293359375 0.03125
3 0.1728515625 0.2359375 0.045703125 0.16875
1 0.49453125 0.2380859375 0.2296875 0.076171875
3 0.4953125 0.2927734375 0.034375 0.041796875
