0 0.5109375 0.412890625 0.34375 0.07578125
3 0.4943359375 0.4671875 0.041796875 0.05
0 0.5025390625 0.5251953125 0.348828125 0.072265625
18 0.5521484375 0.0533203125 0.198046875 0.037890625
18 0.3380859375 0.0533203125 0.229296875 0.037890625
18 0.1642578125 0.05546875 0.119140625 0.0265625
18 0.8693359375 0.559375 0.104296875 0.034375
3 0.8669921875 0.56328125 0.037109375 0.5765625
18 0.2015625 0.5646484375 0.171875 0.038671875
3 0.1984375 0.5703125 0.03125 0.56875
3 0.4978515625 0.578125 0.036328125 0.05
0 0.5052734375 0.637890625 0.354296875 0.07578125
3 0.4978515625 0.6890625 0.036328125 0.05
0 0.5130859375 0.748046875 0.338671875 0.07734375
3 0.4998046875 0.7921875 0.052734375 0.034375
3 0.7765625 0.837890625 0.21875 0.02578125
3 0.2599609375 0.8375 0.166796875 0.034375
0 0.5109375 0.8412109375 0.34375 0.073046875
3 0.4978515625 0.8953125 0.036328125 0.05
8 0.4974609375 0.940234375 0.057421875 0.04296875
17 0.4978515625 0.1146484375 0.067578125 0.038671875
3 0.4998046875 0.153125 0.052734375 0.053125
0 0.50625 0.2076171875 0.3125 0.080859375
3 0.5001953125 0.2552734375 0.041015625 0.038671875
3 0.7140625 0.3013671875 0.34375 0.030859375
11 0.4919921875 0.3013671875 0.162109375 0.099609375
3 0.3181640625 0.3056640625 0.270703125 0.030078125
3 0.4953125 0.3578125 0.03125 0.05
