0 0.5109375 0.412890625 0.34375 0.07578125
3 0.49453125 0.4671875 0.0421875 0.05
0 0.503125 0.524609375 0.35 0.07421875
18 0.55234375 0.053515625 0.1984375 0.03828125
18 0.33828125 0.053515625 0.2296875 0.03828125
18 0.163671875 0.05546875 0.12109375 0.0265625
18 0.86953125 0.559375 0.1046875 0.034375
3 0.8671875 0.56328125 0.0375 0.5765625
18 0.2015625 0.56484375 0.171875 0.0390625
3 0.1984375 0.5703125 0.03125 0.56875
3 0.4984375 0.578125 0.0375 0.05
0 0.50625 0.637890625 0.353125 0.07578125
3 0.4984375 0.6890625 0.0375 0.05
0 0.5140625 0.748046875 0.3375 0.07734375
3 0.5 0.7921875 0.053125 0.034375
3 0.7765625 0.837890625 0.21875 0.02578125
3 0.2609375 0.8375 0.165625 0.034375
0 0.5109375 0.84140625 0.34375 0.0734375
3 0.4984375 0.8953125 0.0375 0.05
8 0.49765625 0.940234375 0.0578125 0.04296875
17 0.4984375 0.11484375 0.06875 0.0390625
3 0.5 0.153125 0.053125 0.053125
0 0.50625 0.208203125 0.3125 0.07890625
3 0.499609375 0.25546875 0.04296875 0.0390625
3 0.7140625 0.3015625 0.34375 0.03125
11 0.4921875 0.3015625 0.1625 0.1
3 0.31875 0.30625 0.271875 0.03125
3 0.4953125 0.3578125 0.03125 0.05
