3 0.88984375 0.4328125 0.0390625 0.0375
1 0.5984375 0.4421875 0.090625 0.075
3 0.43046875 0.44296875 0.2546875 0.0328125
5 0.27734375 0.44609375 0.1109375 0.0828125
1 0.8875 0.48125 0.159375 0.078125
3 0.13671875 0.490625 0.0921875 0.525
3 0.6921875 0.49140625 0.10625 0.1328125
3 0.2765625 0.5171875 0.034375 0.090625
18 0.0171875 0.525 0.025 0.140625
3 0.8515625 0.53125 0.0875 0.0375
5 0.78671875 0.54140625 0.0921875 0.0671875
3 0.78125 0.57890625 0.025 0.0328125
17 0.46171875 0.58984375 0.0671875 0.0546875
1 0.27421875 0.59140625 0.1921875 0.0671875
3 0.3921875 0.59140625 0.071875 0.0328125
1 0.78125 0.62578125 0.1875 0.0703125
3 0.2765625 0.66640625 0.034375 0.0984375
3 0.78125 0.67421875 0.034375 0.0421875
5 0.27734375 0.73359375 0.1109375 0.0703125
3 0.490625 0.73828125 0.375 0.0203125
1 0.7796875 0.73984375 0.2125 0.0984375
3 0.27734375 0.7796875 0.0234375 0.0375
18 0.271875 0.07890625 0.16875 0.0328125
18 0.76015625 0.084375 0.1828125 0.028125
1 0.271875 0.8328125 0.1875 0.078125
3 0.27734375 0.88671875 0.0234375 0.0546875
17 0.27421875 0.93671875 0.0671875 0.0546875
17 0.27734375 0.16171875 0.0828125 0.0671875
3 0.27421875 0.20078125 0.0296875 0.0296875
3 0.5625 0.240625 0.375 0.025
1 0.27421875 0.24375 0.2015625 0.075
17 0.77890625 0.24609375 0.0765625 0.0703125
3 0.78125 0.28828125 0.025 0.0296875
18 0.4984375 0.02890625 0.4375 0.0328125
5 0.78203125 0.328125 0.0828125 0.078125
3 0.85625 0.33984375 0.096875 0.0328125
3 0.2765625 0.34765625 0.04375 0.1484375
3 0.696875 0.3875 0.115625 0.128125
1 0.88984375 0.3890625 0.1734375 0.075
