3 0.8892578125 0.4328125 0.037890625 0.0375
1 0.5986328125 0.4419921875 0.091015625 0.074609375
3 0.43046875 0.441796875 0.2546875 0.03359375
5 0.276953125 0.44609375 0.11015625 0.0828125
1 0.8869140625 0.48125 0.158203125 0.078125
3 0.1365234375 0.490625 0.091796875 0.525
3 0.6919921875 0.4912109375 0.105859375 0.132421875
3 0.2763671875 0.5171875 0.033984375 0.090625
18 0.0169921875 0.525 0.024609375 0.140625
3 0.8509765625 0.53125 0.086328125 0.0375
5 0.7861328125 0.5412109375 0.091015625 0.066796875
3 0.7810546875 0.578515625 0.024609375 0.03203125
17 0.46171875 0.5892578125 0.0671875 0.053515625
1 0.27421875 0.5908203125 0.1921875 0.066015625
3 0.3921875 0.591015625 0.071875 0.03203125
1 0.78125 0.62578125 0.1875 0.0703125
3 0.2763671875 0.6654296875 0.033984375 0.099609375
3 0.7810546875 0.6736328125 0.033984375 0.041015625
5 0.276953125 0.73359375 0.11015625 0.0703125
3 0.490625 0.737890625 0.375 0.01953125
1 0.7791015625 0.7400390625 0.211328125 0.098828125
3 0.2763671875 0.7796875 0.024609375 0.0375
18 0.2716796875 0.078515625 0.168359375 0.03203125
18 0.759765625 0.0845703125 0.18203125 0.028515625
1 0.271875 0.8328125 0.1875 0.078125
3 0.2763671875 0.8865234375 0.024609375 0.054296875
17 0.27421875 0.9361328125 0.0671875 0.053515625
17 0.2767578125 0.1611328125 0.081640625 0.066015625
3 0.2740234375 0.2005859375 0.029296875 0.029296875
3 0.5625 0.240625 0.375 0.025
1 0.27421875 0.2435546875 0.2015625 0.074609375
17 0.77890625 0.24609375 0.0765625 0.0703125
3 0.7810546875 0.2876953125 0.024609375 0.028515625
18 0.4984375 0.02890625 0.4375 0.0328125
5 0.7814453125 0.328125 0.081640625 0.078125
3 0.8556640625 0.338671875 0.095703125 0.03359375
3 0.2763671875 0.346484375 0.043359375 0.14921875
3 0.696875 0.3875 0.115625 0.128125
1 0.889453125 0.3884765625 0.17265625 0.073828125
