3 0.889453125 0.4328125 0.03828125 0.0375
1 0.598828125 0.441796875 0.09140625 0.07421875
3 0.43046875 0.44296875 0.2546875 0.0328125
5 0.27734375 0.44609375 0.1109375 0.0828125
1 0.887109375 0.48125 0.15859375 0.078125
3 0.136328125 0.490625 0.09140625 0.525
3 0.691796875 0.491015625 0.10546875 0.13203125
3 0.276171875 0.5171875 0.03359375 0.090625
18 0.016796875 0.525 0.02421875 0.140625
3 0.851171875 0.53125 0.08671875 0.0375
5 0.786328125 0.541015625 0.09140625 0.06640625
3 0.780859375 0.57890625 0.02421875 0.0328125
17 0.46171875 0.589453125 0.0671875 0.05390625
1 0.27421875 0.591015625 0.1921875 0.06640625
3 0.3921875 0.59140625 0.071875 0.0328125
1 0.78125 0.62578125 0.1875 0.0703125
3 0.276171875 0.665234375 0.03359375 0.09921875
3 0.780859375 0.673828125 0.03359375 0.04140625
5 0.27734375 0.73359375 0.1109375 0.0703125
3 0.490625 0.73828125 0.375 0.0203125
1 0.779296875 0.740234375 0.21171875 0.09921875
3 0.276171875 0.7796875 0.02421875 0.0375
18 0.271484375 0.07890625 0.16796875 0.0328125
18 0.76015625 0.084765625 0.1828125 0.02890625
1 0.271875 0.8328125 0.1875 0.078125
3 0.276171875 0.886328125 0.02421875 0.05390625
17 0.27421875 0.936328125 0.0671875 0.05390625
17 0.276953125 0.161328125 0.08203125 0.06640625
3 0.273828125 0.200390625 0.02890625 0.02890625
3 0.5625 0.240625 0.375 0.025
1 0.27421875 0.243359375 0.2015625 0.07421875
17 0.77890625 0.24609375 0.0765625 0.0703125
3 0.780859375 0.287890625 0.02421875 0.02890625
18 0.4984375 0.02890625 0.4375 0.0328125
5 0.781640625 0.328125 0.08203125 0.078125
3 0.855859375 0.33984375 0.09609375 0.0328125
3 0.276171875 0.34765625 0.04296875 0.1484375
3 0.696875 0.3875 0.115625 0.128125
1 0.88984375 0.388671875 0.1734375 0.07421875
