3 0.084375 0.4927734375 0.06875 0.029296875
1 0.234375 0.49375 0.25625 0.15625
3 0.4771484375 0.5146484375 0.248046875 0.054296875
3 0.0546875 0.62421875 0.028125 0.2734375
3 0.2806640625 0.66328125 0.211328125 0.0390625
1 0.5076171875 0.666015625 0.252734375 0.15078125
3 0.7396484375 0.671875 0.219921875 0.04375
18 0.4515625 0.0755859375 0.1625 0.054296875
3 0.10546875 0.7546875 0.1140625 0.034375
3 0.8904296875 0.759375 0.065234375 0.04375
8 0.9455078125 0.7583984375 0.044140625 0.054296875
10 0.84375 0.7634765625 0.06875 0.423828125
9 0.162109375 0.765625 0.04921875 0.409375
1 0.6609375 0.8640625 0.25625 0.15625
3 0.5080078125 0.8658203125 0.056640625 0.053515625
1 0.3619140625 0.866015625 0.251953125 0.15078125
3 0.815625 0.86796875 0.06875 0.0390625
3 0.20625 0.86796875 0.06875 0.0484375
17 0.2220703125 0.0908203125 0.044140625 0.053515625
3 0.41484375 0.138671875 0.2765625 0.08359375
3 0.221875 0.1462890625 0.028125 0.067578125
18 0.6763671875 0.1640625 0.199609375 0.04375
5 0.5265625 0.2421875 0.109375 0.121875
3 0.4263671875 0.243359375 0.146484375 0.04921875
3 0.609375 0.246875 0.08125 0.04375
3 0.2322265625 0.2482421875 0.251953125 0.146484375
1 0.7705078125 0.26875 0.247265625 0.15625
3 0.223046875 0.365234375 0.03359375 0.11796875
3 0.451171875 0.3875 0.19609375 0.209375
3 0.614453125 0.4203125 0.07265625 0.24375
