3 0.084375 0.492578125 0.06875 0.02890625
1 0.234375 0.49375 0.25625 0.15625
3 0.476953125 0.514453125 0.24765625 0.05390625
3 0.0546875 0.62421875 0.028125 0.2734375
3 0.280859375 0.66328125 0.21171875 0.0390625
1 0.507421875 0.66640625 0.25234375 0.1515625
3 0.739453125 0.671875 0.21953125 0.04375
18 0.4515625 0.075390625 0.1625 0.05390625
3 0.10546875 0.7546875 0.1140625 0.034375
3 0.890234375 0.759375 0.06484375 0.04375
8 0.945703125 0.758203125 0.04453125 0.05390625
10 0.84375 0.763671875 0.06875 0.42421875
9 0.16328125 0.765625 0.0484375 0.409375
1 0.6609375 0.8640625 0.25625 0.15625
3 0.508203125 0.866015625 0.05703125 0.05390625
1 0.362109375 0.86640625 0.25234375 0.1515625
3 0.815625 0.86796875 0.06875 0.0390625
3 0.20625 0.86796875 0.06875 0.0484375
17 0.222265625 0.091015625 0.04453125 0.05390625
3 0.41484375 0.13984375 0.2765625 0.0828125
3 0.221875 0.146484375 0.028125 0.06796875
18 0.676171875 0.1640625 0.19921875 0.04375
5 0.5265625 0.2421875 0.109375 0.121875
3 0.426171875 0.24453125 0.14609375 0.0484375
3 0.609375 0.246875 0.08125 0.04375
3 0.232421875 0.248046875 0.25234375 0.14609375
1 0.770703125 0.26875 0.24765625 0.15625
3 0.22421875 0.36640625 0.0328125 0.1171875
3 0.45234375 0.3875 0.1953125 0.209375
3 0.61484375 0.4203125 0.0734375 0.24375
