3 0.084375 0.49296875 0.06875 0.0296875
1 0.234375 0.49375 0.25625 0.15625
3 0.47734375 0.51484375 0.2484375 0.0546875
3 0.0546875 0.62421875 0.028125 0.2734375
3 0.28125 0.66328125 0.2125 0.0390625
1 0.5078125 0.66640625 0.253125 0.1515625
3 0.73984375 0.671875 0.2203125 0.04375
18 0.4515625 0.07578125 0.1625 0.0546875
3 0.10546875 0.7546875 0.1140625 0.034375
3 0.890625 0.759375 0.065625 0.04375
8 0.94609375 0.75859375 0.0453125 0.0546875
10 0.84375 0.76328125 0.06875 0.4234375
9 0.16328125 0.765625 0.0484375 0.409375
1 0.6609375 0.8640625 0.25625 0.15625
3 0.50859375 0.86640625 0.0578125 0.0546875
1 0.3625 0.86640625 0.253125 0.1515625
3 0.815625 0.86796875 0.06875 0.0390625
3 0.20625 0.86796875 0.06875 0.0484375
17 0.22265625 0.09140625 0.0453125 0.0546875
3 0.41484375 0.13984375 0.2765625 0.0828125
3 0.221875 0.14609375 0.028125 0.0671875
18 0.6765625 0.1640625 0.2 0.04375
5 0.5265625 0.2421875 0.109375 0.121875
3 0.4265625 0.24453125 0.146875 0.0484375
3 0.609375 0.246875 0.08125 0.04375
3 0.23203125 0.24921875 0.2515625 0.1453125
1 0.77109375 0.26875 0.2484375 0.15625
3 0.22421875 0.36640625 0.0328125 0.1171875
3 0.45234375 0.3875 0.1953125 0.209375
3 0.61484375 0.4203125 0.0734375 0.24375
