3 0.359375 0.37265625 0.040625 0.0546875
3 0.69609375 0.4015625 0.0359375 0.228125
0 0.37109375 0.4265625 0.4390625 0.071875
3 0.3578125 0.47109375 0.059375 0.0484375
5 0.365625 0.5234375 0.146875 0.10625
3 0.4484375 0.5359375 0.0875 0.034375
0 0.69609375 0.544140625 0.4328125 0.06953125
3 0.3578125 0.602734375 0.046875 0.06796875
3 0.92421875 0.60703125 0.0359375 0.6515625
3 0.1234375 0.6171875 0.09375 0.428125
5 0.35703125 0.659375 0.1765625 0.11875
3 0.47109375 0.6703125 0.1453125 0.0375
0 0.7046875 0.676171875 0.321875 0.07109375
3 0.3578125 0.74375 0.059375 0.084375
3 0.6171875 0.7703125 0.18125 0.121875
17 0.3578125 0.082421875 0.10625 0.05859375
0 0.359765625 0.8171875 0.34453125 0.06875
3 0.3578125 0.871875 0.059375 0.06875
3 0.7671875 0.93125 0.375 0.03125
0 0.37421875 0.93359375 0.4328125 0.0640625
3 0.35703125 0.136328125 0.0359375 0.04765625
18 0.18984375 0.01640625 0.3796875 0.0328125
0 0.37421875 0.1875 0.4328125 0.075
3 0.3546875 0.237109375 0.053125 0.05546875
3 0.690625 0.30625 0.46875 0.034375
15 0.3484375 0.30703125 0.275 0.1109375
