3 0.359375 0.3724609375 0.040625 0.054296875
3 0.6958984375 0.4013671875 0.035546875 0.227734375
0 0.3708984375 0.4259765625 0.438671875 0.070703125
3 0.3572265625 0.4708984375 0.058203125 0.048046875
5 0.3654296875 0.5232421875 0.146484375 0.105859375
3 0.4484375 0.5357421875 0.0875 0.033984375
0 0.69609375 0.5435546875 0.4328125 0.071484375
3 0.3578125 0.6029296875 0.046875 0.068359375
3 0.9240234375 0.6068359375 0.035546875 0.651171875
3 0.1234375 0.6169921875 0.09375 0.427734375
5 0.3568359375 0.659375 0.176171875 0.11875
3 0.4712890625 0.6703125 0.145703125 0.0375
0 0.7046875 0.6763671875 0.321875 0.071484375
3 0.3572265625 0.74375 0.058203125 0.084375
3 0.6171875 0.7703125 0.18125 0.121875
17 0.3572265625 0.082421875 0.105078125 0.05859375
0 0.359765625 0.8169921875 0.34453125 0.068359375
3 0.3572265625 0.8712890625 0.058203125 0.067578125
3 0.7666015625 0.9306640625 0.373828125 0.030078125
0 0.37421875 0.93359375 0.4328125 0.0640625
3 0.3568359375 0.1361328125 0.035546875 0.047265625
18 0.18984375 0.01640625 0.3796875 0.0328125
0 0.37421875 0.1869140625 0.4328125 0.073828125
3 0.3541015625 0.2376953125 0.051953125 0.053515625
3 0.6900390625 0.3056640625 0.467578125 0.033203125
15 0.3484375 0.3072265625 0.275 0.111328125
