3 0.359375 0.372265625 0.040625 0.05390625
3 0.695703125 0.401171875 0.03515625 0.22734375
0 0.370703125 0.426171875 0.43828125 0.07109375
3 0.357421875 0.470703125 0.05859375 0.04765625
5 0.365234375 0.523046875 0.14609375 0.10546875
3 0.4484375 0.535546875 0.0875 0.03359375
0 0.69609375 0.543359375 0.4328125 0.07109375
3 0.3578125 0.602734375 0.046875 0.06796875
3 0.923828125 0.606640625 0.03515625 0.65078125
3 0.1234375 0.616796875 0.09375 0.42734375
5 0.356640625 0.659375 0.17578125 0.11875
3 0.471484375 0.6703125 0.14609375 0.0375
0 0.7046875 0.676171875 0.321875 0.07109375
3 0.357421875 0.74375 0.05859375 0.084375
3 0.6171875 0.7703125 0.18125 0.121875
17 0.357421875 0.08359375 0.10546875 0.0578125
0 0.36015625 0.816796875 0.3453125 0.06796875
3 0.357421875 0.871484375 0.05859375 0.06796875
3 0.766796875 0.930859375 0.37421875 0.03046875
0 0.37421875 0.93359375 0.4328125 0.0640625
3 0.356640625 0.136328125 0.03515625 0.04765625
18 0.18984375 0.01640625 0.3796875 0.0328125
0 0.37421875 0.187109375 0.4328125 0.07421875
3 0.354296875 0.237890625 0.05234375 0.05390625
3 0.690234375 0.305859375 0.46796875 0.03359375
15 0.3484375 0.307421875 0.275 0.11171875
