1 0.566015625 0.5333984375 0.29453125 0.179296875
3 0.9078125 0.601953125 0.053125 0.62265625
3 0.5658203125 0.6548828125 0.056640625 0.081640625
3 0.34609375 0.0728515625 0.0859375 0.067578125
13 0.5658203125 0.7583984375 0.278515625 0.126171875
3 0.7830078125 0.0775390625 0.081640625 0.067578125
13 0.9078125 0.0771484375 0.184375 0.126171875
13 0.15546875 0.0765625 0.3109375 0.125
1 0.565625 0.08203125 0.36875 0.1640625
3 0.5654296875 0.85 0.049609375 0.096875
13 0.21640625 0.9390625 0.2859375 0.121875
1 0.5658203125 0.9421875 0.278515625 0.115625
3 0.3892578125 0.9466796875 0.081640625 0.068359375
3 0.7865234375 0.95 0.188671875 0.0625
8 0.9177734375 0.9490234375 0.082421875 0.073046875
3 0.5640625 0.203125 0.053125 0.10625
18 0.7875 0.2640625 0.2625 0.053125
5 0.5595703125 0.2806640625 0.094140625 0.173828125
3 0.75234375 0.3095703125 0.3234375 0.037890625
18 0.371875 0.362890625 0.35625 0.05703125
3 0.5654296875 0.4015625 0.049609375 0.10625
