1 0.76640625 0.523046875 0.2078125 0.11171875
3 0.50078125 0.614453125 0.5609375 0.09140625
3 0.526953125 0.697265625 0.38828125 0.03515625
1 0.234375 0.698046875 0.2 0.09609375
5 0.751171875 0.70546875 0.08984375 0.1015625
3 0.751171875 0.776953125 0.02734375 0.09140625
3 0.452734375 0.863671875 0.39609375 0.03046875
1 0.749609375 0.865234375 0.21171875 0.09609375
8 0.24375 0.86796875 0.046875 0.0609375
1 0.772265625 0.210546875 0.18828125 0.09609375
3 0.476171875 0.213671875 0.41171875 0.03046875
17 0.25078125 0.21328125 0.0546875 0.0609375
3 0.770703125 0.299609375 0.01953125 0.11171875
3 0.50625 0.390234375 0.353125 0.03046875
1 0.7703125 0.39453125 0.184375 0.0859375
1 0.23828125 0.39453125 0.1921875 0.0859375
3 0.44765625 0.485546875 0.4390625 0.13671875
