1 0.76640625 0.5234375 0.2078125 0.1125
3 0.499609375 0.6140625 0.56171875 0.090625
3 0.52734375 0.69765625 0.3890625 0.0359375
1 0.234375 0.6984375 0.2 0.096875
5 0.7515625 0.70546875 0.090625 0.1015625
3 0.7515625 0.7765625 0.028125 0.090625
3 0.453125 0.8640625 0.396875 0.03125
1 0.74921875 0.865625 0.2109375 0.096875
8 0.24375 0.86796875 0.046875 0.0609375
1 0.7734375 0.2109375 0.1875 0.096875
3 0.4765625 0.2140625 0.4125 0.03125
17 0.25078125 0.21328125 0.0546875 0.0609375
3 0.769921875 0.29921875 0.02109375 0.1109375
3 0.50625 0.390625 0.353125 0.03125
1 0.7703125 0.393359375 0.184375 0.08671875
1 0.237109375 0.393359375 0.19296875 0.08671875
3 0.447265625 0.4859375 0.43828125 0.1375
