1 0.76640625 0.5228515625 0.2078125 0.111328125
3 0.499609375 0.6142578125 0.56171875 0.091015625
3 0.5271484375 0.6974609375 0.388671875 0.035546875
1 0.234375 0.6978515625 0.2 0.095703125
5 0.7509765625 0.70546875 0.089453125 0.1015625
3 0.7509765625 0.7767578125 0.026953125 0.091015625
3 0.4529296875 0.8634765625 0.396484375 0.030078125
1 0.7494140625 0.8654296875 0.211328125 0.096484375
8 0.24375 0.86796875 0.046875 0.0609375
1 0.7724609375 0.2107421875 0.188671875 0.096484375
3 0.4763671875 0.2134765625 0.412109375 0.030078125
17 0.25078125 0.21328125 0.0546875 0.0609375
3 0.7705078125 0.2994140625 0.019140625 0.111328125
3 0.50625 0.3904296875 0.353125 0.030859375
1 0.7703125 0.393359375 0.184375 0.08671875
1 0.237109375 0.393359375 0.19296875 0.08671875
3 0.447265625 0.4853515625 0.43828125 0.136328125
