1 0.521875 0.56484375 0.221875 0.1359375
3 0.803125 0.6109375 0.23125 0.215625
3 0.515625 0.646875 0.021875 0.0625
10 0.5421875 0.6703125 0.346875 0.084375
3 0.5171875 0.716796875 0.025 0.04609375
1 0.5234375 0.796484375 0.225 0.13671875
3 0.271484375 0.796875 0.29296875 0.05625
1 0.14765625 0.859375 0.1765625 0.090625
17 0.14765625 0.091015625 0.0359375 0.04453125
3 0.1453125 0.92109375 0.025 0.0453125
8 0.14765625 0.9578125 0.0359375 0.040625
3 0.14921875 0.132421875 0.0171875 0.05234375
9 0.5375 0.1875 0.34375 0.06875
3 0.3140625 0.1890625 0.14375 0.028125
1 0.1296875 0.208984375 0.23125 0.13671875
3 0.4359375 0.2265625 0.021875 0.05625
3 0.65078125 0.2296875 0.0171875 0.0625
18 0.88984375 0.031640625 0.1015625 0.05078125
3 0.80625 0.30625 0.025 0.034375
1 0.43828125 0.31328125 0.2453125 0.1296875
1 0.690625 0.31640625 0.221875 0.1359375
1 0.8953125 0.31640625 0.16875 0.1359375
18 0.53125 0.03359375 0.109375 0.0453125
18 0.141796875 0.0375 0.10234375 0.040625
3 0.903125 0.409375 0.03125 0.084375
3 0.66171875 0.475 0.3828125 0.05625
5 0.9 0.4859375 0.109375 0.146875
3 0.4 0.52265625 0.021875 0.3109375
