1 0.5212890625 0.56484375 0.220703125 0.1359375
3 0.803125 0.6103515625 0.23125 0.214453125
3 0.5154296875 0.646875 0.021484375 0.0625
10 0.5423828125 0.6703125 0.347265625 0.084375
3 0.5169921875 0.716796875 0.024609375 0.04609375
1 0.5228515625 0.796484375 0.223828125 0.13671875
3 0.2720703125 0.796875 0.291015625 0.05625
1 0.1474609375 0.859375 0.176171875 0.090625
17 0.1474609375 0.091015625 0.035546875 0.04453125
3 0.1451171875 0.92109375 0.024609375 0.0453125
8 0.1474609375 0.9576171875 0.035546875 0.040234375
3 0.14921875 0.1330078125 0.0171875 0.050390625
9 0.5375 0.1869140625 0.34375 0.067578125
3 0.3140625 0.1890625 0.14375 0.028125
1 0.1296875 0.208984375 0.23125 0.13671875
3 0.4353515625 0.2265625 0.020703125 0.05625
3 0.65078125 0.2296875 0.0171875 0.0625
18 0.88984375 0.0314453125 0.1015625 0.050390625
3 0.8056640625 0.3056640625 0.023828125 0.033203125
1 0.43828125 0.31328125 0.2453125 0.1296875
1 0.6900390625 0.31640625 0.220703125 0.1359375
1 0.8953125 0.31640625 0.16875 0.1359375
18 0.5310546875 0.03359375 0.108984375 0.0453125
18 0.141796875 0.0369140625 0.10234375 0.039453125
3 0.903125 0.409375 0.03125 0.084375
3 0.66171875 0.475 0.3828125 0.05625
5 0.8998046875 0.4859375 0.108984375 0.146875
3 0.3998046875 0.52265625 0.021484375 0.3109375
