0 0.4234375 0.46484375 0.184375 0.0984375
0 0.1546875 0.4671875 0.184375 0.09375
3 0.384375 0.5359375 0.09375 0.0625
3 0.18359375 0.537109375 0.0984375 0.06796875
10 0.29140625 0.575 0.3140625 0.0625
3 0.2890625 0.6171875 0.03125 0.075
0 0.2890625 0.690234375 0.184375 0.09921875
3 0.559375 0.6921875 0.371875 0.03125
0 0.824609375 0.691796875 0.18046875 0.10234375
3 0.60546875 0.78984375 0.4578125 0.1015625
0 0.2875 0.82265625 0.1875 0.0984375
17 0.2890625 0.090625 0.059375 0.040625
3 0.2890625 0.9015625 0.03125 0.075
8 0.2875 0.958203125 0.0625 0.04765625
3 0.293359375 0.11953125 0.02421875 0.0265625
5 0.2890625 0.1796875 0.165625 0.128125
3 0.397265625 0.22109375 0.07578125 0.0984375
3 0.181640625 0.223046875 0.09453125 0.10234375
0 0.825390625 0.31171875 0.18828125 0.1015625
0 0.15 0.31171875 0.184375 0.1015625
0 0.42578125 0.3125 0.1890625 0.09375
3 0.623046875 0.313671875 0.23359375 0.02734375
3 0.15234375 0.389453125 0.0359375 0.07890625
3 0.674609375 0.420703125 0.33671875 0.14140625
