0 0.4234375 0.46484375 0.184375 0.0984375
0 0.1546875 0.4671875 0.184375 0.09375
3 0.384375 0.5359375 0.09375 0.0625
3 0.18359375 0.53828125 0.0984375 0.0671875
10 0.29140625 0.575 0.3140625 0.0625
3 0.2890625 0.6171875 0.03125 0.075
0 0.2890625 0.69140625 0.184375 0.0984375
3 0.559375 0.6921875 0.371875 0.03125
0 0.82578125 0.69296875 0.1796875 0.1015625
3 0.60546875 0.78984375 0.4578125 0.1015625
0 0.2875 0.82265625 0.1875 0.0984375
17 0.2890625 0.090625 0.059375 0.040625
3 0.2890625 0.9015625 0.03125 0.075
8 0.2875 0.95859375 0.0625 0.0484375
3 0.29453125 0.11953125 0.0234375 0.0265625
5 0.2890625 0.1796875 0.165625 0.128125
3 0.39765625 0.22109375 0.0765625 0.0984375
3 0.18203125 0.22421875 0.0953125 0.1015625
0 0.82578125 0.31171875 0.1890625 0.1015625
0 0.15 0.31171875 0.184375 0.1015625
0 0.42578125 0.3125 0.1890625 0.09375
3 0.62421875 0.31484375 0.2328125 0.0265625
3 0.15234375 0.38984375 0.0359375 0.0796875
3 0.67578125 0.42109375 0.3359375 0.1421875
