3 0.528125 0.646875 0.278125 0.046875
3 0.505859375 0.648046875 0.04296875 0.55234375
13 0.8287109375 0.6484375 0.341796875 0.2125
1 0.2005859375 0.65078125 0.401171875 0.2546875
3 0.1873046875 0.8279296875 0.046484375 0.137109375
3 0.5755859375 0.8921875 0.173046875 0.046875
13 0.8265625 0.89140625 0.346875 0.2171875
8 0.1953125 0.94296875 0.121875 0.1140625
3 0.5169921875 0.1140625 0.299609375 0.046875
1 0.190625 0.125 0.3625 0.25
3 0.58125 0.388671875 0.18125 0.03359375
3 0.1861328125 0.3890625 0.050390625 0.30625
13 0.83125 0.39140625 0.3375 0.2171875
