3 0.528125 0.646875 0.278125 0.046875
3 0.50703125 0.64921875 0.0421875 0.5515625
13 0.82890625 0.6484375 0.3421875 0.2125
1 0.20078125 0.65078125 0.4015625 0.2546875
3 0.1875 0.828125 0.046875 0.1375
3 0.57578125 0.8921875 0.1734375 0.046875
13 0.8265625 0.89140625 0.346875 0.2171875
8 0.1953125 0.94296875 0.121875 0.1140625
3 0.51796875 0.1140625 0.2984375 0.046875
1 0.190625 0.125 0.3625 0.25
3 0.58125 0.38984375 0.18125 0.0328125
3 0.18671875 0.3890625 0.0515625 0.30625
13 0.83125 0.39140625 0.3375 0.2171875
