3 0.798828125 0.586328125 0.03828125 0.28515625
8 0.79765625 0.787890625 0.1015625 0.12578125
17 0.093359375 0.208203125 0.12734375 0.12578125
1 0.421484375 0.20859375 0.19921875 0.0984375
1 0.797265625 0.2109375 0.25390625 0.103125
3 0.232421875 0.2109375 0.18671875 0.046875
3 0.5953125 0.21328125 0.165625 0.0328125
3 0.798828125 0.29296875 0.03828125 0.0890625
1 0.798046875 0.389453125 0.25859375 0.13515625
18 0.79921875 0.0421875 0.2328125 0.05625
18 0.326953125 0.0421875 0.16953125 0.046875
