3 0.7986328125 0.5865234375 0.037890625 0.285546875
8 0.797265625 0.7876953125 0.10078125 0.125390625
17 0.0931640625 0.2080078125 0.126953125 0.125390625
1 0.4216796875 0.208203125 0.199609375 0.09765625
1 0.7970703125 0.2109375 0.253515625 0.103125
3 0.2326171875 0.2109375 0.187109375 0.046875
3 0.5953125 0.212890625 0.165625 0.03203125
3 0.7986328125 0.291796875 0.037890625 0.08984375
1 0.7982421875 0.3896484375 0.258984375 0.135546875
18 0.798046875 0.0421875 0.23359375 0.05625
18 0.3267578125 0.0421875 0.169140625 0.046875
