3 0.5771484375 0.3826171875 0.057421875 0.046484375
5 0.5830078125 0.4154296875 0.119140625 0.080859375
3 0.4404296875 0.4353515625 0.218359375 0.064453125
3 0.7203125 0.4375 0.228125 0.06875
1 0.3609375 0.5015625 0.346875 0.084375
1 0.810546875 0.50625 0.29609375 0.084375
3 0.81640625 0.558203125 0.0359375 0.04140625
3 0.3501953125 0.560546875 0.056640625 0.05859375
8 0.819140625 0.59609375 0.08203125 0.0421875
3 0.2 0.63046875 0.046875 0.0578125
3 0.5099609375 0.63203125 0.057421875 0.0609375
3 0.5751953125 0.0671875 0.041015625 0.05
1 0.2025390625 0.6873046875 0.289453125 0.080859375
1 0.5181640625 0.69375 0.289453125 0.084375
3 0.196875 0.745703125 0.0625 0.04140625
3 0.507421875 0.7453125 0.05234375 0.05
10 0.3291015625 0.76640625 0.595703125 0.0609375
3 0.3470703125 0.8181640625 0.041015625 0.080078125
1 0.34453125 0.89375 0.2953125 0.084375
3 0.3423828125 0.9388671875 0.041015625 0.030859375
8 0.3421875 0.975 0.0625 0.05
13 0.5751953125 0.12265625 0.269140625 0.0765625
3 0.57734375 0.1685546875 0.0359375 0.046484375
1 0.57734375 0.2265625 0.2953125 0.084375
17 0.57734375 0.0296875 0.0671875 0.05
3 0.5751953125 0.2759765625 0.041015625 0.045703125
13 0.578125 0.3296875 0.275 0.084375
