3 0.57734375 0.3828125 0.0578125 0.046875
5 0.58359375 0.41640625 0.1203125 0.0796875
3 0.440625 0.4359375 0.21875 0.065625
3 0.7203125 0.4375 0.228125 0.06875
1 0.3609375 0.5015625 0.346875 0.084375
1 0.81171875 0.50625 0.2953125 0.084375
3 0.81640625 0.55859375 0.0359375 0.0421875
3 0.35 0.56171875 0.05625 0.0578125
8 0.81953125 0.59609375 0.0828125 0.0421875
3 0.2 0.63046875 0.046875 0.0578125
3 0.51015625 0.63203125 0.0578125 0.0609375
3 0.57578125 0.0671875 0.0421875 0.05
1 0.203125 0.6875 0.290625 0.08125
1 0.51875 0.69375 0.290625 0.084375
3 0.196875 0.74609375 0.0625 0.0421875
3 0.50859375 0.7453125 0.0515625 0.05
10 0.3296875 0.76640625 0.596875 0.0609375
3 0.34765625 0.81875 0.0421875 0.08125
1 0.34453125 0.89375 0.2953125 0.084375
3 0.3421875 0.9390625 0.040625 0.03125
8 0.3421875 0.975 0.0625 0.05
13 0.57578125 0.12265625 0.2703125 0.0765625
3 0.57734375 0.16953125 0.0359375 0.0453125
1 0.57734375 0.2265625 0.2953125 0.084375
17 0.57734375 0.0296875 0.0671875 0.05
3 0.57578125 0.2765625 0.0421875 0.046875
13 0.578125 0.3296875 0.275 0.084375
