3 0.4333984375 0.484375 0.044921875 0.071875
3 0.06171875 0.49765625 0.0265625 0.6546875
1 0.4494140625 0.578125 0.358203125 0.14375
3 0.4333984375 0.6734375 0.044921875 0.0625
5 0.441796875 0.803125 0.60234375 0.278125
1 0.882421875 0.81640625 0.20859375 0.0984375
3 0.09921875 0.81640625 0.1015625 0.0359375
3 0.75 0.81875 0.075 0.040625
3 0.8892578125 0.88984375 0.034765625 0.0671875
6 0.893359375 0.95625 0.08046875 0.071875
3 0.4357421875 0.103125 0.040234375 0.0625
3 0.1515625 0.18828125 0.2125 0.0359375
1 0.4517578125 0.1990234375 0.406640625 0.148046875
3 0.4333984375 0.293359375 0.044921875 0.06796875
1 0.4513671875 0.3859375 0.380859375 0.14375
17 0.4359375 0.040625 0.084375 0.071875
