3 0.43359375 0.484375 0.0453125 0.071875
3 0.06171875 0.49765625 0.0265625 0.6546875
1 0.45 0.578125 0.359375 0.14375
3 0.43359375 0.6734375 0.0453125 0.0625
5 0.441796875 0.803125 0.60234375 0.278125
1 0.882421875 0.81640625 0.20859375 0.0984375
3 0.09921875 0.81640625 0.1015625 0.0359375
3 0.75 0.81875 0.075 0.040625
3 0.889453125 0.88984375 0.03515625 0.0671875
6 0.893359375 0.95625 0.08046875 0.071875
3 0.4359375 0.103125 0.040625 0.0625
3 0.1515625 0.18828125 0.2125 0.0359375
1 0.451171875 0.19921875 0.40859375 0.1484375
3 0.43359375 0.293359375 0.0453125 0.06796875
1 0.4515625 0.3859375 0.38125 0.14375
17 0.4359375 0.040625 0.084375 0.071875
