3 0.485546875 0.53828125 0.03359375 0.0921875
9 0.4921875 0.59140625 0.571875 0.0734375
3 0.6546875 0.63125 0.025 0.0625
3 0.3359375 0.6328125 0.0375 0.06875
0 0.33359375 0.70625 0.2390625 0.10625
0 0.6546875 0.708203125 0.23125 0.11015625
3 0.4859375 0.07265625 0.025 0.0484375
3 0.65625 0.78984375 0.0375 0.0828125
3 0.33359375 0.792578125 0.0328125 0.08515625
10 0.503125 0.83125 0.56875 0.078125
3 0.50390625 0.884765625 0.0296875 0.05703125
8 0.506640625 0.937109375 0.05703125 0.04921875
0 0.48359375 0.142578125 0.2515625 0.11015625
3 0.485546875 0.2125 0.03359375 0.06875
17 0.4875 0.02421875 0.053125 0.0484375
0 0.484375 0.29921875 0.284375 0.1265625
3 0.48359375 0.3796875 0.0296875 0.0625
0 0.484375 0.459375 0.234375 0.10625
