3 0.485546875 0.5380859375 0.03359375 0.091796875
9 0.4921875 0.5912109375 0.571875 0.073046875
3 0.6546875 0.63125 0.025 0.0625
3 0.3353515625 0.6326171875 0.036328125 0.068359375
0 0.33359375 0.70625 0.2390625 0.10625
0 0.6544921875 0.708203125 0.230859375 0.11015625
3 0.4859375 0.07265625 0.025 0.0484375
3 0.6560546875 0.7896484375 0.037109375 0.082421875
3 0.33359375 0.7919921875 0.0328125 0.087109375
10 0.5025390625 0.8310546875 0.567578125 0.077734375
3 0.5037109375 0.884765625 0.029296875 0.05703125
8 0.506640625 0.937109375 0.05703125 0.04921875
0 0.4833984375 0.142578125 0.251171875 0.11015625
3 0.485546875 0.2123046875 0.03359375 0.068359375
17 0.4875 0.02421875 0.053125 0.0484375
0 0.4837890625 0.2990234375 0.283203125 0.126171875
3 0.4833984375 0.3796875 0.029296875 0.0625
0 0.484375 0.459375 0.234375 0.10625
