1 0.771875 0.520703125 0.440625 0.21015625
5 0.32734375 0.5203125 0.1953125 0.190625
3 0.48125 0.533203125 0.159375 0.03515625
18 0.175 0.6109375 0.159375 0.05
3 0.330859375 0.6984375 0.03671875 0.225
17 0.337890625 0.070703125 0.06953125 0.06015625
3 0.771484375 0.717578125 0.03671875 0.18515625
10 0.4546875 0.8 0.89375 0.1
3 0.51015625 0.86484375 0.0359375 0.1296875
3 0.3359375 0.137890625 0.028125 0.09453125
1 0.328125 0.2703125 0.45625 0.2
3 0.32578125 0.417578125 0.0390625 0.10390625
18 0.45234375 0.462890625 0.1671875 0.04453125
