1 0.771875 0.5205078125 0.440625 0.209765625
5 0.3271484375 0.5201171875 0.194921875 0.190234375
3 0.4806640625 0.5330078125 0.158203125 0.034765625
18 0.1744140625 0.6109375 0.158203125 0.05
3 0.330859375 0.6984375 0.03671875 0.225
17 0.3373046875 0.0705078125 0.071484375 0.059765625
3 0.771484375 0.7173828125 0.03671875 0.184765625
10 0.4544921875 0.8 0.893359375 0.1
3 0.51015625 0.86484375 0.0359375 0.1296875
3 0.3359375 0.137890625 0.028125 0.09453125
1 0.328125 0.2703125 0.45625 0.2
3 0.3259765625 0.417578125 0.039453125 0.10390625
18 0.4521484375 0.462890625 0.166796875 0.04453125
