1 0.771875 0.52109375 0.440625 0.2109375
5 0.32734375 0.5203125 0.1953125 0.190625
3 0.48125 0.53359375 0.159375 0.0359375
18 0.175 0.6109375 0.159375 0.05
3 0.33203125 0.6984375 0.0359375 0.225
17 0.33828125 0.07109375 0.0703125 0.0609375
3 0.77265625 0.71796875 0.0359375 0.1859375
10 0.4546875 0.8 0.89375 0.1
3 0.51015625 0.86484375 0.0359375 0.1296875
3 0.3359375 0.13828125 0.028125 0.0953125
1 0.328125 0.2703125 0.45625 0.2
3 0.32578125 0.41796875 0.0390625 0.1046875
18 0.45234375 0.46328125 0.1671875 0.0453125
