3 0.716015625 0.43984375 0.04453125 0.0796875
1 0.22109375 0.474609375 0.3515625 0.13984375
1 0.715234375 0.527734375 0.30234375 0.09609375
18 0.71328125 0.059765625 0.3859375 0.03203125
3 0.71640625 0.60625 0.0546875 0.084375
3 0.216015625 0.6140625 0.04453125 0.15625
5 0.715234375 0.671875 0.13359375 0.128125
3 0.443359375 0.67421875 0.48984375 0.0359375
3 0.715625 0.752734375 0.034375 0.09609375
8 0.71640625 0.81796875 0.0546875 0.0359375
18 0.712890625 0.85859375 0.48515625 0.0359375
17 0.71875 0.096484375 0.059375 0.03984375
3 0.718359375 0.14765625 0.03984375 0.0640625
1 0.717578125 0.22265625 0.30703125 0.0921875
1 0.24765625 0.227734375 0.4359375 0.09609375
3 0.515234375 0.2296875 0.10859375 0.028125
18 0.18828125 0.024609375 0.3765625 0.03984375
3 0.716015625 0.303125 0.04453125 0.084375
3 0.218359375 0.342578125 0.03984375 0.14765625
1 0.717578125 0.374609375 0.30703125 0.06796875
