3 0.7158203125 0.43984375 0.044140625 0.0796875
1 0.219921875 0.4744140625 0.35234375 0.139453125
1 0.7154296875 0.5279296875 0.302734375 0.096484375
18 0.712109375 0.0599609375 0.38671875 0.032421875
3 0.715234375 0.60625 0.05546875 0.084375
3 0.2158203125 0.6140625 0.044140625 0.15625
5 0.7154296875 0.671875 0.133984375 0.128125
3 0.4431640625 0.67421875 0.489453125 0.0359375
3 0.715625 0.7525390625 0.034375 0.095703125
8 0.715234375 0.81796875 0.05546875 0.0359375
18 0.7126953125 0.858203125 0.484765625 0.03515625
17 0.71875 0.0962890625 0.059375 0.039453125
3 0.7181640625 0.14765625 0.039453125 0.0640625
1 0.7177734375 0.221484375 0.307421875 0.09296875
1 0.24765625 0.2279296875 0.4359375 0.096484375
3 0.5150390625 0.2296875 0.108203125 0.028125
18 0.18828125 0.0244140625 0.3765625 0.039453125
3 0.7158203125 0.303125 0.044140625 0.084375
3 0.2181640625 0.3423828125 0.039453125 0.147265625
1 0.7177734375 0.3744140625 0.307421875 0.067578125
