3 0.715625 0.43984375 0.04375 0.0796875
1 0.22109375 0.475 0.3515625 0.140625
1 0.715625 0.528125 0.303125 0.096875
18 0.71328125 0.06015625 0.3859375 0.0328125
3 0.71640625 0.60625 0.0546875 0.084375
3 0.21640625 0.6140625 0.0453125 0.15625
5 0.71640625 0.671875 0.1328125 0.128125
3 0.44375 0.67421875 0.490625 0.0359375
3 0.715625 0.753125 0.034375 0.096875
8 0.71640625 0.81796875 0.0546875 0.0359375
18 0.71328125 0.85859375 0.4859375 0.0359375
17 0.71875 0.096875 0.059375 0.040625
3 0.71796875 0.14765625 0.0390625 0.0640625
1 0.71796875 0.22265625 0.3078125 0.0921875
1 0.24765625 0.228125 0.4359375 0.096875
3 0.515625 0.2296875 0.109375 0.028125
18 0.18828125 0.025 0.3765625 0.040625
3 0.715625 0.303125 0.04375 0.084375
3 0.21875 0.34296875 0.040625 0.1484375
1 0.71796875 0.375 0.3078125 0.06875
