3 0.771875 0.4453125 0.04375 0.1375
5 0.184375 0.45546875 0.090625 0.0796875
3 0.325 0.4734375 0.2375 0.0625
3 0.103515625 0.48046875 0.12578125 0.0484375
0 0.8359375 0.55078125 0.31875 0.1015625
0 0.165625 0.55078125 0.33125 0.1015625
0 0.50703125 0.553125 0.3140625 0.10625
3 0.096875 0.6359375 0.103125 0.084375
3 0.3171875 0.637109375 0.2375 0.08046875
3 0.6296875 0.66796875 0.309375 0.1421875
3 0.32265625 0.70546875 0.3234375 0.0671875
3 0.446875 0.07265625 0.040625 0.0578125
3 0.480078125 0.775 0.03515625 0.04375
0 0.4734375 0.8453125 0.246875 0.10625
3 0.4828125 0.915625 0.03125 0.053125
8 0.4796875 0.96640625 0.071875 0.0671875
0 0.4515625 0.143359375 0.290625 0.11171875
3 0.453515625 0.207421875 0.02578125 0.04609375
17 0.44375 0.02421875 0.0625 0.0484375
3 0.61015625 0.26328125 0.3328125 0.0578125
3 0.31640625 0.2703125 0.2921875 0.071875
0 0.773828125 0.33828125 0.27265625 0.1109375
0 0.1984375 0.34765625 0.215625 0.1015625
3 0.1859375 0.41796875 0.03125 0.0578125
