3 0.140625 0.484375 0.03125 0.0625
3 0.7888671875 0.4931640625 0.040234375 0.070703125
1 0.16015625 0.55 0.3203125 0.084375
1 0.79296875 0.56015625 0.3953125 0.0796875
3 0.142578125 0.6158203125 0.03515625 0.075390625
3 0.7931640625 0.6263671875 0.039453125 0.071484375
1 0.17109375 0.700390625 0.3421875 0.11953125
1 0.7912109375 0.70859375 0.391796875 0.1109375
3 0.147265625 0.78671875 0.02578125 0.0796875
3 0.7978515625 0.7951171875 0.039453125 0.071484375
3 0.794921875 0.115625 0.02734375 0.053125
3 0.141796875 0.1181640625 0.02734375 0.048828125
1 0.1421875 0.1638671875 0.178125 0.071484375
1 0.7921875 0.1685546875 0.16875 0.071484375
3 0.7890625 0.2296875 0.03125 0.084375
3 0.137890625 0.230859375 0.02578125 0.08046875
3 0.9072265625 0.23359375 0.070703125 0.1734375
3 0.2599609375 0.2359375 0.076171875 0.16875
5 0.79765625 0.303125 0.1203125 0.115625
5 0.1453125 0.3025390625 0.1375 0.123828125
3 0.877734375 0.30703125 0.11171875 0.0265625
3 0.23125 0.310546875 0.115625 0.02734375
3 0.140625 0.3734375 0.03125 0.0625
3 0.7890625 0.3755859375 0.03125 0.066796875
1 0.7890625 0.4310546875 0.315625 0.071484375
1 0.1421875 0.4310546875 0.284375 0.071484375
