3 0.140625 0.484375 0.03125 0.0625
3 0.7890625 0.49375 0.040625 0.071875
1 0.16015625 0.55 0.3203125 0.084375
1 0.79296875 0.56015625 0.3953125 0.0796875
3 0.14296875 0.615625 0.0359375 0.075
3 0.79375 0.6265625 0.040625 0.071875
1 0.17109375 0.70078125 0.3421875 0.1203125
1 0.79140625 0.70859375 0.3921875 0.1109375
3 0.14765625 0.78671875 0.0265625 0.0796875
3 0.7984375 0.7953125 0.040625 0.071875
3 0.79609375 0.115625 0.0265625 0.053125
3 0.14296875 0.11875 0.0265625 0.05
1 0.1421875 0.1640625 0.178125 0.071875
1 0.7921875 0.16875 0.16875 0.071875
3 0.7890625 0.2296875 0.03125 0.084375
3 0.13828125 0.23203125 0.0265625 0.0796875
3 0.9078125 0.23359375 0.071875 0.1734375
3 0.26015625 0.2359375 0.0765625 0.16875
5 0.79765625 0.303125 0.1203125 0.115625
5 0.1453125 0.303125 0.1375 0.125
3 0.87890625 0.30703125 0.1109375 0.0265625
3 0.23125 0.31171875 0.115625 0.0265625
3 0.140625 0.3734375 0.03125 0.0625
3 0.7890625 0.37578125 0.03125 0.0671875
1 0.7890625 0.43203125 0.315625 0.0703125
1 0.1421875 0.43203125 0.284375 0.0703125
