5 0.4560546875 0.4908203125 0.130859375 0.141015625
3 0.5880859375 0.490625 0.235546875 0.0375
0 0.815625 0.4931640625 0.26875 0.117578125
3 0.4478515625 0.5421875 0.045703125 0.046875
0 0.444921875 0.6154296875 0.42109375 0.127734375
3 0.44921875 0.6962890625 0.0421875 0.070703125
3 0.846484375 0.7310546875 0.05546875 0.415234375
0 0.4474609375 0.7806640625 0.357421875 0.136328125
3 0.44140625 0.855859375 0.0421875 0.06171875
3 0.6826171875 0.912890625 0.399609375 0.05078125
8 0.4431640625 0.9193359375 0.070703125 0.085546875
17 0.0982421875 0.1482421875 0.071484375 0.099609375
3 0.2376953125 0.1515625 0.222265625 0.028125
0 0.4412109375 0.1646484375 0.260546875 0.123046875
3 0.44921875 0.2525390625 0.0421875 0.080078125
0 0.4421875 0.3396484375 0.26875 0.132421875
3 0.44921875 0.4263671875 0.0421875 0.090234375
