5 0.45625 0.49140625 0.13125 0.1421875
3 0.58828125 0.490625 0.2359375 0.0375
0 0.815625 0.49375 0.26875 0.11875
3 0.4484375 0.5421875 0.046875 0.046875
0 0.44609375 0.615625 0.4203125 0.128125
3 0.44921875 0.69609375 0.0421875 0.0703125
3 0.84765625 0.73125 0.0546875 0.415625
0 0.44765625 0.78125 0.3578125 0.1375
3 0.44140625 0.85703125 0.0421875 0.0609375
3 0.68359375 0.91328125 0.3984375 0.0515625
8 0.44375 0.91953125 0.071875 0.0859375
17 0.0984375 0.1484375 0.071875 0.1
3 0.23828125 0.1515625 0.2234375 0.028125
0 0.44140625 0.165625 0.2609375 0.121875
3 0.44921875 0.25234375 0.0421875 0.0796875
0 0.4421875 0.33984375 0.26875 0.1328125
3 0.44921875 0.4265625 0.0421875 0.090625
