3 0.754296875 0.40390625 0.04609375 0.2484375
5 0.1828125 0.409375 0.203125 0.15
3 0.2953125 0.4140625 0.10625 0.03125
16 0.471875 0.416015625 0.26875 0.08203125
17 0.19453125 0.053125 0.1265625 0.10625
3 0.1765625 0.5359375 0.040625 0.15
1 0.7328125 0.55703125 0.2625 0.0828125
3 0.73515625 0.6203125 0.0453125 0.059375
1 0.17421875 0.6421875 0.2578125 0.078125
10 0.73203125 0.665625 0.2734375 0.071875
3 0.17890625 0.733984375 0.0453125 0.13046875
3 0.6875 0.76015625 0.08125 0.1734375
3 0.78046875 0.79921875 0.0453125 0.2609375
1 0.525 0.8265625 0.2625 0.0875
3 0.3515625 0.826953125 0.10625 0.02265625
1 0.17421875 0.82890625 0.2578125 0.0828125
3 0.171875 0.8953125 0.03125 0.075
3 0.467578125 0.9203125 0.64140625 0.028125
3 0.1921875 0.1453125 0.040625 0.103125
15 0.1796875 0.228515625 0.26875 0.09453125
3 0.5234375 0.2359375 0.459375 0.046875
10 0.7359375 0.27734375 0.2875 0.0671875
3 0.1796875 0.310546875 0.05625 0.10234375
3 0.643359375 0.359375 0.11796875 0.15
