3 0.754296875 0.4037109375 0.04609375 0.248046875
5 0.1822265625 0.4091796875 0.201953125 0.149609375
3 0.2953125 0.4140625 0.10625 0.03125
16 0.4716796875 0.416015625 0.268359375 0.08203125
17 0.19453125 0.053125 0.1265625 0.10625
3 0.1765625 0.5353515625 0.040625 0.148828125
1 0.7328125 0.55703125 0.2625 0.0828125
3 0.73515625 0.6203125 0.0453125 0.059375
1 0.17421875 0.6412109375 0.2578125 0.079296875
10 0.7318359375 0.6654296875 0.273046875 0.071484375
3 0.17890625 0.733984375 0.0453125 0.13046875
3 0.6869140625 0.76015625 0.080078125 0.1734375
3 0.78046875 0.7990234375 0.0453125 0.260546875
1 0.525 0.8263671875 0.2625 0.087109375
3 0.3515625 0.826953125 0.10625 0.02265625
1 0.17421875 0.82890625 0.2578125 0.0828125
3 0.1716796875 0.8953125 0.030859375 0.075
3 0.4673828125 0.9197265625 0.641015625 0.026953125
3 0.1921875 0.1451171875 0.040625 0.102734375
15 0.1791015625 0.2283203125 0.267578125 0.094140625
3 0.5234375 0.2359375 0.459375 0.046875
10 0.7359375 0.27734375 0.2875 0.0671875
3 0.1791015625 0.3107421875 0.055078125 0.102734375
3 0.6439453125 0.3587890625 0.116015625 0.148828125
