1 0.8046875 0.56328125 0.159375 0.1203125
1 0.290625 0.56328125 0.153125 0.1203125
17 0.48203125 0.0625 0.0734375 0.09375
3 0.28984375 0.6421875 0.0296875 0.059375
3 0.80703125 0.6890625 0.0328125 0.153125
5 0.2890625 0.6921875 0.090625 0.09375
3 0.19453125 0.71953125 0.1421875 0.0609375
3 0.3625 0.77890625 0.175 0.1046875
1 0.1375 0.80390625 0.175 0.1203125
1 0.53515625 0.8125 0.1703125 0.125
3 0.66953125 0.81171875 0.1046875 0.0390625
1 0.8046875 0.81484375 0.175 0.1203125
3 0.8078125 0.89140625 0.021875 0.0546875
8 0.80546875 0.95078125 0.0734375 0.0765625
3 0.484375 0.1421875 0.025 0.0875
1 0.4859375 0.24921875 0.159375 0.1265625
3 0.64765625 0.4015625 0.3453125 0.203125
3 0.38046875 0.4046875 0.2171875 0.196875
