1 0.8046875 0.562890625 0.159375 0.11953125
1 0.2900390625 0.562890625 0.151953125 0.11953125
17 0.4818359375 0.0623046875 0.073046875 0.093359375
3 0.2896484375 0.6423828125 0.029296875 0.059765625
3 0.806640625 0.6890625 0.03203125 0.153125
5 0.2890625 0.6916015625 0.090625 0.092578125
3 0.1939453125 0.7189453125 0.141015625 0.059765625
3 0.3623046875 0.7787109375 0.174609375 0.104296875
1 0.1373046875 0.803515625 0.174609375 0.11953125
1 0.534765625 0.8115234375 0.16953125 0.126171875
3 0.668359375 0.8115234375 0.10546875 0.038671875
1 0.8044921875 0.813671875 0.174609375 0.12109375
3 0.8078125 0.890234375 0.021875 0.05546875
8 0.8048828125 0.95078125 0.072265625 0.0765625
3 0.484375 0.1421875 0.025 0.0875
1 0.4859375 0.2486328125 0.159375 0.125390625
3 0.6470703125 0.4013671875 0.344140625 0.202734375
3 0.38046875 0.4046875 0.2171875 0.196875
