1 0.8046875 0.562890625 0.159375 0.11953125
1 0.290625 0.562890625 0.153125 0.11953125
17 0.48203125 0.0625 0.0734375 0.09375
3 0.28984375 0.6421875 0.0296875 0.059375
3 0.806640625 0.6890625 0.03203125 0.153125
5 0.2890625 0.6921875 0.090625 0.09375
3 0.193359375 0.718359375 0.14296875 0.06171875
3 0.3625 0.77890625 0.175 0.1046875
1 0.1375 0.803515625 0.175 0.11953125
1 0.534765625 0.8125 0.16953125 0.125
3 0.668359375 0.81171875 0.10546875 0.0390625
1 0.8046875 0.813671875 0.175 0.12109375
3 0.8078125 0.890234375 0.021875 0.05546875
8 0.805078125 0.95078125 0.07265625 0.0765625
3 0.484375 0.1421875 0.025 0.0875
1 0.4859375 0.248046875 0.159375 0.12734375
3 0.647265625 0.4015625 0.34453125 0.203125
3 0.38046875 0.4046875 0.2171875 0.196875
