1 0.7587890625 0.353515625 0.401953125 0.08203125
3 0.232421875 0.4048828125 0.05234375 0.069140625
5 0.2189453125 0.453515625 0.137890625 0.08203125
3 0.76171875 0.4685546875 0.0515625 0.155859375
3 0.1201171875 0.4912109375 0.115234375 0.076171875
3 0.3474609375 0.4912109375 0.132421875 0.076171875
1 0.3849609375 0.560546875 0.207421875 0.08359375
1 0.0919921875 0.5638671875 0.183984375 0.090234375
1 0.7552734375 0.5826171875 0.201171875 0.087109375
3 0.537890625 0.063671875 0.05078125 0.05234375
3 0.11875 0.6365234375 0.109375 0.076171875
3 0.3509765625 0.642578125 0.114453125 0.07890625
11 0.2390625 0.6591796875 0.2125 0.058984375
3 0.664453125 0.6865234375 0.23515625 0.135546875
3 0.3619140625 0.71875 0.298828125 0.065625
10 0.5255859375 0.74921875 0.166796875 0.0515625
3 0.5400390625 0.7888671875 0.045703125 0.055859375
1 0.5345703125 0.8560546875 0.206640625 0.087109375
3 0.540625 0.9203125 0.034375 0.0625
8 0.537109375 0.969921875 0.08671875 0.05234375
1 0.5345703125 0.1228515625 0.206640625 0.086328125
3 0.53984375 0.1908203125 0.0578125 0.069140625
17 0.533984375 0.0208984375 0.09296875 0.041796875
9 0.5345703125 0.2212890625 0.172265625 0.055078125
3 0.3615234375 0.2662109375 0.310546875 0.076171875
3 0.66640625 0.2748046875 0.2296875 0.087109375
1 0.2298828125 0.338671875 0.206640625 0.08359375
