1 0.758984375 0.35390625 0.40234375 0.0828125
3 0.23359375 0.405078125 0.0515625 0.06953125
5 0.219140625 0.45390625 0.13828125 0.0828125
3 0.76171875 0.468359375 0.0515625 0.15546875
3 0.119921875 0.491015625 0.11484375 0.07578125
3 0.347265625 0.491015625 0.13203125 0.07578125
1 0.384765625 0.56171875 0.20703125 0.0828125
1 0.091796875 0.563671875 0.18359375 0.08984375
1 0.755078125 0.582421875 0.20078125 0.08671875
3 0.53828125 0.06484375 0.0515625 0.0515625
3 0.11875 0.636328125 0.109375 0.07578125
3 0.351171875 0.64296875 0.11484375 0.0796875
11 0.2390625 0.658984375 0.2125 0.05859375
3 0.66484375 0.686328125 0.2359375 0.13515625
3 0.362109375 0.71875 0.29921875 0.065625
10 0.525390625 0.74921875 0.16640625 0.0515625
3 0.540234375 0.788671875 0.04609375 0.05546875
1 0.534765625 0.855859375 0.20703125 0.08671875
3 0.540625 0.9203125 0.034375 0.0625
8 0.53828125 0.97109375 0.0859375 0.0515625
1 0.534765625 0.123046875 0.20703125 0.08671875
3 0.53984375 0.191015625 0.0578125 0.06953125
17 0.53515625 0.020703125 0.0921875 0.04140625
9 0.534765625 0.221484375 0.17265625 0.05546875
3 0.361328125 0.266015625 0.31015625 0.07578125
3 0.66640625 0.274609375 0.2296875 0.08671875
1 0.230078125 0.33984375 0.20703125 0.0828125
