17 0.07109375 0.561328125 0.0421875 0.04140625
1 0.59765625 0.610546875 0.2046875 0.14921875
1 0.363671875 0.61328125 0.20859375 0.1546875
3 0.4015625 0.70859375 0.1 0.0671875
3 0.544921875 0.70859375 0.09296875 0.0671875
10 0.46796875 0.744921875 0.1390625 0.04609375
3 0.476171875 0.77421875 0.02734375 0.0515625
8 0.478515625 0.824609375 0.05390625 0.06171875
18 0.50234375 0.935546875 0.1234375 0.04609375
18 0.498828125 0.120703125 0.75703125 0.09765625
18 0.094140625 0.244921875 0.11953125 0.07734375
13 0.512109375 0.278515625 0.15859375 0.11328125
1 0.744921875 0.27890625 0.20859375 0.1546875
3 0.41171875 0.2890625 0.0578125 0.03125
1 0.285546875 0.288671875 0.20859375 0.16484375
3 0.618359375 0.291015625 0.06171875 0.02578125
3 0.55859375 0.3953125 0.1734375 0.11875
3 0.11953125 0.40546875 0.1390625 0.2734375
9 0.483203125 0.468359375 0.16953125 0.09296875
3 0.41328125 0.50078125 0.1390625 0.0828125
3 0.5375 0.50078125 0.13125 0.0828125
