17 0.07109375 0.56171875 0.0421875 0.0421875
1 0.596484375 0.6109375 0.20546875 0.15
1 0.3640625 0.61328125 0.209375 0.1546875
3 0.4015625 0.70859375 0.1 0.0671875
3 0.5453125 0.70859375 0.09375 0.0671875
10 0.466796875 0.7453125 0.13984375 0.046875
3 0.4765625 0.773046875 0.028125 0.05234375
8 0.47890625 0.825 0.0546875 0.0625
18 0.501953125 0.9359375 0.12265625 0.046875
18 0.498046875 0.12109375 0.75859375 0.0984375
18 0.09453125 0.2453125 0.1203125 0.078125
13 0.5125 0.278515625 0.159375 0.11328125
1 0.744921875 0.277734375 0.20859375 0.15546875
3 0.410546875 0.2890625 0.05859375 0.03125
1 0.2859375 0.2890625 0.209375 0.165625
3 0.61875 0.2921875 0.0625 0.025
3 0.558203125 0.3953125 0.17265625 0.11875
3 0.11953125 0.405078125 0.1390625 0.27265625
9 0.4828125 0.46875 0.16875 0.09375
3 0.41328125 0.500390625 0.1390625 0.08203125
3 0.5375 0.500390625 0.13125 0.08203125
