17 0.07109375 0.56171875 0.0421875 0.0421875
1 0.59765625 0.6109375 0.2046875 0.15
1 0.3640625 0.61328125 0.209375 0.1546875
3 0.4015625 0.70859375 0.1 0.0671875
3 0.5453125 0.70859375 0.09375 0.0671875
10 0.46796875 0.7453125 0.1390625 0.046875
3 0.4765625 0.77421875 0.028125 0.0515625
8 0.47890625 0.825 0.0546875 0.0625
18 0.50234375 0.9359375 0.1234375 0.046875
18 0.49921875 0.12109375 0.7578125 0.0984375
18 0.09453125 0.2453125 0.1203125 0.078125
13 0.5125 0.27890625 0.159375 0.1140625
1 0.74609375 0.27890625 0.2078125 0.1546875
3 0.41171875 0.2890625 0.0578125 0.03125
1 0.2859375 0.2890625 0.209375 0.165625
3 0.61875 0.2921875 0.0625 0.025
3 0.55859375 0.3953125 0.1734375 0.11875
3 0.11953125 0.40546875 0.1390625 0.2734375
9 0.4828125 0.46875 0.16875 0.09375
3 0.41328125 0.50078125 0.1390625 0.0828125
3 0.5375 0.50078125 0.13125 0.0828125
