17 0.07109375 0.5615234375 0.0421875 0.041796875
1 0.596484375 0.6107421875 0.20546875 0.149609375
1 0.3634765625 0.61328125 0.208203125 0.1546875
3 0.4015625 0.70859375 0.1 0.0671875
3 0.5447265625 0.70859375 0.092578125 0.0671875
10 0.466796875 0.7447265625 0.13984375 0.045703125
3 0.4763671875 0.773046875 0.027734375 0.05234375
8 0.4787109375 0.8248046875 0.054296875 0.062109375
18 0.501953125 0.9357421875 0.12265625 0.046484375
18 0.4986328125 0.1208984375 0.756640625 0.098046875
18 0.0943359375 0.2447265625 0.119921875 0.076953125
13 0.5119140625 0.2783203125 0.158203125 0.112890625
1 0.7451171875 0.277734375 0.208984375 0.15546875
3 0.410546875 0.2890625 0.05859375 0.03125
1 0.2857421875 0.2884765625 0.208984375 0.164453125
3 0.6181640625 0.2912109375 0.061328125 0.026171875
3 0.558203125 0.3953125 0.17265625 0.11875
3 0.11953125 0.405078125 0.1390625 0.27265625
9 0.4830078125 0.4685546875 0.169140625 0.093359375
3 0.41328125 0.500390625 0.1390625 0.08203125
3 0.5375 0.500390625 0.13125 0.08203125
