3 0.87734375 0.04765625 0.2046875 0.0296875
1 0.14609375 0.4984375 0.2421875 0.090625
3 0.975 0.51171875 0.025 0.9484375
3 0.48984375 0.05234375 0.3046875 0.0296875
3 0.715625 0.53828125 0.0375 0.5140625
3 0.35078125 0.56953125 0.0328125 0.3484375
1 0.246875 0.05703125 0.2 0.0953125
3 0.15078125 0.57109375 0.0328125 0.0671875
5 0.70390625 0.06171875 0.1671875 0.1234375
1 0.146875 0.63828125 0.2 0.0859375
3 0.15234375 0.7078125 0.0296875 0.0625
10 0.25234375 0.74296875 0.2796875 0.0671875
3 0.425 0.79140625 0.375 0.0859375
1 0.7046875 0.8359375 0.2 0.090625
3 0.709375 0.9078125 0.025 0.071875
3 0.8546875 0.96171875 0.25 0.0390625
8 0.70703125 0.9640625 0.0546875 0.053125
3 0.7125 0.153125 0.025 0.134375
3 0.25234375 0.15234375 0.0296875 0.1234375
9 0.25 0.221875 0.275 0.053125
1 0.709375 0.2546875 0.215625 0.090625
3 0.153125 0.2734375 0.021875 0.1
3 0.3484375 0.2734375 0.021875 0.109375
1 0.14375 0.36171875 0.196875 0.0859375
1 0.38984375 0.36171875 0.2046875 0.0859375
3 0.15078125 0.42890625 0.0328125 0.0671875
