1 0.306640625 0.48671875 0.20703125 0.1109375
1 0.85546875 0.4890625 0.2171875 0.115625
3 0.30625 0.581640625 0.028125 0.08828125
3 0.8578125 0.62578125 0.03125 0.1765625
5 0.3140625 0.6453125 0.13125 0.109375
17 0.45234375 0.06796875 0.0671875 0.0578125
3 0.20078125 0.68046875 0.1578125 0.0828125
3 0.371484375 0.7265625 0.14921875 0.115625
3 0.7015625 0.76640625 0.1125 0.0359375
1 0.85546875 0.7671875 0.2078125 0.115625
1 0.14453125 0.7671875 0.2171875 0.10625
1 0.5484375 0.76875 0.203125 0.109375
3 0.85625 0.861328125 0.028125 0.09140625
8 0.85625 0.92734375 0.071875 0.0578125
3 0.45078125 0.13671875 0.0359375 0.0890625
1 0.4484375 0.234375 0.2125 0.115625
3 0.65625 0.359765625 0.428125 0.16328125
3 0.372265625 0.359765625 0.17578125 0.16328125
