1 0.3064453125 0.4865234375 0.206640625 0.110546875
1 0.8552734375 0.4888671875 0.216796875 0.115234375
3 0.3060546875 0.5814453125 0.027734375 0.087890625
3 0.8578125 0.62578125 0.03125 0.1765625
5 0.3134765625 0.6455078125 0.130078125 0.109765625
17 0.45234375 0.0677734375 0.0671875 0.057421875
3 0.20078125 0.6806640625 0.1578125 0.083203125
3 0.371484375 0.7263671875 0.14921875 0.115234375
3 0.7015625 0.7662109375 0.1125 0.035546875
1 0.8552734375 0.7666015625 0.207421875 0.114453125
1 0.1443359375 0.7666015625 0.216796875 0.105078125
1 0.5478515625 0.7689453125 0.201953125 0.109765625
3 0.8556640625 0.861328125 0.026953125 0.09140625
8 0.85625 0.9271484375 0.071875 0.057421875
3 0.45078125 0.1365234375 0.0359375 0.088671875
1 0.4482421875 0.2337890625 0.212109375 0.114453125
3 0.65625 0.3595703125 0.428125 0.162890625
3 0.3720703125 0.3595703125 0.175390625 0.162890625
