1 0.306640625 0.486328125 0.20703125 0.11015625
1 0.855078125 0.488671875 0.21640625 0.11484375
3 0.305859375 0.581640625 0.02734375 0.08828125
3 0.8578125 0.62578125 0.03125 0.1765625
5 0.313671875 0.645703125 0.13046875 0.11015625
17 0.45234375 0.067578125 0.0671875 0.05703125
3 0.20078125 0.680859375 0.1578125 0.08359375
3 0.37265625 0.726171875 0.1484375 0.11484375
3 0.7015625 0.766015625 0.1125 0.03515625
1 0.855078125 0.766796875 0.20703125 0.11484375
1 0.144140625 0.766796875 0.21640625 0.10546875
1 0.548046875 0.769140625 0.20234375 0.11015625
3 0.855859375 0.86171875 0.02734375 0.0921875
8 0.85625 0.926953125 0.071875 0.05703125
3 0.45078125 0.136328125 0.0359375 0.08828125
1 0.448046875 0.233984375 0.21171875 0.11484375
3 0.65625 0.359765625 0.428125 0.16328125
3 0.372265625 0.359765625 0.17578125 0.16328125
