3 0.08203125 0.476171875 0.0421875 0.10234375
3 0.865234375 0.478515625 0.13984375 0.09765625
3 0.689453125 0.48125 0.14453125 0.09375
1 0.640234375 0.55859375 0.18671875 0.0765625
1 0.910546875 0.558984375 0.17734375 0.08046875
1 0.088671875 0.56171875 0.17734375 0.0765625
3 0.43203125 0.06171875 0.0328125 0.0640625
3 0.691796875 0.634765625 0.13984375 0.08515625
3 0.862890625 0.634375 0.14453125 0.09375
3 0.243359375 0.679296875 0.36484375 0.17421875
3 0.616796875 0.72578125 0.33671875 0.0890625
10 0.436328125 0.77734375 0.29453125 0.0640625
3 0.43671875 0.81953125 0.0328125 0.0640625
1 0.436328125 0.88046875 0.19140625 0.0765625
3 0.43671875 0.938671875 0.0328125 0.05546875
8 0.4390625 0.9828125 0.046875 0.034375
1 0.426953125 0.129296875 0.18203125 0.08046875
3 0.4296875 0.191796875 0.028125 0.06796875
17 0.43203125 0.02109375 0.0515625 0.0421875
9 0.429296875 0.22578125 0.26171875 0.0765625
3 0.619140625 0.278515625 0.35078125 0.07265625
3 0.238671875 0.311328125 0.36484375 0.11953125
1 0.776171875 0.351171875 0.17734375 0.08046875
1 0.086328125 0.40078125 0.17265625 0.0765625
3 0.7765625 0.403125 0.0375 0.046875
