3 0.08203125 0.4763671875 0.0421875 0.102734375
3 0.8650390625 0.4787109375 0.139453125 0.098046875
3 0.6892578125 0.48125 0.144140625 0.09375
1 0.6400390625 0.557421875 0.186328125 0.07734375
1 0.9107421875 0.5591796875 0.177734375 0.080859375
1 0.0888671875 0.56171875 0.177734375 0.0765625
3 0.43203125 0.06171875 0.0328125 0.0640625
3 0.6916015625 0.6345703125 0.139453125 0.084765625
3 0.8626953125 0.634375 0.144140625 0.09375
3 0.2431640625 0.6791015625 0.364453125 0.173828125
3 0.6169921875 0.72578125 0.337109375 0.0890625
10 0.4365234375 0.776171875 0.294921875 0.06484375
3 0.43671875 0.81953125 0.0328125 0.0640625
1 0.4365234375 0.88046875 0.191796875 0.0765625
3 0.43671875 0.9384765625 0.0328125 0.055078125
8 0.4390625 0.9828125 0.046875 0.034375
1 0.4271484375 0.1294921875 0.182421875 0.080859375
3 0.4296875 0.1916015625 0.028125 0.067578125
17 0.43203125 0.02109375 0.0515625 0.0421875
9 0.4294921875 0.22578125 0.262109375 0.0765625
3 0.6193359375 0.2787109375 0.351171875 0.073046875
3 0.2384765625 0.3111328125 0.364453125 0.119140625
1 0.7759765625 0.3509765625 0.176953125 0.080078125
1 0.0865234375 0.400390625 0.173046875 0.07578125
3 0.7765625 0.403125 0.0375 0.046875
