0 0.60234375 0.5671875 0.3765625 0.11875
0 0.184375 0.5671875 0.36875 0.11875
3 0.458203125 0.67265625 0.07890625 0.1140625
3 0.314453125 0.67265625 0.09140625 0.1140625
0 0.4015625 0.77734375 0.259375 0.1140625
3 0.40625 0.85625 0.075 0.08125
8 0.408203125 0.9453125 0.10390625 0.109375
3 0.39140625 0.108984375 0.0703125 0.08671875
0 0.39375 0.19921875 0.259375 0.1234375
3 0.39375 0.278125 0.075 0.08125
5 0.4 0.35546875 0.1625 0.1609375
17 0.394921875 0.040625 0.07109375 0.08125
18 0.15078125 0.426953125 0.2015625 0.04765625
18 0.684765625 0.436328125 0.23828125 0.04765625
3 0.4625 0.450390625 0.071875 0.11328125
3 0.32421875 0.453125 0.0796875 0.11875
