0 0.60234375 0.5671875 0.3765625 0.11875
0 0.184375 0.5671875 0.36875 0.11875
3 0.45859375 0.67265625 0.0796875 0.1140625
3 0.31484375 0.67265625 0.0921875 0.1140625
0 0.4015625 0.77734375 0.259375 0.1140625
3 0.40625 0.85625 0.075 0.08125
8 0.40859375 0.9453125 0.1046875 0.109375
3 0.39140625 0.11015625 0.0703125 0.0859375
0 0.39375 0.19921875 0.259375 0.1234375
3 0.39375 0.278125 0.075 0.08125
5 0.4 0.35546875 0.1625 0.1609375
17 0.39609375 0.040625 0.0703125 0.08125
18 0.15078125 0.42734375 0.2015625 0.0484375
18 0.68515625 0.43671875 0.2390625 0.0484375
3 0.4625 0.45078125 0.071875 0.1140625
3 0.32421875 0.453125 0.0796875 0.11875
