0 0.60234375 0.5671875 0.3765625 0.11875
0 0.1841796875 0.5671875 0.368359375 0.11875
3 0.458203125 0.67265625 0.07890625 0.1140625
3 0.314453125 0.67265625 0.09140625 0.1140625
0 0.4015625 0.77734375 0.259375 0.1140625
3 0.40625 0.8556640625 0.075 0.080078125
8 0.408203125 0.9453125 0.10390625 0.109375
3 0.3916015625 0.1095703125 0.070703125 0.084765625
0 0.39375 0.19921875 0.259375 0.1234375
3 0.39375 0.2775390625 0.075 0.080078125
5 0.3990234375 0.35546875 0.163671875 0.1609375
17 0.3951171875 0.0404296875 0.071484375 0.080859375
18 0.1505859375 0.4267578125 0.201171875 0.047265625
18 0.6845703125 0.4361328125 0.237890625 0.047265625
3 0.4623046875 0.450390625 0.071484375 0.11328125
3 0.32421875 0.453125 0.0796875 0.11875
