1 0.369140625 0.412890625 0.21953125 0.10078125
17 0.374609375 0.044921875 0.08671875 0.05859375
3 0.367578125 0.508203125 0.05078125 0.09765625
5 0.367578125 0.575 0.12265625 0.1125
3 0.459765625 0.590234375 0.12265625 0.04296875
3 0.365234375 0.67109375 0.04609375 0.1203125
3 0.61953125 0.680859375 0.0359375 0.10859375
5 0.374609375 0.75 0.12734375 0.1125
5 0.626953125 0.753515625 0.12265625 0.09765625
1 0.112109375 0.758203125 0.22421875 0.10078125
3 0.27265625 0.761328125 0.1171875 0.03515625
1 0.87265625 0.7625 0.2140625 0.09375
3 0.7140625 0.76328125 0.1125 0.0390625
3 0.365234375 0.837109375 0.04609375 0.10859375
3 0.619921875 0.83828125 0.04609375 0.1046875
1 0.61796875 0.93359375 0.2140625 0.0859375
1 0.36484375 0.937109375 0.2296875 0.10859375
3 0.365234375 0.116796875 0.04609375 0.10859375
18 0.230078125 0.133984375 0.20390625 0.04296875
5 0.3734375 0.18984375 0.1125 0.1046875
3 0.474609375 0.197265625 0.14296875 0.03515625
1 0.645703125 0.200390625 0.21953125 0.09765625
3 0.3703125 0.295703125 0.05625 0.14765625
