1 0.36953125 0.41328125 0.2203125 0.1015625
17 0.375 0.0453125 0.0875 0.059375
3 0.36796875 0.50859375 0.0515625 0.0984375
5 0.36796875 0.575 0.1234375 0.1125
3 0.459375 0.590625 0.121875 0.04375
3 0.365625 0.67109375 0.046875 0.1203125
3 0.61953125 0.68125 0.0359375 0.109375
5 0.375 0.75 0.128125 0.1125
5 0.628125 0.75390625 0.121875 0.0984375
1 0.1125 0.75859375 0.225 0.1015625
3 0.27265625 0.76171875 0.1171875 0.0359375
1 0.87265625 0.7625 0.2140625 0.09375
3 0.7140625 0.76328125 0.1125 0.0390625
3 0.365625 0.8375 0.046875 0.109375
3 0.6203125 0.83828125 0.046875 0.1046875
1 0.61796875 0.93359375 0.2140625 0.0859375
1 0.36484375 0.9375 0.2296875 0.109375
3 0.365625 0.1171875 0.046875 0.109375
18 0.23046875 0.134375 0.2046875 0.04375
5 0.3734375 0.18984375 0.1125 0.1046875
3 0.475 0.19765625 0.14375 0.0359375
1 0.6453125 0.20078125 0.21875 0.0984375
3 0.3703125 0.296875 0.05625 0.146875
