1 0.3693359375 0.4126953125 0.219921875 0.100390625
17 0.3748046875 0.0447265625 0.087109375 0.058203125
3 0.3673828125 0.5080078125 0.050390625 0.097265625
5 0.3673828125 0.575 0.122265625 0.1125
3 0.4595703125 0.5900390625 0.122265625 0.042578125
3 0.3650390625 0.67109375 0.045703125 0.1203125
3 0.61953125 0.6810546875 0.0359375 0.108984375
5 0.3748046875 0.75 0.127734375 0.1125
5 0.6271484375 0.7533203125 0.123046875 0.097265625
1 0.1123046875 0.7583984375 0.224609375 0.101171875
3 0.27265625 0.7611328125 0.1171875 0.034765625
1 0.87265625 0.7625 0.2140625 0.09375
3 0.7140625 0.762890625 0.1125 0.03828125
3 0.3650390625 0.8369140625 0.045703125 0.108203125
3 0.6197265625 0.83828125 0.045703125 0.1046875
1 0.616796875 0.93359375 0.21484375 0.0859375
1 0.36484375 0.9373046875 0.2296875 0.108984375
3 0.3650390625 0.1166015625 0.045703125 0.108203125
18 0.2298828125 0.1341796875 0.203515625 0.043359375
5 0.3734375 0.189453125 0.1125 0.10390625
3 0.4744140625 0.1970703125 0.142578125 0.034765625
1 0.6455078125 0.2001953125 0.219140625 0.097265625
3 0.3703125 0.2958984375 0.05625 0.148046875
