1 0.36953125 0.412890625 0.2203125 0.10078125
17 0.375 0.0453125 0.0875 0.059375
3 0.366796875 0.508203125 0.05234375 0.09765625
5 0.367578125 0.575 0.12265625 0.1125
3 0.459375 0.590625 0.121875 0.04375
3 0.365625 0.67109375 0.046875 0.1203125
3 0.61953125 0.68125 0.0359375 0.109375
5 0.375 0.75 0.128125 0.1125
5 0.628125 0.752734375 0.121875 0.09921875
1 0.1125 0.75859375 0.225 0.1015625
3 0.27265625 0.761328125 0.1171875 0.03515625
1 0.87265625 0.7625 0.2140625 0.09375
3 0.7140625 0.762890625 0.1125 0.03828125
3 0.365625 0.8375 0.046875 0.109375
3 0.6203125 0.83828125 0.046875 0.1046875
1 0.616796875 0.93359375 0.21484375 0.0859375
1 0.36484375 0.9375 0.2296875 0.109375
3 0.365625 0.1171875 0.046875 0.109375
18 0.230078125 0.134375 0.20390625 0.04375
5 0.3734375 0.189453125 0.1125 0.10390625
3 0.475 0.196484375 0.14375 0.03671875
1 0.6453125 0.199609375 0.21875 0.09921875
3 0.3703125 0.296875 0.05625 0.146875
