1 0.63828125 0.4546875 0.3203125 0.06875
1 0.15 0.45546875 0.3 0.0734375
3 0.640625 0.509375 0.046875 0.065625
5 0.6375 0.55625 0.134375 0.08125
3 0.7703125 0.6015625 0.171875 0.103125
3 0.49453125 0.603125 0.1921875 0.10625
1 0.44140625 0.68203125 0.3109375 0.0734375
1 0.8375 0.68359375 0.30625 0.0609375
3 0.15546875 0.69296875 0.0515625 0.4234375
3 0.50625 0.7671875 0.18125 0.121875
3 0.7703125 0.76875 0.171875 0.125
11 0.634375 0.81328125 0.18125 0.0765625
3 0.40390625 0.09140625 0.0515625 0.0828125
8 0.15078125 0.9234375 0.0828125 0.053125
18 0.51640625 0.9828125 0.8140625 0.034375
3 0.16328125 0.1609375 0.1921875 0.03125
1 0.409375 0.16484375 0.321875 0.0765625
3 0.40390625 0.23671875 0.0515625 0.0984375
17 0.39921875 0.0296875 0.0734375 0.05
5 0.40703125 0.3 0.1203125 0.103125
3 0.5578125 0.359375 0.2125 0.1375
3 0.24453125 0.36171875 0.2390625 0.1328125
