0 0.8515625 0.4953125 0.184375 0.11875
3 0.534375 0.4984375 0.1125 0.025
3 0.73359375 0.4984375 0.0765625 0.034375
1 0.640625 0.5 0.140625 0.11875
17 0.20390625 0.5 0.0765625 0.1
5 0.4515625 0.5078125 0.109375 0.134375
3 0.8515625 0.5796875 0.025 0.078125
3 0.4546875 0.60234375 0.025 0.1734375
3 0.2015625 0.6125 0.025 0.134375
0 0.85234375 0.6640625 0.1453125 0.11875
0 0.45078125 0.7125 0.1765625 0.11875
0 0.2046875 0.71328125 0.1375 0.0984375
3 0.32109375 0.71796875 0.1203125 0.0296875
3 0.85390625 0.76484375 0.0203125 0.1046875
8 0.853125 0.84375 0.06875 0.084375
18 0.5203125 0.09140625 0.40625 0.0453125
3 0.36171875 0.28828125 0.2015625 0.0390625
0 0.2046875 0.290625 0.1375 0.09375
3 0.36171875 0.36171875 0.2015625 0.1984375
3 0.203125 0.396875 0.028125 0.11875
