3 0.671875 0.6375 0.025 0.178125
18 0.015625 0.6564453125 0.025 0.191015625
0 0.6712890625 0.7875 0.142578125 0.146875
3 0.7732421875 0.7865234375 0.068359375 0.057421875
8 0.8234375 0.78671875 0.0375 0.0828125
0 0.4119140625 0.15625 0.145703125 0.146875
17 0.0953125 0.156640625 0.040625 0.06953125
0 0.2216796875 0.15625 0.133984375 0.146875
3 0.315625 0.1595703125 0.053125 0.050390625
3 0.1375 0.1595703125 0.04375 0.050390625
18 0.0140625 0.16875 0.021875 0.146875
3 0.43125 0.3765625 0.059375 0.31875
3 0.628125 0.5095703125 0.0625 0.050390625
0 0.8123046875 0.5091796875 0.146484375 0.140234375
0 0.5294921875 0.5154296875 0.146484375 0.140234375
3 0.7125 0.516015625 0.059375 0.06328125
5 0.66875 0.5185546875 0.0625 0.121484375
3 0.9109375 0.519140625 0.05625 0.06953125
8 0.9546875 0.519140625 0.034375 0.08203125
