3 0.671875 0.6375 0.025 0.178125
18 0.015625 0.655859375 0.025 0.19296875
0 0.671875 0.7875 0.14375 0.146875
3 0.7734375 0.78671875 0.06875 0.0578125
8 0.8234375 0.78671875 0.0375 0.0828125
0 0.4125 0.15625 0.146875 0.146875
17 0.0953125 0.156640625 0.040625 0.06953125
0 0.221875 0.15625 0.134375 0.146875
3 0.315625 0.159765625 0.053125 0.05078125
3 0.1375 0.159765625 0.04375 0.05078125
18 0.0140625 0.16875 0.021875 0.146875
3 0.43125 0.3765625 0.059375 0.31875
3 0.628125 0.509765625 0.0625 0.05078125
0 0.8125 0.509375 0.146875 0.140625
0 0.529296875 0.515625 0.14609375 0.140625
3 0.7125 0.516015625 0.059375 0.06328125
5 0.66875 0.51875 0.0625 0.121875
3 0.9109375 0.519140625 0.05625 0.06953125
8 0.9546875 0.519140625 0.034375 0.08203125
