11 0.4083984375 0.45 0.119921875 0.078125
3 0.4064453125 0.4974609375 0.031640625 0.069921875
0 0.401953125 0.5560546875 0.29765625 0.065234375
18 0.7640625 0.5623046875 0.225 0.043359375
3 0.4064453125 0.605859375 0.031640625 0.06171875
5 0.39453125 0.65546875 0.0828125 0.0734375
3 0.2984375 0.6890625 0.15625 0.078125
3 0.5046875 0.69375 0.15625 0.078125
0 0.249609375 0.752734375 0.28046875 0.06171875
0 0.57578125 0.752734375 0.2890625 0.06171875
3 0.4064453125 0.0783203125 0.031640625 0.069140625
3 0.2984375 0.8248046875 0.15625 0.099609375
3 0.50703125 0.8291015625 0.1515625 0.098828125
11 0.4060546875 0.8505859375 0.124609375 0.082421875
3 0.4064453125 0.9048828125 0.041015625 0.069140625
18 0.1626953125 0.950390625 0.178515625 0.03828125
8 0.4109375 0.9669921875 0.078125 0.065234375
0 0.4041015625 0.1369140625 0.330078125 0.064453125
18 0.5802734375 0.01953125 0.188671875 0.0390625
3 0.4064453125 0.186328125 0.031640625 0.06015625
17 0.40546875 0.0234375 0.0515625 0.046875
18 0.0984375 0.22109375 0.196875 0.0515625
5 0.4109375 0.2419921875 0.0875 0.087109375
3 0.509375 0.2662109375 0.146875 0.082421875
18 0.896875 0.3267578125 0.20625 0.047265625
0 0.5734375 0.3287109375 0.284375 0.069921875
3 0.3078125 0.3419921875 0.15625 0.233984375
3 0.50703125 0.41328125 0.1609375 0.1171875
