11 0.40859375 0.45 0.1203125 0.078125
3 0.406640625 0.49765625 0.03203125 0.0703125
0 0.401953125 0.55625 0.29765625 0.065625
18 0.7640625 0.5625 0.225 0.04375
3 0.406640625 0.605859375 0.03203125 0.06171875
5 0.39453125 0.65546875 0.0828125 0.0734375
3 0.2984375 0.6890625 0.15625 0.078125
3 0.5046875 0.69375 0.15625 0.078125
0 0.249609375 0.752734375 0.28046875 0.06171875
0 0.57578125 0.752734375 0.2890625 0.06171875
3 0.406640625 0.078515625 0.03203125 0.06953125
3 0.2984375 0.825 0.15625 0.1
3 0.50703125 0.8296875 0.1515625 0.1
11 0.40625 0.85078125 0.125 0.0828125
3 0.405859375 0.904296875 0.04296875 0.07109375
18 0.162109375 0.950390625 0.18046875 0.03828125
8 0.4109375 0.9671875 0.078125 0.065625
0 0.40390625 0.1375 0.3296875 0.065625
18 0.58046875 0.01953125 0.1890625 0.0390625
3 0.406640625 0.186328125 0.03203125 0.06015625
17 0.40546875 0.0234375 0.0515625 0.046875
18 0.0984375 0.22109375 0.196875 0.0515625
5 0.4109375 0.2421875 0.0875 0.0875
3 0.509375 0.26640625 0.146875 0.0828125
18 0.896875 0.3265625 0.20625 0.046875
0 0.5734375 0.32890625 0.284375 0.0703125
3 0.3078125 0.3421875 0.15625 0.234375
3 0.50703125 0.41328125 0.1609375 0.1171875
