3 0.1439453125 0.4626953125 0.125390625 0.066015625
3 0.3455078125 0.4626953125 0.125390625 0.066015625
1 0.8630859375 0.51953125 0.229296875 0.1109375
1 0.1236328125 0.5373046875 0.219140625 0.093359375
1 0.4078125 0.5373046875 0.215625 0.093359375
3 0.350390625 0.609375 0.10703125 0.075
3 0.1462890625 0.6107421875 0.111328125 0.071484375
11 0.2490234375 0.6306640625 0.148046875 0.092578125
3 0.725 0.678125 0.31875 0.2125
3 0.3884765625 0.7212890625 0.326953125 0.123828125
10 0.56015625 0.7830078125 0.1078125 0.044140625
3 0.5626953125 0.8119140625 0.022265625 0.039453125
1 0.571875 0.0861328125 0.175 0.066015625
3 0.55 0.8546875 0.38125 0.10625
1 0.5609375 0.8546875 0.14375 0.053125
3 0.5626953125 0.8939453125 0.022265625 0.044140625
8 0.5623046875 0.9390625 0.058984375 0.053125
3 0.571875 0.13125 0.03125 0.03125
9 0.5986328125 0.15234375 0.156640625 0.0484375
3 0.39453125 0.2056640625 0.3140625 0.092578125
3 0.619140625 0.2080078125 0.02578125 0.097265625
17 0.5673828125 0.0296875 0.022265625 0.021875
1 0.619140625 0.302734375 0.23203125 0.11171875
1 0.2490234375 0.308203125 0.229296875 0.11015625
3 0.247265625 0.3697265625 0.02578125 0.039453125
3 0.8025390625 0.37578125 0.151953125 0.1859375
5 0.24921875 0.42734375 0.1296875 0.1109375
