3 0.144140625 0.462109375 0.12578125 0.06796875
3 0.3453125 0.462109375 0.125 0.06796875
1 0.86328125 0.51953125 0.2296875 0.1109375
1 0.123046875 0.5375 0.22109375 0.09375
1 0.4078125 0.5375 0.215625 0.09375
3 0.350390625 0.609375 0.10703125 0.075
3 0.146875 0.6109375 0.1125 0.071875
11 0.25 0.63125 0.146875 0.09375
3 0.725 0.678125 0.31875 0.2125
3 0.38828125 0.721875 0.3265625 0.125
10 0.56015625 0.7828125 0.1078125 0.04375
3 0.562109375 0.81171875 0.02421875 0.0390625
1 0.571875 0.086328125 0.175 0.06640625
3 0.55 0.8546875 0.38125 0.10625
1 0.5609375 0.8546875 0.14375 0.053125
3 0.562109375 0.894140625 0.02421875 0.04453125
8 0.5625 0.9390625 0.059375 0.053125
3 0.571875 0.13125 0.03125 0.03125
9 0.5984375 0.15234375 0.15625 0.0484375
3 0.39453125 0.20625 0.3140625 0.09375
3 0.619140625 0.208203125 0.02578125 0.09765625
17 0.567578125 0.0296875 0.02265625 0.021875
1 0.619140625 0.302734375 0.23203125 0.11171875
1 0.24921875 0.308203125 0.2296875 0.11015625
3 0.247265625 0.36953125 0.02578125 0.0390625
3 0.803125 0.37578125 0.153125 0.1859375
5 0.24921875 0.42734375 0.1296875 0.1109375
