3 0.425 0.73359375 0.05 0.0515625
1 0.50078125 0.73359375 0.1015625 0.1390625
3 0.65546875 0.7375 0.2265625 0.059375
3 0.17421875 0.78125 0.0171875 0.2625
3 0.8390625 0.79296875 0.021875 0.2546875
8 0.96640625 0.8 0.0359375 0.109375
18 0.11875 0.084375 0.121875 0.08125
3 0.50703125 0.890625 0.6765625 0.059375
17 0.1 0.1640625 0.025 0.065625
3 0.1453125 0.21953125 0.071875 0.1609375
3 0.1046875 0.3546875 0.040625 0.065625
1 0.1734375 0.3578125 0.1 0.146875
13 0.04375 0.3609375 0.0875 0.153125
13 0.5875 0.3875 0.090625 0.13125
3 0.6578125 0.4125 0.059375 0.109375
3 0.5140625 0.4203125 0.0625 0.109375
3 0.171875 0.49375 0.021875 0.153125
1 0.49296875 0.5296875 0.0984375 0.153125
3 0.421875 0.5375 0.046875 0.065625
1 0.68046875 0.5375 0.1015625 0.153125
3 0.746875 0.540625 0.04375 0.059375
9 0.39453125 0.59921875 0.0359375 0.3796875
5 0.1734375 0.603125 0.0625 0.196875
1 0.30390625 0.61328125 0.0953125 0.1609375
10 0.7703125 0.6140625 0.046875 0.365625
3 0.80078125 0.6140625 0.0515625 0.059375
1 0.93203125 0.61328125 0.0984375 0.1609375
3 0.371875 0.61640625 0.040625 0.0515625
3 0.86796875 0.6171875 0.0359375 0.065625
3 0.2234375 0.6171875 0.071875 0.065625
11 0.83515625 0.63203125 0.0578125 0.1828125
3 0.93828125 0.715625 0.0390625 0.0875
