3 0.4248046875 0.7333984375 0.049609375 0.051171875
1 0.5001953125 0.73359375 0.100390625 0.1390625
3 0.6552734375 0.7373046875 0.226171875 0.058984375
3 0.1740234375 0.78125 0.016796875 0.2625
3 0.8390625 0.7919921875 0.021875 0.255859375
8 0.9658203125 0.8 0.034765625 0.109375
18 0.1189453125 0.0837890625 0.122265625 0.080078125
3 0.5068359375 0.8904296875 0.676171875 0.058984375
17 0.0994140625 0.1640625 0.023828125 0.065625
3 0.1447265625 0.218359375 0.070703125 0.16171875
3 0.1046875 0.3546875 0.040625 0.065625
1 0.1724609375 0.3576171875 0.101171875 0.146484375
13 0.04375 0.3609375 0.0875 0.153125
13 0.5873046875 0.3875 0.090234375 0.13125
3 0.6568359375 0.4125 0.060546875 0.109375
3 0.5140625 0.4203125 0.0625 0.109375
3 0.171875 0.49375 0.021875 0.153125
1 0.49296875 0.5296875 0.0984375 0.153125
3 0.4212890625 0.5375 0.045703125 0.065625
1 0.6798828125 0.5375 0.100390625 0.153125
3 0.746875 0.5400390625 0.04375 0.058203125
9 0.3939453125 0.598828125 0.034765625 0.37890625
5 0.1734375 0.603125 0.0625 0.196875
1 0.30390625 0.61328125 0.0953125 0.1609375
10 0.7697265625 0.6134765625 0.045703125 0.364453125
3 0.800390625 0.6134765625 0.05078125 0.058203125
1 0.93203125 0.61328125 0.0984375 0.1609375
3 0.371875 0.6162109375 0.040625 0.051171875
3 0.8677734375 0.6171875 0.035546875 0.065625
3 0.2232421875 0.6171875 0.071484375 0.065625
11 0.8349609375 0.631640625 0.057421875 0.18203125
3 0.9376953125 0.715625 0.037890625 0.0875
