3 0.394140625 0.344921875 0.05390625 0.03984375
3 0.39453125 0.03828125 0.0421875 0.0296875
1 0.38359375 0.40546875 0.3796875 0.0921875
3 0.400390625 0.465234375 0.05390625 0.04296875
1 0.39140625 0.52734375 0.3734375 0.0921875
3 0.403515625 0.580859375 0.07265625 0.04921875
5 0.4046875 0.6140625 0.16875 0.0625
3 0.521484375 0.640625 0.18671875 0.0625
3 0.275 0.6453125 0.175 0.065625
1 0.21484375 0.71328125 0.3671875 0.0953125
1 0.61171875 0.71640625 0.3796875 0.0890625
3 0.2828125 0.778125 0.16875 0.0625
3 0.521484375 0.778125 0.18671875 0.05625
11 0.404296875 0.79375 0.19296875 0.059375
3 0.397265625 0.825 0.06015625 0.05625
1 0.38828125 0.88828125 0.3796875 0.0921875
1 0.394140625 0.09453125 0.39140625 0.0890625
3 0.387890625 0.948046875 0.05390625 0.03984375
17 0.394140625 0.98359375 0.05390625 0.0265625
3 0.400390625 0.152734375 0.06640625 0.04921875
17 0.3953125 0.01796875 0.078125 0.0296875
1 0.38515625 0.212890625 0.3734375 0.08203125
3 0.70234375 0.23046875 0.2828125 0.0984375
3 0.400390625 0.269921875 0.05390625 0.04609375
3 0.539453125 0.30859375 0.22265625 0.0359375
1 0.816796875 0.31640625 0.35546875 0.0984375
