3 0.3943359375 0.3451171875 0.054296875 0.040234375
3 0.39453125 0.037109375 0.0421875 0.03046875
1 0.383203125 0.405078125 0.37890625 0.09140625
3 0.4005859375 0.4654296875 0.054296875 0.043359375
1 0.39140625 0.526953125 0.3734375 0.09140625
3 0.4037109375 0.5806640625 0.073046875 0.048828125
5 0.4046875 0.6140625 0.16875 0.0625
3 0.5212890625 0.640625 0.186328125 0.0625
3 0.275 0.6453125 0.175 0.065625
1 0.214453125 0.712890625 0.36640625 0.09453125
1 0.61171875 0.716015625 0.3796875 0.08828125
3 0.2828125 0.778125 0.16875 0.0625
3 0.5212890625 0.778125 0.186328125 0.05625
11 0.4041015625 0.79375 0.192578125 0.059375
3 0.3974609375 0.825 0.060546875 0.05625
1 0.38828125 0.88828125 0.3796875 0.0921875
1 0.3943359375 0.094140625 0.391796875 0.08828125
3 0.3880859375 0.9478515625 0.054296875 0.039453125
17 0.3943359375 0.98359375 0.054296875 0.0265625
3 0.4005859375 0.1529296875 0.066796875 0.049609375
17 0.3953125 0.01796875 0.078125 0.0296875
1 0.38515625 0.2126953125 0.3734375 0.081640625
3 0.701171875 0.23046875 0.28359375 0.0984375
3 0.4005859375 0.2697265625 0.054296875 0.045703125
3 0.5392578125 0.308203125 0.222265625 0.03515625
1 0.8166015625 0.315234375 0.355078125 0.09921875
