3 0.70234375 0.490625 0.1296875 0.096875
3 0.1552734375 0.5189453125 0.026171875 0.050390625
1 0.8576171875 0.5650390625 0.190234375 0.133203125
1 0.1515625 0.59453125 0.18125 0.1109375
3 0.6390625 0.6724609375 0.25 0.138671875
3 0.34921875 0.6771484375 0.2328125 0.129296875
10 0.4890625 0.7373046875 0.125 0.065234375
3 0.4912109375 0.7720703125 0.026171875 0.041015625
1 0.4921875 0.838671875 0.18125 0.10234375
3 0.4935546875 0.9005859375 0.030859375 0.041796875
8 0.4916015625 0.9447265625 0.042578125 0.045703125
17 0.4892578125 0.1130859375 0.047265625 0.041796875
3 0.4955078125 0.1501953125 0.025390625 0.041015625
1 0.4953125 0.2140625 0.18125 0.10625
3 0.4912109375 0.2763671875 0.026171875 0.037109375
9 0.4875 0.2951171875 0.103125 0.046484375
18 0.4998046875 0.0322265625 0.258984375 0.055078125
18 0.8466796875 0.0345703125 0.133984375 0.041015625
3 0.5322265625 0.355078125 0.064453125 0.11015625
3 0.3513671875 0.3572265625 0.237109375 0.133203125
18 0.1419921875 0.0369140625 0.155859375 0.045703125
1 0.15625 0.446484375 0.18125 0.11171875
1 0.5537109375 0.4546875 0.185546875 0.10625
