3 0.70234375 0.490625 0.1296875 0.096875
3 0.155078125 0.519140625 0.02578125 0.05078125
1 0.857421875 0.565234375 0.18984375 0.13359375
1 0.1515625 0.59453125 0.18125 0.1109375
3 0.6390625 0.672265625 0.25 0.13828125
3 0.34921875 0.676953125 0.2328125 0.12890625
10 0.4890625 0.737109375 0.125 0.06484375
3 0.491015625 0.772265625 0.02578125 0.04140625
1 0.4921875 0.83984375 0.18125 0.1015625
3 0.493359375 0.900390625 0.03046875 0.04140625
8 0.491796875 0.944921875 0.04296875 0.04609375
17 0.489453125 0.112890625 0.04765625 0.04140625
3 0.495703125 0.150390625 0.02578125 0.04140625
1 0.4953125 0.2140625 0.18125 0.10625
3 0.491015625 0.276171875 0.02578125 0.03671875
9 0.4875 0.294921875 0.103125 0.04609375
18 0.499609375 0.032421875 0.25859375 0.05546875
18 0.846484375 0.034765625 0.13359375 0.04140625
3 0.532421875 0.35546875 0.06484375 0.1109375
3 0.351171875 0.357421875 0.23671875 0.13359375
18 0.141796875 0.037109375 0.15546875 0.04609375
1 0.15625 0.44765625 0.18125 0.1109375
1 0.553515625 0.4546875 0.18515625 0.10625
