3 0.70234375 0.490625 0.1296875 0.096875
3 0.15625 0.51953125 0.025 0.0515625
1 0.8578125 0.565625 0.190625 0.134375
1 0.1515625 0.59453125 0.18125 0.1109375
3 0.6390625 0.6734375 0.25 0.1375
3 0.34921875 0.67734375 0.2328125 0.1296875
10 0.4890625 0.7375 0.125 0.065625
3 0.49140625 0.77265625 0.0265625 0.0421875
1 0.4921875 0.83984375 0.18125 0.1015625
3 0.49375 0.90078125 0.03125 0.0421875
8 0.4921875 0.9453125 0.04375 0.046875
17 0.48984375 0.11328125 0.0484375 0.0421875
3 0.49609375 0.15 0.0265625 0.040625
1 0.4953125 0.2140625 0.18125 0.10625
3 0.49140625 0.2765625 0.0265625 0.0375
9 0.4875 0.2953125 0.103125 0.046875
18 0.5 0.0328125 0.259375 0.05625
18 0.84765625 0.03515625 0.1328125 0.0421875
3 0.5328125 0.35546875 0.065625 0.1109375
3 0.3515625 0.35703125 0.2375 0.1328125
18 0.1421875 0.0375 0.15625 0.046875
1 0.15625 0.44765625 0.18125 0.1109375
1 0.55390625 0.4546875 0.1859375 0.10625
