0 0.1640625 0.5978515625 0.240625 0.108203125
8 0.5970703125 0.6818359375 0.047265625 0.060546875
3 0.1623046875 0.7423828125 0.018359375 0.200390625
8 0.1626953125 0.8673828125 0.047265625 0.059765625
17 0.5953125 0.09765625 0.04375 0.0546875
3 0.5966796875 0.1546875 0.018359375 0.08125
0 0.5970703125 0.2447265625 0.244140625 0.108203125
3 0.6001953125 0.323046875 0.025390625 0.07109375
3 0.41875 0.3771484375 0.303125 0.038671875
5 0.6001953125 0.378125 0.091015625 0.125
3 0.717578125 0.3775390625 0.18515625 0.026953125
8 0.8302734375 0.37734375 0.048046875 0.0703125
0 0.1609375 0.3802734375 0.21875 0.119921875
3 0.1623046875 0.4875 0.018359375 0.125
3 0.5984375 0.528125 0.021875 0.25
