3 0.6337890625 0.5044921875 0.020703125 0.052734375
3 0.4140625 0.5326171875 0.259375 0.099609375
0 0.6419921875 0.5712890625 0.146484375 0.070703125
3 0.6337890625 0.60625 0.020703125 0.028125
18 0.4859375 0.0638671875 0.56875 0.090234375
9 0.6396484375 0.6326171875 0.251171875 0.043359375
3 0.677734375 0.6677734375 0.04296875 0.038671875
3 0.5583984375 0.6947265625 0.138671875 0.080078125
3 0.6591796875 0.6970703125 0.046484375 0.075390625
3 0.777734375 0.7064453125 0.11796875 0.066015625
0 0.4873046875 0.7607421875 0.146484375 0.062109375
0 0.673828125 0.7607421875 0.14140625 0.062109375
0 0.8330078125 0.7630859375 0.150390625 0.066796875
3 0.549609375 0.8228515625 0.10546875 0.061328125
3 0.6591796875 0.8251953125 0.046484375 0.075390625
3 0.7697265625 0.8251953125 0.108203125 0.066015625
10 0.64453125 0.8650390625 0.1421875 0.061328125
8 0.6578125 0.9568359375 0.05 0.048046875
17 0.2431640625 0.1681640625 0.033203125 0.042578125
3 0.2447265625 0.2154296875 0.020703125 0.062109375
0 0.24453125 0.2658203125 0.1546875 0.066015625
3 0.2447265625 0.3197265625 0.020703125 0.051953125
0 0.2447265625 0.3669921875 0.145703125 0.062109375
3 0.4416015625 0.372265625 0.255078125 0.03203125
0 0.6361328125 0.3740234375 0.150390625 0.066796875
3 0.6361328125 0.4173828125 0.016015625 0.047265625
0 0.24453125 0.4548828125 0.1546875 0.066015625
5 0.634375 0.4595703125 0.0875 0.094140625
3 0.4603515625 0.465625 0.292578125 0.028125
