3 0.63359375 0.5046875 0.0203125 0.053125
3 0.4140625 0.5328125 0.259375 0.1
0 0.64296875 0.57109375 0.1453125 0.0703125
3 0.63359375 0.60625 0.0203125 0.028125
18 0.4859375 0.0640625 0.56875 0.090625
9 0.640625 0.6328125 0.25 0.04375
3 0.67890625 0.66796875 0.0421875 0.0390625
3 0.55859375 0.6953125 0.1390625 0.08125
3 0.659375 0.696875 0.046875 0.075
3 0.77890625 0.70703125 0.1171875 0.0671875
0 0.4875 0.7609375 0.146875 0.0625
0 0.67421875 0.7609375 0.1421875 0.0625
0 0.83359375 0.76328125 0.1515625 0.0671875
3 0.55078125 0.8234375 0.1046875 0.0625
3 0.659375 0.82578125 0.046875 0.0765625
3 0.7703125 0.82578125 0.109375 0.0671875
10 0.64453125 0.865625 0.1421875 0.0625
8 0.6578125 0.95703125 0.05 0.0484375
17 0.24375 0.16875 0.034375 0.04375
3 0.2453125 0.21640625 0.021875 0.0609375
0 0.24453125 0.26640625 0.1546875 0.0671875
3 0.2453125 0.3203125 0.021875 0.053125
0 0.24453125 0.3671875 0.1453125 0.0625
3 0.4421875 0.37265625 0.25625 0.0328125
0 0.63671875 0.37421875 0.1515625 0.0671875
3 0.6359375 0.41796875 0.015625 0.0484375
0 0.24453125 0.45546875 0.1546875 0.0671875
5 0.634375 0.46015625 0.0875 0.0953125
3 0.4609375 0.465625 0.29375 0.028125
