3 0.633984375 0.504296875 0.02109375 0.05234375
3 0.4140625 0.532421875 0.259375 0.09921875
0 0.641796875 0.571484375 0.14609375 0.07109375
3 0.633984375 0.60625 0.02109375 0.028125
18 0.4859375 0.063671875 0.56875 0.08984375
9 0.639453125 0.632421875 0.25078125 0.04296875
3 0.67890625 0.667578125 0.0421875 0.03828125
3 0.558203125 0.694921875 0.13828125 0.08046875
3 0.658984375 0.697265625 0.04609375 0.07578125
3 0.77890625 0.706640625 0.1171875 0.06640625
0 0.487109375 0.760546875 0.14609375 0.06171875
0 0.67421875 0.760546875 0.1421875 0.06171875
0 0.833203125 0.762890625 0.15078125 0.06640625
3 0.55078125 0.823046875 0.1046875 0.06171875
3 0.658984375 0.825390625 0.04609375 0.07578125
3 0.769921875 0.825390625 0.10859375 0.06640625
10 0.64453125 0.865234375 0.1421875 0.06171875
8 0.6578125 0.956640625 0.05 0.04765625
17 0.243359375 0.168359375 0.03359375 0.04296875
3 0.244921875 0.215234375 0.02109375 0.06171875
0 0.24453125 0.266015625 0.1546875 0.06640625
3 0.244921875 0.319921875 0.02109375 0.05234375
0 0.244921875 0.366796875 0.14609375 0.06171875
3 0.441796875 0.37265625 0.25546875 0.0328125
0 0.636328125 0.373828125 0.15078125 0.06640625
3 0.636328125 0.417578125 0.01640625 0.04765625
0 0.24453125 0.455078125 0.1546875 0.06640625
5 0.634375 0.459765625 0.0875 0.09453125
3 0.460546875 0.465625 0.29296875 0.028125
