5 0.609375 0.42734375 0.134375 0.1109375
3 0.5265625 0.4595703125 0.096875 0.072265625
3 0.7109375 0.4591796875 0.115625 0.090234375
1 0.4837890625 0.5125 0.161328125 0.06875
3 0.2193359375 0.512890625 0.032421875 0.30703125
1 0.7689453125 0.528515625 0.156640625 0.06328125
3 0.518359375 0.5810546875 0.11171875 0.102734375
3 0.70859375 0.5921875 0.1109375 0.08125
11 0.6140625 0.6220703125 0.125 0.106640625
4 0.5142578125 0.669140625 0.212890625 0.06328125
4 0.3146484375 0.6685546875 0.213671875 0.055859375
4 0.4171875 0.71875 0.028125 0.034375
4 0.4142578125 0.07265625 0.031640625 0.0515625
1 0.413671875 0.765625 0.22734375 0.06875
4 0.4125 0.8228515625 0.028125 0.055078125
8 0.4119140625 0.88046875 0.092578125 0.0765625
18 0.5068359375 0.97421875 0.829296875 0.0515625
1 0.414453125 0.128125 0.23515625 0.06875
4 0.4166015625 0.178125 0.036328125 0.046875
3 0.5212890625 0.2541015625 0.217578125 0.089453125
3 0.3146484375 0.2541015625 0.213671875 0.089453125
1 0.596875 0.32890625 0.240625 0.0765625
1 0.23359375 0.32890625 0.2359375 0.0765625
17 0.4166015625 0.0361328125 0.045703125 0.037890625
3 0.6154296875 0.378125 0.037109375 0.046875
