5 0.609375 0.42734375 0.134375 0.1109375
3 0.5265625 0.459765625 0.096875 0.07265625
3 0.7109375 0.458984375 0.115625 0.08984375
1 0.483984375 0.5125 0.16171875 0.06875
3 0.219140625 0.51328125 0.03203125 0.3078125
1 0.769140625 0.52890625 0.15703125 0.0640625
3 0.51953125 0.580859375 0.1109375 0.10234375
3 0.70859375 0.5921875 0.1109375 0.08125
11 0.6140625 0.622265625 0.125 0.10703125
4 0.514453125 0.66953125 0.21328125 0.0640625
4 0.314453125 0.668359375 0.21328125 0.05546875
4 0.4171875 0.71875 0.028125 0.034375
4 0.414453125 0.07265625 0.03203125 0.0515625
1 0.41484375 0.765625 0.2265625 0.06875
4 0.4125 0.823046875 0.028125 0.05546875
8 0.412109375 0.88046875 0.09296875 0.0765625
18 0.506640625 0.97421875 0.82890625 0.0515625
1 0.41484375 0.128125 0.2359375 0.06875
4 0.416796875 0.178125 0.03671875 0.046875
3 0.521484375 0.254296875 0.21796875 0.08984375
3 0.314453125 0.254296875 0.21328125 0.08984375
1 0.596875 0.32890625 0.240625 0.0765625
1 0.23359375 0.32890625 0.2359375 0.0765625
17 0.416796875 0.036328125 0.04609375 0.03828125
3 0.615234375 0.378125 0.03671875 0.046875
