18 0.8203125 0.046875 0.128125 0.028125
18 0.503125 0.0486328125 0.115625 0.031640625
18 0.1666015625 0.0486328125 0.230078125 0.031640625
3 0.499609375 0.5138671875 0.01796875 0.093359375
0 0.50234375 0.5943359375 0.1921875 0.088671875
0 0.8267578125 0.5943359375 0.200390625 0.088671875
3 0.6708984375 0.59453125 0.154296875 0.0234375
3 0.7201171875 0.696875 0.252734375 0.14375
0 0.5041015625 0.7544921875 0.205078125 0.093359375
3 0.5001953125 0.8291015625 0.025390625 0.083203125
8 0.5046875 0.8982421875 0.06875 0.065234375
17 0.17109375 0.1224609375 0.0515625 0.051171875
3 0.1732421875 0.1783203125 0.021484375 0.059765625
0 0.173828125 0.2357421875 0.19140625 0.083984375
0 0.5 0.2380859375 0.196875 0.088671875
3 0.3353515625 0.2380859375 0.148828125 0.032421875
3 0.5025390625 0.2939453125 0.020703125 0.050390625
0 0.5046875 0.3513671875 0.196875 0.083984375
0 0.173828125 0.3513671875 0.19140625 0.083984375
3 0.33984375 0.3537109375 0.1578125 0.032421875
3 0.2841796875 0.43984375 0.252734375 0.1015625
0 0.4974609375 0.4470703125 0.201171875 0.087890625
