18 0.8203125 0.046875 0.128125 0.028125
18 0.503125 0.048828125 0.115625 0.03203125
18 0.166796875 0.048828125 0.23046875 0.03203125
3 0.50078125 0.513671875 0.0171875 0.09296875
0 0.50234375 0.594140625 0.1921875 0.08828125
0 0.826953125 0.594140625 0.20078125 0.08828125
3 0.670703125 0.59453125 0.15390625 0.0234375
3 0.719921875 0.696875 0.25234375 0.14375
0 0.504296875 0.754296875 0.20546875 0.09296875
3 0.500390625 0.829296875 0.02578125 0.08359375
8 0.5046875 0.898046875 0.06875 0.06484375
17 0.17109375 0.122265625 0.0515625 0.05078125
3 0.173046875 0.178515625 0.02109375 0.06015625
0 0.17421875 0.235546875 0.1921875 0.08359375
0 0.5 0.237890625 0.196875 0.08828125
3 0.335546875 0.237890625 0.14921875 0.03203125
3 0.502734375 0.294140625 0.02109375 0.05078125
0 0.5046875 0.351171875 0.196875 0.08359375
0 0.17421875 0.351171875 0.1921875 0.08359375
3 0.33984375 0.353515625 0.1578125 0.03203125
3 0.283984375 0.43984375 0.25234375 0.1015625
0 0.497265625 0.447265625 0.20078125 0.08828125
