3 0.65859375 0.58828125 0.0203125 0.1140625
0 0.65703125 0.68359375 0.1390625 0.0984375
3 0.65703125 0.75859375 0.0234375 0.0828125
8 0.65625 0.82265625 0.046875 0.0578125
18 0.31875 0.1265625 0.5375 0.046875
0 0.659375 0.32734375 0.128125 0.0984375
3 0.659375 0.4109375 0.028125 0.0875
5 0.659375 0.48984375 0.096875 0.1140625
3 0.60625 0.490625 0.046875 0.03125
17 0.234375 0.490625 0.05 0.071875
3 0.4484375 0.49296875 0.046875 0.0265625
0 0.52890625 0.4921875 0.1234375 0.0875
0 0.3703125 0.49296875 0.13125 0.0984375
3 0.28359375 0.4953125 0.0578125 0.03125
