3 0.65859375 0.587890625 0.0203125 0.11328125
0 0.656640625 0.683203125 0.13828125 0.09765625
3 0.655859375 0.757421875 0.02421875 0.08359375
8 0.65625 0.822265625 0.046875 0.05703125
18 0.31875 0.1265625 0.5375 0.046875
0 0.659375 0.32734375 0.128125 0.0984375
3 0.659375 0.4109375 0.028125 0.0875
5 0.659375 0.48984375 0.096875 0.1140625
3 0.60625 0.490625 0.046875 0.03125
17 0.234375 0.490625 0.05 0.071875
3 0.4484375 0.491796875 0.046875 0.02734375
0 0.52890625 0.4921875 0.1234375 0.0875
0 0.3703125 0.492578125 0.13125 0.09765625
3 0.28359375 0.4953125 0.0578125 0.03125
