3 0.7392578125 0.4251953125 0.059765625 0.153515625
3 0.2671875 0.4248046875 0.05 0.162109375
0 0.7416015625 0.5421875 0.386328125 0.103125
0 0.24375 0.5453125 0.396875 0.103125
3 0.735546875 0.6462890625 0.04609375 0.130078125
3 0.263671875 0.6501953125 0.04609375 0.122265625
10 0.4923828125 0.7115234375 0.712890625 0.079296875
3 0.5044921875 0.790625 0.055859375 0.134375
0 0.5103515625 0.89921875 0.386328125 0.0984375
0 0.5201171875 0.146875 0.387109375 0.103125
3 0.519921875 0.25703125 0.04609375 0.1421875
9 0.5046875 0.3296875 0.71875 0.090625
