3 0.7453125 0.4640625 0.171875 0.1625
1 0.1921875 0.48828125 0.225 0.0984375
18 0.52109375 0.05859375 0.2484375 0.0390625
18 0.83046875 0.05859375 0.2109375 0.0390625
1 0.8140625 0.5921875 0.225 0.103125
18 0.1875 0.06015625 0.225 0.0421875
3 0.33515625 0.634375 0.3234375 0.2125
3 0.66328125 0.6890625 0.3359375 0.103125
10 0.5 0.7421875 0.13125 0.046875
3 0.5 0.76484375 0.0375 0.0296875
1 0.503125 0.8 0.153125 0.059375
3 0.5 0.84140625 0.0375 0.0296875
17 0.50703125 0.08828125 0.0328125 0.0203125
1 0.50703125 0.13828125 0.1921875 0.0734375
9 0.52109375 0.19609375 0.1734375 0.0421875
3 0.3375 0.24296875 0.328125 0.0859375
3 0.55625 0.28046875 0.0375 0.1703125
1 0.18984375 0.3296875 0.2296875 0.10625
1 0.55859375 0.409375 0.2203125 0.09375
3 0.19453125 0.40859375 0.0421875 0.0765625
