3 0.745703125 0.463671875 0.17265625 0.16171875
1 0.191796875 0.487890625 0.22421875 0.09765625
18 0.520703125 0.058203125 0.24765625 0.03828125
18 0.830078125 0.058203125 0.21015625 0.03828125
1 0.813671875 0.591796875 0.22421875 0.10234375
18 0.187109375 0.06015625 0.22421875 0.0421875
3 0.334765625 0.634375 0.32265625 0.2125
3 0.663671875 0.688671875 0.33671875 0.10234375
10 0.499609375 0.7421875 0.13046875 0.046875
3 0.5 0.76484375 0.0375 0.0296875
1 0.501953125 0.8 0.15390625 0.059375
3 0.5 0.84140625 0.0375 0.0296875
17 0.50703125 0.087109375 0.0328125 0.02109375
1 0.506640625 0.137890625 0.19140625 0.07265625
9 0.520703125 0.19609375 0.17265625 0.0421875
3 0.337109375 0.242578125 0.32734375 0.08515625
3 0.55625 0.28046875 0.0375 0.1703125
1 0.189453125 0.3296875 0.22890625 0.10625
1 0.558203125 0.409375 0.21953125 0.09375
3 0.19453125 0.40859375 0.0421875 0.0765625
