3 0.7455078125 0.4638671875 0.172265625 0.162109375
1 0.1916015625 0.4876953125 0.223828125 0.097265625
18 0.5208984375 0.0580078125 0.248046875 0.037890625
18 0.8298828125 0.0580078125 0.209765625 0.037890625
1 0.8134765625 0.5916015625 0.223828125 0.101953125
18 0.1869140625 0.058984375 0.223828125 0.04296875
3 0.3345703125 0.634375 0.322265625 0.2125
3 0.6634765625 0.6888671875 0.336328125 0.102734375
10 0.4998046875 0.7421875 0.130859375 0.046875
3 0.5 0.764453125 0.0375 0.02890625
1 0.5021484375 0.8 0.154296875 0.059375
3 0.5 0.840234375 0.0375 0.03046875
17 0.50703125 0.0873046875 0.0328125 0.021484375
1 0.5068359375 0.1380859375 0.191796875 0.073046875
9 0.5208984375 0.19609375 0.173046875 0.0421875
3 0.3369140625 0.2423828125 0.326953125 0.084765625
3 0.55625 0.28046875 0.0375 0.1703125
1 0.1892578125 0.3296875 0.228515625 0.10625
1 0.5583984375 0.409375 0.219921875 0.09375
3 0.193359375 0.40859375 0.04296875 0.0765625
