3 0.39296875 0.67265625 0.0203125 0.0953125
1 0.3880859375 0.7796875 0.116796875 0.11875
3 0.4703125 0.783203125 0.053125 0.02890625
7 0.5134765625 0.7830078125 0.033203125 0.053515625
7 0.4384765625 0.253125 0.042578125 0.065625
17 0.29375 0.253125 0.046875 0.065625
8 0.3640625 0.25859375 0.046875 0.0890625
1 0.5662109375 0.5689453125 0.107421875 0.112890625
3 0.6421875 0.568359375 0.05 0.03046875
8 0.6890625 0.569140625 0.05 0.08828125
3 0.478515625 0.57109375 0.07578125 0.0359375
17 0.25703125 0.5740234375 0.0265625 0.054296875
3 0.298046875 0.57734375 0.07109375 0.0359375
1 0.3880859375 0.58125 0.116796875 0.125
