3 0.39296875 0.67265625 0.0203125 0.0953125
1 0.387890625 0.7796875 0.11640625 0.11875
3 0.4703125 0.78359375 0.053125 0.0296875
7 0.513671875 0.783203125 0.03359375 0.05390625
7 0.438671875 0.253125 0.04296875 0.065625
17 0.29375 0.253125 0.046875 0.065625
8 0.3640625 0.25859375 0.046875 0.0890625
1 0.566015625 0.569140625 0.10703125 0.11328125
3 0.6421875 0.56953125 0.05 0.0296875
8 0.6890625 0.56953125 0.05 0.0890625
3 0.47890625 0.57109375 0.0765625 0.0359375
17 0.25703125 0.573828125 0.0265625 0.05390625
3 0.29921875 0.57734375 0.0703125 0.0359375
1 0.387890625 0.58125 0.11640625 0.125
