3 0.39296875 0.67265625 0.0203125 0.0953125
1 0.38828125 0.7796875 0.1171875 0.11875
3 0.4703125 0.783203125 0.053125 0.02890625
7 0.5140625 0.783203125 0.034375 0.05390625
7 0.4390625 0.253125 0.04375 0.065625
17 0.29375 0.253125 0.046875 0.065625
8 0.3640625 0.25859375 0.046875 0.0890625
1 0.56640625 0.569140625 0.1078125 0.11328125
3 0.6421875 0.568359375 0.05 0.03046875
8 0.6890625 0.569140625 0.05 0.08828125
3 0.478515625 0.57109375 0.07578125 0.0359375
17 0.25703125 0.57421875 0.0265625 0.0546875
3 0.298046875 0.57734375 0.07109375 0.0359375
1 0.38828125 0.58125 0.1171875 0.125
