3 0.4671875 0.440625 0.1875 0.090625
3 0.6234375 0.4421875 0.078125 0.103125
18 0.74609375 0.0484375 0.1984375 0.0375
18 0.25859375 0.04921875 0.1015625 0.0328125
0 0.26875 0.503125 0.25625 0.10625
3 0.26640625 0.57578125 0.0390625 0.0578125
3 0.65546875 0.6203125 0.1296875 0.153125
0 0.2734375 0.6484375 0.265625 0.103125
8 0.74921875 0.65234375 0.0671875 0.0453125
3 0.46484375 0.68203125 0.1546875 0.0453125
10 0.58984375 0.69375 0.1640625 0.053125
3 0.65 0.73359375 0.121875 0.0578125
3 0.26875 0.74296875 0.04375 0.1203125
0 0.76796875 0.80234375 0.3765625 0.0984375
8 0.2640625 0.82109375 0.071875 0.0453125
3 0.765625 0.88046875 0.034375 0.0828125
8 0.76328125 0.9390625 0.0671875 0.05
17 0.7375 0.1046875 0.0625 0.053125
3 0.73984375 0.18203125 0.0390625 0.1078125
0 0.73671875 0.27578125 0.3140625 0.0984375
3 0.62890625 0.35 0.0671875 0.065625
9 0.59921875 0.3890625 0.1359375 0.053125
