3 0.4662109375 0.440625 0.188671875 0.090625
3 0.6232421875 0.4421875 0.077734375 0.103125
18 0.74609375 0.0478515625 0.1984375 0.036328125
18 0.25859375 0.04921875 0.1015625 0.0328125
0 0.26875 0.5021484375 0.25625 0.107421875
3 0.2658203125 0.57578125 0.037890625 0.0578125
3 0.6544921875 0.6197265625 0.130859375 0.151953125
0 0.2734375 0.6484375 0.265625 0.103125
8 0.7482421875 0.65234375 0.068359375 0.0453125
3 0.464453125 0.681640625 0.15390625 0.04453125
10 0.588671875 0.69375 0.16484375 0.053125
3 0.6498046875 0.732421875 0.121484375 0.05859375
3 0.26875 0.7427734375 0.04375 0.119921875
0 0.76796875 0.80234375 0.3765625 0.0984375
8 0.2630859375 0.82109375 0.073046875 0.0453125
3 0.7654296875 0.8802734375 0.033984375 0.082421875
8 0.7634765625 0.9384765625 0.067578125 0.048828125
17 0.7375 0.1046875 0.0625 0.053125
3 0.7392578125 0.1814453125 0.037890625 0.106640625
0 0.73671875 0.27578125 0.3140625 0.0984375
3 0.6279296875 0.35 0.068359375 0.065625
9 0.5990234375 0.3890625 0.135546875 0.053125
