3 0.8669921875 0.4814453125 0.043359375 0.166015625
0 0.8671875 0.629296875 0.240625 0.13984375
3 0.866796875 0.7484375 0.05234375 0.125
0 0.86484375 0.0859375 0.2359375 0.14375
8 0.865625 0.8443359375 0.08125 0.079296875
3 0.865625 0.2109375 0.046875 0.134375
3 0.7681640625 0.3361328125 0.076953125 0.050390625
0 0.615234375 0.33828125 0.23671875 0.1390625
3 0.1484375 0.3384765625 0.115625 0.045703125
3 0.46796875 0.3408203125 0.0859375 0.050390625
17 0.06015625 0.3408203125 0.0859375 0.087890625
5 0.859375 0.3404296875 0.171875 0.162109375
0 0.3140625 0.340625 0.240625 0.14375
