3 0.866796875 0.481640625 0.04296875 0.16640625
0 0.8671875 0.63046875 0.240625 0.1390625
3 0.86796875 0.7484375 0.0515625 0.125
0 0.86484375 0.0859375 0.2359375 0.14375
8 0.865625 0.844140625 0.08125 0.07890625
3 0.865625 0.2109375 0.046875 0.134375
3 0.768359375 0.336328125 0.07734375 0.05078125
0 0.61640625 0.33828125 0.2359375 0.1390625
3 0.1484375 0.338671875 0.115625 0.04609375
3 0.46796875 0.341015625 0.0859375 0.05078125
17 0.06015625 0.341015625 0.0859375 0.08828125
5 0.859375 0.340234375 0.171875 0.16171875
0 0.3140625 0.340625 0.240625 0.14375
