10 0.45 0.3734375 0.746875 0.071875
3 0.45546875 0.42109375 0.0609375 0.0609375
5 0.453125 0.48203125 0.1875 0.1328125
0 0.83203125 0.4890625 0.3359375 0.11875
3 0.60859375 0.49296875 0.1328125 0.0328125
3 0.46171875 0.559375 0.0609375 0.071875
9 0.4640625 0.5984375 0.7625 0.078125
3 0.75703125 0.6390625 0.0546875 0.065625
3 0.16953125 0.6390625 0.0609375 0.065625
0 0.16875 0.71484375 0.3375 0.1109375
0 0.75390625 0.71796875 0.3484375 0.1140625
3 0.75390625 0.80078125 0.0609375 0.0828125
3 0.16328125 0.80390625 0.0609375 0.0859375
3 0.45859375 0.08359375 0.0671875 0.0796875
10 0.45859375 0.84375 0.7296875 0.075
3 0.459375 0.8890625 0.078125 0.065625
18 0.64609375 0.95390625 0.0984375 0.0359375
8 0.4609375 0.9625 0.128125 0.075
9 0.45625 0.12421875 0.746875 0.0828125
3 0.165625 0.16875 0.05625 0.071875
3 0.7515625 0.1703125 0.05625 0.075
17 0.4609375 0.0265625 0.09375 0.053125
0 0.75390625 0.2609375 0.3484375 0.125
0 0.16875 0.2609375 0.3375 0.125
3 0.7546875 0.346875 0.071875 0.06875
3 0.1640625 0.346875 0.071875 0.06875
