10 0.4498046875 0.3734375 0.746484375 0.071875
3 0.45546875 0.42109375 0.0609375 0.0609375
5 0.453125 0.48203125 0.1875 0.1328125
0 0.8310546875 0.4888671875 0.337109375 0.118359375
3 0.607421875 0.4927734375 0.13359375 0.032421875
3 0.461328125 0.559375 0.06015625 0.071875
9 0.4640625 0.5986328125 0.7625 0.078515625
3 0.7572265625 0.6384765625 0.055078125 0.064453125
3 0.168359375 0.6384765625 0.06171875 0.064453125
0 0.1685546875 0.71484375 0.337109375 0.1109375
0 0.75390625 0.7169921875 0.3484375 0.115234375
3 0.75390625 0.80078125 0.0609375 0.0828125
3 0.16328125 0.802734375 0.0609375 0.08671875
3 0.4583984375 0.0830078125 0.066796875 0.078515625
10 0.4583984375 0.84375 0.729296875 0.075
3 0.4587890625 0.8888671875 0.076953125 0.065234375
18 0.6462890625 0.952734375 0.098828125 0.03671875
8 0.4607421875 0.9625 0.127734375 0.075
9 0.4556640625 0.123046875 0.745703125 0.08359375
3 0.1654296875 0.16875 0.055859375 0.071875
3 0.7513671875 0.1703125 0.055859375 0.075
17 0.4609375 0.0265625 0.09375 0.053125
0 0.75390625 0.2599609375 0.3484375 0.126171875
0 0.1685546875 0.2599609375 0.337109375 0.126171875
3 0.7546875 0.3462890625 0.071875 0.067578125
3 0.1640625 0.3462890625 0.071875 0.067578125
