3 0.122265625 0.578125 0.05703125 0.03125
1 0.18359375 0.5796875 0.1046875 0.078125
1 0.065625 0.582421875 0.09375 0.08359375
1 0.57734375 0.5875 0.0890625 0.071875
3 0.5 0.60078125 0.08125 0.0671875
3 0.6484375 0.603125 0.078125 0.0625
3 0.1875 0.6390625 0.0125 0.09375
3 0.42890625 0.65703125 0.0546875 0.0265625
1 0.4875 0.6578125 0.1 0.078125
3 0.721484375 0.65703125 0.05546875 0.0265625
1 0.6609375 0.6609375 0.1 0.071875
12 0.9078125 0.06953125 0.078125 0.0984375
1 0.8984375 0.691015625 0.096875 0.08203125
1 0.184375 0.690625 0.065625 0.103125
3 0.780078125 0.69609375 0.05390625 0.0203125
3 0.228125 0.696875 0.078125 0.03125
1 0.309375 0.69609375 0.1 0.0828125
3 0.376953125 0.698046875 0.04140625 0.02734375
11 0.815625 0.7015625 0.0625 0.09375
9 0.401953125 0.7046875 0.05390625 0.2125
10 0.746875 0.706640625 0.05 0.19453125
3 0.910546875 0.7484375 0.03984375 0.0625
3 0.424609375 0.75 0.05546875 0.015625
1 0.4953125 0.75 0.1 0.078125
3 0.640234375 0.75546875 0.21796875 0.0265625
3 0.812890625 0.769921875 0.01953125 0.13984375
8 0.934765625 0.784375 0.03828125 0.0625
3 0.19296875 0.784375 0.0234375 0.134375
3 0.501953125 0.8296875 0.64765625 0.03125
18 0.9078125 0.16484375 0.13125 0.0921875
3 0.421875 0.177734375 0.71875 0.06796875
3 0.28984375 0.285546875 0.4796875 0.05859375
17 0.147265625 0.44296875 0.13828125 0.0421875
17 0.11875 0.483984375 0.028125 0.04296875
3 0.16796875 0.51015625 0.0734375 0.0828125
