3 0.12265625 0.578125 0.0578125 0.03125
1 0.18359375 0.5796875 0.1046875 0.078125
1 0.065625 0.58359375 0.09375 0.0828125
1 0.57734375 0.5875 0.0890625 0.071875
3 0.5 0.60078125 0.08125 0.0671875
3 0.6484375 0.603125 0.078125 0.0625
3 0.1875 0.6390625 0.0125 0.09375
3 0.42890625 0.65703125 0.0546875 0.0265625
1 0.4875 0.6578125 0.1 0.078125
3 0.72265625 0.65703125 0.0546875 0.0265625
1 0.6609375 0.6609375 0.1 0.071875
12 0.9078125 0.06953125 0.078125 0.0984375
1 0.8984375 0.69140625 0.096875 0.0828125
1 0.184375 0.690625 0.065625 0.103125
3 0.78046875 0.69609375 0.0546875 0.0203125
3 0.228125 0.696875 0.078125 0.03125
1 0.309375 0.69609375 0.1 0.0828125
3 0.37734375 0.69921875 0.0421875 0.0265625
11 0.815625 0.7015625 0.0625 0.09375
9 0.40234375 0.7046875 0.0546875 0.2125
10 0.746875 0.70703125 0.05 0.1953125
3 0.91171875 0.7484375 0.0390625 0.0625
3 0.42578125 0.75 0.0546875 0.015625
1 0.4953125 0.75 0.1 0.078125
3 0.64140625 0.75546875 0.2171875 0.0265625
3 0.81328125 0.77109375 0.0203125 0.1390625
8 0.93515625 0.784375 0.0390625 0.0625
3 0.19296875 0.784375 0.0234375 0.134375
3 0.50234375 0.8296875 0.6484375 0.03125
18 0.9078125 0.16484375 0.13125 0.0921875
3 0.421875 0.17890625 0.71875 0.0671875
3 0.28984375 0.28671875 0.4796875 0.0578125
17 0.14765625 0.44296875 0.1390625 0.0421875
17 0.11875 0.48515625 0.028125 0.0421875
3 0.16796875 0.51015625 0.0734375 0.0828125
