3 0.122265625 0.578125 0.05703125 0.03125
1 0.1833984375 0.5794921875 0.104296875 0.077734375
1 0.0654296875 0.582421875 0.093359375 0.08359375
1 0.57734375 0.5875 0.0890625 0.071875
3 0.5 0.60078125 0.08125 0.0671875
3 0.6482421875 0.6029296875 0.077734375 0.062109375
3 0.1873046875 0.6388671875 0.012109375 0.093359375
3 0.4287109375 0.6568359375 0.054296875 0.026171875
1 0.4875 0.6572265625 0.1 0.076953125
3 0.7220703125 0.6568359375 0.053515625 0.026171875
1 0.6609375 0.6609375 0.1 0.071875
12 0.9072265625 0.0693359375 0.076953125 0.098046875
1 0.8984375 0.691015625 0.096875 0.08203125
1 0.184375 0.690625 0.065625 0.103125
3 0.7798828125 0.69609375 0.053515625 0.0203125
3 0.2279296875 0.696875 0.077734375 0.03125
1 0.309375 0.69609375 0.1 0.0828125
3 0.376953125 0.6986328125 0.04140625 0.025390625
11 0.8150390625 0.7009765625 0.061328125 0.092578125
9 0.4017578125 0.7041015625 0.053515625 0.211328125
10 0.746875 0.7060546875 0.05 0.196484375
3 0.9111328125 0.7478515625 0.037890625 0.061328125
3 0.4251953125 0.75 0.053515625 0.015625
1 0.4953125 0.7498046875 0.1 0.077734375
3 0.6408203125 0.7552734375 0.216015625 0.026171875
3 0.8126953125 0.769921875 0.019140625 0.13984375
8 0.9345703125 0.7837890625 0.037890625 0.061328125
3 0.19296875 0.784375 0.0234375 0.134375
3 0.501953125 0.8296875 0.64765625 0.03125
18 0.9078125 0.1650390625 0.13125 0.092578125
3 0.4212890625 0.177734375 0.717578125 0.06796875
3 0.2896484375 0.2861328125 0.479296875 0.056640625
17 0.147265625 0.4427734375 0.13828125 0.041796875
17 0.1181640625 0.4845703125 0.026953125 0.041015625
3 0.16796875 0.51015625 0.0734375 0.0828125
