0 0.852734375 0.5765625 0.28671875 0.11875
0 0.15 0.58125 0.28125 0.11875
3 0.340625 0.6701171875 0.159375 0.099609375
3 0.6728515625 0.675 0.117578125 0.11875
0 0.5125 0.75859375 0.24375 0.1234375
3 0.512109375 0.872265625 0.04296875 0.13203125
8 0.5146484375 0.9650390625 0.063671875 0.051953125
3 0.5123046875 0.1171875 0.033984375 0.109375
0 0.5150390625 0.2203125 0.239453125 0.109375
3 0.515625 0.3009765625 0.0375 0.070703125
5 0.509375 0.35546875 0.134375 0.1328125
17 0.5146484375 0.0380859375 0.063671875 0.066796875
3 0.6404296875 0.4474609375 0.180859375 0.185546875
3 0.371875 0.4498046875 0.20625 0.180859375
