0 0.19765625 0.34609375 0.3953125 0.0953125
3 0.19765625 0.40859375 0.0484375 0.0703125
9 0.2046875 0.45 0.384375 0.053125
3 0.54765625 0.51015625 0.3890625 0.0984375
3 0.20703125 0.5125 0.0546875 0.103125
0 0.20625 0.59453125 0.4125 0.0890625
0 0.73671875 0.59609375 0.4078125 0.0859375
3 0.20390625 0.65859375 0.0484375 0.0671875
3 0.5515625 0.67109375 0.359375 0.0890625
10 0.21953125 0.6984375 0.4015625 0.059375
3 0.20078125 0.7328125 0.0421875 0.046875
0 0.20078125 0.79453125 0.4015625 0.0859375
17 0.20078125 0.084375 0.1015625 0.05625
3 0.20390625 0.86171875 0.0609375 0.0734375
8 0.19765625 0.92265625 0.1328125 0.0703125
3 0.19140625 0.1375 0.0484375 0.06875
18 0.18359375 0.01796875 0.1734375 0.0296875
18 0.71171875 0.01953125 0.3359375 0.0390625
0 0.19453125 0.20078125 0.3890625 0.0890625
3 0.1984375 0.26953125 0.071875 0.0703125
