3 0.265625 0.571875 0.196875 0.103125
3 0.5625 0.608203125 0.096875 0.04140625
0 0.434765625 0.6109375 0.16640625 0.11875
5 0.650390625 0.610546875 0.13515625 0.14921875
3 0.65234375 0.70078125 0.0234375 0.0828125
0 0.650390625 0.787890625 0.16640625 0.11328125
18 0.4421875 0.126953125 0.721875 0.05703125
17 0.169140625 0.223828125 0.05390625 0.05703125
3 0.16953125 0.269921875 0.0234375 0.04609375
0 0.426953125 0.332421875 0.16640625 0.10859375
3 0.29765625 0.332421875 0.1078125 0.04609375
0 0.167578125 0.337109375 0.16640625 0.10859375
3 0.418359375 0.399609375 0.02734375 0.04609375
0 0.430078125 0.466796875 0.16640625 0.10859375
3 0.298828125 0.46640625 0.10390625 0.0359375
0 0.178125 0.476171875 0.1625 0.10859375
3 0.584765625 0.502734375 0.16640625 0.10859375
