3 0.265625 0.571875 0.196875 0.103125
3 0.5625 0.6083984375 0.096875 0.041796875
0 0.4345703125 0.6109375 0.166015625 0.11875
5 0.6505859375 0.6107421875 0.135546875 0.149609375
3 0.65234375 0.70078125 0.0234375 0.0828125
0 0.6505859375 0.7880859375 0.166796875 0.113671875
18 0.4421875 0.1267578125 0.721875 0.056640625
17 0.1693359375 0.2240234375 0.054296875 0.057421875
3 0.16953125 0.2701171875 0.0234375 0.046484375
0 0.4267578125 0.3326171875 0.166015625 0.108984375
3 0.29765625 0.3326171875 0.1078125 0.046484375
0 0.1677734375 0.3373046875 0.166796875 0.108984375
3 0.4185546875 0.3994140625 0.027734375 0.045703125
0 0.4302734375 0.4666015625 0.166796875 0.108203125
3 0.2990234375 0.46640625 0.104296875 0.0359375
0 0.178125 0.4763671875 0.1625 0.108984375
3 0.5849609375 0.5025390625 0.166796875 0.108203125
