3 0.265625 0.571875 0.196875 0.103125
3 0.5625 0.60859375 0.096875 0.0421875
0 0.43515625 0.6109375 0.1671875 0.11875
5 0.65078125 0.6109375 0.1359375 0.15
3 0.65234375 0.70078125 0.0234375 0.0828125
0 0.65078125 0.78828125 0.1671875 0.1140625
18 0.4421875 0.1265625 0.721875 0.05625
17 0.16953125 0.22421875 0.0546875 0.0578125
3 0.16953125 0.2703125 0.0234375 0.046875
0 0.42734375 0.3328125 0.1671875 0.109375
3 0.29765625 0.3328125 0.1078125 0.046875
0 0.16796875 0.3375 0.1671875 0.109375
3 0.41875 0.4 0.028125 0.046875
0 0.43046875 0.4671875 0.1671875 0.109375
3 0.3 0.46640625 0.103125 0.0359375
0 0.178125 0.4765625 0.1625 0.109375
3 0.58515625 0.503125 0.1671875 0.109375
