0 0.483203125 0.4171875 0.25390625 0.1
0 0.8078125 0.4171875 0.259375 0.1
0 0.11796875 0.41953125 0.2359375 0.0953125
3 0.2984375 0.4234375 0.134375 0.0375
3 0.8109375 0.49375 0.053125 0.078125
0 0.8078125 0.575 0.25 0.1
3 0.46640625 0.621875 0.0390625 0.334375
3 0.8109375 0.6515625 0.04375 0.078125
9 0.802734375 0.696875 0.17421875 0.078125
3 0.64453125 0.0765625 0.0484375 0.078125
3 0.6421875 0.75390625 0.3125 0.0703125
10 0.491015625 0.7953125 0.18203125 0.078125
3 0.826171875 0.814453125 0.03984375 0.19765625
3 0.48046875 0.86875 0.0296875 0.1
0 0.48046875 0.9546875 0.2703125 0.090625
0 0.8125 0.9546875 0.259375 0.090625
0 0.647265625 0.159765625 0.20703125 0.09453125
17 0.64921875 0.0203125 0.0671875 0.040625
3 0.64921875 0.234375 0.0484375 0.078125
9 0.639453125 0.2734375 0.19140625 0.075
3 0.5453125 0.3390625 0.1875 0.075
3 0.740234375 0.3390625 0.17421875 0.075
