5 0.567578125 0.48203125 0.20703125 0.2109375
3 0.727734375 0.48671875 0.13046875 0.0421875
0 0.891796875 0.48671875 0.21484375 0.0890625
2 0.2296875 0.0515625 0.459375 0.103125
3 0.577734375 0.6015625 0.03359375 0.084375
0 0.573828125 0.6765625 0.30390625 0.084375
3 0.57421875 0.74921875 0.0421875 0.0796875
0 0.572265625 0.82421875 0.29140625 0.0890625
3 0.57421875 0.89921875 0.0421875 0.0796875
2 0.84375 0.9484375 0.3125 0.103125
8 0.57578125 0.96484375 0.0546875 0.0609375
3 0.575390625 0.16171875 0.03828125 0.1828125
0 0.575 0.28984375 0.3625 0.0796875
3 0.8296875 0.36015625 0.15625 0.1734375
3 0.57578125 0.37890625 0.0296875 0.1078125
17 0.57421875 0.04453125 0.0671875 0.0703125
