5 0.5673828125 0.480859375 0.206640625 0.21171875
3 0.7279296875 0.486328125 0.130859375 0.04140625
0 0.8919921875 0.485546875 0.215234375 0.08984375
2 0.2296875 0.0515625 0.459375 0.103125
3 0.5779296875 0.6015625 0.033984375 0.084375
0 0.5740234375 0.6765625 0.304296875 0.084375
3 0.57421875 0.748828125 0.0421875 0.07890625
0 0.5720703125 0.82421875 0.291015625 0.0890625
3 0.57421875 0.89921875 0.0421875 0.0796875
2 0.84375 0.9484375 0.3125 0.103125
8 0.57578125 0.96484375 0.0546875 0.0609375
3 0.5755859375 0.16171875 0.038671875 0.1828125
0 0.575 0.289453125 0.3625 0.07890625
3 0.8296875 0.358984375 0.15625 0.17421875
3 0.57578125 0.378515625 0.0296875 0.10703125
17 0.57421875 0.04453125 0.0671875 0.0703125
