3 0.715234375 0.4328125 0.04609375 0.078125
0 0.70859375 0.523046875 0.2984375 0.12109375
3 0.717578125 0.6171875 0.04140625 0.090625
5 0.70703125 0.712109375 0.2109375 0.17734375
3 0.500390625 0.74453125 0.26640625 0.0609375
0 0.2109375 0.769921875 0.303125 0.12109375
3 0.719921875 0.82265625 0.03671875 0.0953125
3 0.523046875 0.853515625 0.32109375 0.10390625
8 0.71640625 0.905078125 0.0640625 0.06953125
17 0.228125 0.162109375 0.059375 0.06484375
3 0.224609375 0.237890625 0.04609375 0.10390625
0 0.222265625 0.344140625 0.31640625 0.12578125
3 0.468359375 0.351171875 0.18359375 0.04296875
0 0.712890625 0.351171875 0.31640625 0.12109375
