3 0.715625 0.4328125 0.046875 0.078125
0 0.70859375 0.5234375 0.2984375 0.121875
3 0.71796875 0.6171875 0.0421875 0.090625
5 0.70703125 0.71328125 0.2109375 0.1765625
3 0.50078125 0.74453125 0.2671875 0.0609375
0 0.2109375 0.7703125 0.303125 0.121875
3 0.72109375 0.82265625 0.0359375 0.0953125
3 0.52265625 0.85390625 0.3203125 0.1046875
8 0.71640625 0.90546875 0.0640625 0.0703125
17 0.228125 0.1625 0.059375 0.065625
3 0.225 0.23828125 0.046875 0.1046875
0 0.22265625 0.34453125 0.3171875 0.1265625
3 0.46875 0.3515625 0.184375 0.04375
0 0.71328125 0.3515625 0.3171875 0.121875
