3 0.7154296875 0.4328125 0.046484375 0.078125
0 0.70859375 0.5232421875 0.2984375 0.121484375
3 0.7177734375 0.6171875 0.041796875 0.090625
5 0.705859375 0.7123046875 0.21171875 0.177734375
3 0.5001953125 0.74453125 0.266015625 0.0609375
0 0.2109375 0.7701171875 0.303125 0.121484375
3 0.7201171875 0.82265625 0.037109375 0.0953125
3 0.5228515625 0.8533203125 0.320703125 0.103515625
8 0.716015625 0.9048828125 0.06328125 0.069140625
17 0.228125 0.1623046875 0.059375 0.065234375
3 0.2248046875 0.2380859375 0.046484375 0.104296875
0 0.2224609375 0.3443359375 0.316796875 0.126171875
3 0.4681640625 0.3509765625 0.183203125 0.042578125
0 0.7130859375 0.3509765625 0.316796875 0.120703125
