0 0.70625 0.49765625 0.43125 0.1578125
0 0.2359375 0.5015625 0.471875 0.15625
3 0.5671875 0.61328125 0.06875 0.0921875
3 0.3609375 0.61328125 0.06875 0.0921875
10 0.46328125 0.64765625 0.4046875 0.1140625
18 0.85078125 0.6796875 0.1796875 0.10625
3 0.49609375 0.72890625 0.0640625 0.1015625
0 0.46171875 0.8765625 0.4453125 0.23125
0 0.50078125 0.125 0.5140625 0.240625
3 0.4984375 0.26796875 0.059375 0.0921875
9 0.44609375 0.3109375 0.3953125 0.10625
18 0.8484375 0.34140625 0.19375 0.1109375
3 0.5671875 0.38671875 0.059375 0.0921875
3 0.3609375 0.38671875 0.059375 0.0921875
