0 0.70625 0.49765625 0.43125 0.1578125
0 0.2359375 0.5015625 0.471875 0.15625
3 0.5671875 0.61328125 0.06875 0.0921875
3 0.3609375 0.61328125 0.06875 0.0921875
10 0.46328125 0.64765625 0.4046875 0.1140625
18 0.85078125 0.6796875 0.1796875 0.10625
3 0.494921875 0.728515625 0.06484375 0.10078125
0 0.460546875 0.8765625 0.44609375 0.23125
0 0.500390625 0.125 0.51328125 0.240625
3 0.4984375 0.267578125 0.059375 0.09140625
9 0.444921875 0.3109375 0.39609375 0.10625
18 0.8484375 0.340234375 0.19375 0.11171875
3 0.5671875 0.38671875 0.059375 0.0921875
3 0.3609375 0.38671875 0.059375 0.0921875
