18 0.2388671875 0.9111328125 0.468359375 0.103515625
0 0.7521484375 0.11875 0.113671875 0.221875
3 0.291015625 0.14453125 0.41328125 0.1109375
3 0.6083984375 0.1517578125 0.185546875 0.125390625
3 0.094140625 0.229296875 0.02578125 0.25234375
9 0.5162109375 0.2513671875 0.091796875 0.133984375
3 0.5119140625 0.3 0.023828125 0.140625
11 0.0859375 0.380859375 0.075 0.23046875
3 0.126953125 0.4109375 0.04765625 0.08125
5 0.4984375 0.4146484375 0.075 0.163671875
3 0.6103515625 0.415625 0.176953125 0.059375
3 0.289453125 0.4189453125 0.06640625 0.066015625
17 0.0349609375 0.4185546875 0.032421875 0.096484375
0 0.7578125 0.418359375 0.115625 0.23046875
3 0.4626953125 0.4216796875 0.069140625 0.074609375
3 0.0630859375 0.4216796875 0.035546875 0.074609375
0 0.3787109375 0.42578125 0.113671875 0.2296875
3 0.85078125 0.4255859375 0.0890625 0.066796875
8 0.915625 0.42578125 0.040625 0.1109375
0 0.2033203125 0.42578125 0.109765625 0.2296875
3 0.6025390625 0.59375 0.198828125 0.28125
0 0.7525390625 0.7046875 0.117578125 0.221875
8 0.915625 0.7046875 0.040625 0.11875
3 0.8515625 0.7107421875 0.09375 0.074609375
