3 0.75625 0.61171875 0.025 0.1140625
1 0.896875 0.6578125 0.125 0.103125
3 0.60234375 0.6609375 0.0234375 0.303125
15 0.14453125 0.671875 0.1359375 0.109375
3 0.234375 0.671875 0.059375 0.028125
11 0.75390625 0.68671875 0.0703125 0.1140625
3 0.40703125 0.075 0.4859375 0.034375
3 0.89375 0.75390625 0.025 0.1484375
3 0.75546875 0.76640625 0.0171875 0.1140625
1 0.36484375 0.8203125 0.1171875 0.096875
15 0.14296875 0.8203125 0.1390625 0.109375
3 0.28828125 0.82265625 0.0421875 0.0234375
11 0.25078125 0.8265625 0.0703125 0.109375
3 0.56796875 0.84296875 0.0390625 0.0296875
11 0.60078125 0.84375 0.0546875 0.13125
1 0.7515625 0.84375 0.121875 0.096875
3 0.84609375 0.846875 0.0734375 0.034375
5 0.89921875 0.846875 0.0703125 0.103125
3 0.9453125 0.86640625 0.0625 0.0859375
3 0.9 0.91796875 0.021875 0.1203125
3 0.603125 0.92578125 0.03125 0.1140625
17 0.428125 0.93203125 0.034375 0.0578125
3 0.74296875 0.965625 0.3265625 0.034375
3 0.17109375 0.10859375 0.0140625 0.0796875
3 0.63828125 0.14921875 0.0171875 0.1953125
17 0.03515625 0.1578125 0.0421875 0.0625
11 0.17109375 0.16015625 0.0703125 0.1140625
5 0.38125 0.16640625 0.065625 0.1140625
1 0.26640625 0.16640625 0.1078125 0.0921875
3 0.2 0.16953125 0.0375 0.0296875
3 0.34375 0.16953125 0.05625 0.0296875
3 0.11796875 0.1921875 0.0703125 0.096875
3 0.4296875 0.19453125 0.059375 0.0921875
11 0.08671875 0.2625 0.0765625 0.103125
1 0.54453125 0.26953125 0.1078125 0.0921875
3 0.6078125 0.26953125 0.034375 0.0234375
3 0.4796875 0.27109375 0.034375 0.0296875
11 0.4484375 0.27421875 0.05625 0.1265625
5 0.6390625 0.27734375 0.05625 0.1203125
3 0.05234375 0.30390625 0.0484375 0.1140625
3 0.70703125 0.30625 0.1078125 0.096875
18 0.09375 0.0375 0.153125 0.040625
3 0.11796875 0.34375 0.0765625 0.103125
3 0.38515625 0.3515625 0.1390625 0.096875
3 0.2015625 0.36953125 0.034375 0.0296875
1 0.26640625 0.37109375 0.1078125 0.0921875
11 0.1671875 0.378125 0.0625 0.103125
1 0.7515625 0.3921875 0.121875 0.096875
3 0.75390625 0.46953125 0.0203125 0.0796875
11 0.75703125 0.53203125 0.0828125 0.1265625
3 0.66484375 0.5375 0.1484375 0.034375
3 0.83359375 0.53984375 0.1390625 0.0390625
2 0.11640625 0.5578125 0.1703125 0.096875
3 0.89453125 0.56328125 0.0171875 0.1203125
