3 0.75625 0.61171875 0.025 0.1140625
1 0.896875 0.6578125 0.125 0.103125
3 0.60234375 0.6609375 0.0234375 0.303125
15 0.143359375 0.671875 0.13671875 0.109375
3 0.234375 0.671875 0.059375 0.028125
11 0.753515625 0.685546875 0.06953125 0.11484375
3 0.405859375 0.075 0.48671875 0.034375
3 0.89375 0.75390625 0.025 0.1484375
3 0.75546875 0.766015625 0.0171875 0.11328125
1 0.36484375 0.8203125 0.1171875 0.096875
15 0.141796875 0.8203125 0.13984375 0.109375
3 0.28828125 0.82265625 0.0421875 0.0234375
11 0.250390625 0.8265625 0.06953125 0.109375
3 0.56796875 0.84296875 0.0390625 0.0296875
11 0.60078125 0.84375 0.0546875 0.13125
1 0.7515625 0.84375 0.121875 0.096875
3 0.845703125 0.846875 0.07265625 0.034375
5 0.89921875 0.846875 0.0703125 0.103125
3 0.9453125 0.865234375 0.0625 0.08671875
3 0.9 0.916796875 0.021875 0.12109375
3 0.603125 0.92578125 0.03125 0.1140625
17 0.428125 0.931640625 0.034375 0.05703125
3 0.74296875 0.965625 0.3265625 0.034375
3 0.169921875 0.10859375 0.01484375 0.0796875
3 0.637109375 0.148046875 0.01796875 0.19609375
17 0.033984375 0.1578125 0.04296875 0.0625
11 0.169921875 0.16015625 0.07109375 0.1140625
5 0.38125 0.166015625 0.065625 0.11328125
1 0.266015625 0.165234375 0.10703125 0.09296875
3 0.2 0.168359375 0.0375 0.03046875
3 0.34375 0.168359375 0.05625 0.03046875
3 0.11796875 0.1921875 0.0703125 0.096875
3 0.4296875 0.19453125 0.059375 0.0921875
11 0.08671875 0.2625 0.0765625 0.103125
1 0.544140625 0.268359375 0.10703125 0.09296875
3 0.6078125 0.268359375 0.034375 0.02421875
3 0.4796875 0.27109375 0.034375 0.0296875
11 0.4484375 0.27421875 0.05625 0.1265625
5 0.6390625 0.27734375 0.05625 0.1203125
3 0.05234375 0.303515625 0.0484375 0.11328125
3 0.706640625 0.30625 0.10703125 0.096875
18 0.09375 0.0375 0.153125 0.040625
3 0.11796875 0.34375 0.0765625 0.103125
3 0.38515625 0.3515625 0.1390625 0.096875
3 0.2015625 0.368359375 0.034375 0.03046875
1 0.266015625 0.37109375 0.10703125 0.0921875
11 0.1671875 0.378125 0.0625 0.103125
1 0.7515625 0.3921875 0.121875 0.096875
3 0.753515625 0.468359375 0.01953125 0.08046875
11 0.75703125 0.531640625 0.0828125 0.12578125
3 0.66484375 0.5375 0.1484375 0.034375
3 0.83359375 0.53984375 0.1390625 0.0390625
2 0.11640625 0.5578125 0.1703125 0.096875
3 0.893359375 0.562890625 0.01796875 0.11953125
