3 0.526953125 0.216796875 0.07265625 0.09296875
8 0.940234375 0.21640625 0.03984375 0.1609375
3 0.29609375 0.2203125 0.1359375 0.084375
3 0.668359375 0.2203125 0.11484375 0.084375
3 0.89765625 0.2203125 0.0515625 0.084375
1 0.428125 0.223828125 0.140625 0.34765625
1 0.797265625 0.223828125 0.14765625 0.34765625
5 0.576953125 0.228515625 0.09140625 0.28828125
3 0.183984375 0.36484375 0.06796875 0.1015625
1 0.080859375 0.36875 0.15234375 0.296875
9 0.212890625 0.380859375 0.06328125 0.59296875
3 0.58671875 0.538671875 0.0234375 0.44921875
3 0.25859375 0.59375 0.0609375 0.084375
5 0.318359375 0.593359375 0.10546875 0.30546875
7 0.4953125 0.59296875 0.0375 0.1359375
3 0.418359375 0.59765625 0.11484375 0.0765625
3 0.080859375 0.665234375 0.02109375 0.33046875
3 0.203515625 0.78046875 0.26328125 0.1015625
18 0.404296875 0.792578125 0.09609375 0.22890625
7 0.583984375 0.826171875 0.03984375 0.12734375
