3 0.52734375 0.2171875 0.0734375 0.09375
8 0.940625 0.21640625 0.040625 0.1609375
3 0.29609375 0.2203125 0.1359375 0.084375
3 0.66875 0.2203125 0.115625 0.084375
3 0.89765625 0.2203125 0.0515625 0.084375
1 0.428125 0.22421875 0.140625 0.3484375
1 0.79765625 0.22421875 0.1484375 0.3484375
5 0.5765625 0.22890625 0.090625 0.2890625
3 0.184375 0.36484375 0.06875 0.1015625
1 0.08125 0.36875 0.153125 0.296875
9 0.21328125 0.38125 0.0640625 0.59375
3 0.58671875 0.5390625 0.0234375 0.45
3 0.25859375 0.59375 0.0609375 0.084375
5 0.31875 0.59296875 0.10625 0.3046875
7 0.4953125 0.59296875 0.0375 0.1359375
3 0.41875 0.59765625 0.115625 0.0765625
3 0.08125 0.66640625 0.021875 0.3296875
3 0.20390625 0.78046875 0.2640625 0.1015625
18 0.4046875 0.79296875 0.096875 0.2296875
7 0.584375 0.8265625 0.040625 0.128125
