3 0.5271484375 0.2166015625 0.073046875 0.092578125
8 0.9400390625 0.21640625 0.039453125 0.1609375
3 0.29609375 0.2203125 0.1359375 0.084375
3 0.6681640625 0.2203125 0.114453125 0.084375
3 0.897265625 0.2203125 0.05078125 0.084375
1 0.428125 0.2240234375 0.140625 0.348046875
1 0.7970703125 0.2240234375 0.147265625 0.348046875
5 0.5767578125 0.2287109375 0.091015625 0.288671875
3 0.1841796875 0.363671875 0.068359375 0.10234375
1 0.0810546875 0.36875 0.152734375 0.296875
9 0.2126953125 0.3810546875 0.062890625 0.593359375
3 0.58671875 0.5384765625 0.0234375 0.448828125
3 0.25859375 0.59375 0.0609375 0.084375
5 0.3181640625 0.5931640625 0.105078125 0.305078125
7 0.4953125 0.59296875 0.0375 0.1359375
3 0.4185546875 0.59765625 0.115234375 0.0765625
3 0.0810546875 0.6654296875 0.021484375 0.330859375
3 0.2037109375 0.779296875 0.263671875 0.10234375
18 0.4044921875 0.7923828125 0.096484375 0.228515625
7 0.5837890625 0.8263671875 0.039453125 0.127734375
