1 0.622265625 0.548828125 0.23203125 0.09765625
3 0.344921875 0.55234375 0.02734375 0.0515625
15 0.35 0.615234375 0.228125 0.10859375
3 0.530859375 0.644140625 0.02734375 0.11328125
3 0.433984375 0.682421875 0.02734375 0.04609375
10 0.462890625 0.712109375 0.18515625 0.06171875
3 0.46015625 0.75234375 0.0234375 0.0515625
15 0.466015625 0.8203125 0.23515625 0.103125
3 0.4625 0.88203125 0.034375 0.0515625
8 0.4625 0.93359375 0.05 0.0515625
18 0.309375 0.1140625 0.509375 0.071875
17 0.484375 0.182421875 0.034375 0.04609375
3 0.483984375 0.218359375 0.02734375 0.04609375
1 0.4890625 0.284375 0.228125 0.103125
3 0.488671875 0.348046875 0.02734375 0.04609375
9 0.49609375 0.38203125 0.2046875 0.0828125
3 0.430859375 0.424609375 0.02734375 0.04609375
3 0.549609375 0.455859375 0.02734375 0.10859375
16 0.34765625 0.487109375 0.2390625 0.10859375
