1 0.6220703125 0.5490234375 0.231640625 0.098046875
3 0.3451171875 0.551171875 0.027734375 0.05234375
15 0.35 0.6154296875 0.228125 0.108984375
3 0.5310546875 0.6443359375 0.027734375 0.113671875
3 0.4341796875 0.6826171875 0.027734375 0.046484375
10 0.4630859375 0.7119140625 0.185546875 0.061328125
3 0.458984375 0.75234375 0.02421875 0.0515625
15 0.4658203125 0.8203125 0.234765625 0.103125
3 0.4625 0.881640625 0.034375 0.05078125
8 0.4625 0.932421875 0.05 0.05234375
18 0.309375 0.1140625 0.509375 0.071875
17 0.484375 0.1826171875 0.034375 0.046484375
3 0.4841796875 0.2185546875 0.027734375 0.046484375
1 0.4890625 0.284375 0.228125 0.103125
3 0.4884765625 0.3478515625 0.026953125 0.045703125
9 0.49609375 0.381640625 0.2046875 0.08203125
3 0.4306640625 0.4248046875 0.026953125 0.046484375
3 0.5498046875 0.4560546875 0.027734375 0.108984375
16 0.34765625 0.4873046875 0.2390625 0.108984375
