1 0.621875 0.54921875 0.23125 0.0984375
3 0.3453125 0.55234375 0.028125 0.0515625
15 0.35 0.615625 0.228125 0.109375
3 0.53125 0.64453125 0.028125 0.1140625
3 0.434375 0.6828125 0.028125 0.046875
10 0.4640625 0.7125 0.184375 0.0625
3 0.46015625 0.75234375 0.0234375 0.0515625
15 0.46640625 0.8203125 0.2359375 0.103125
3 0.4625 0.88203125 0.034375 0.0515625
8 0.4625 0.93359375 0.05 0.0515625
18 0.309375 0.1140625 0.509375 0.071875
17 0.484375 0.1828125 0.034375 0.046875
3 0.484375 0.21875 0.028125 0.046875
1 0.4890625 0.284375 0.228125 0.103125
3 0.4890625 0.3484375 0.028125 0.046875
9 0.49609375 0.38203125 0.2046875 0.0828125
3 0.43125 0.425 0.028125 0.046875
3 0.55 0.45625 0.028125 0.109375
16 0.34765625 0.4875 0.2390625 0.109375
