3 0.39609375 0.640625 0.0234375 0.078125
9 0.396875 0.69140625 0.15625 0.0828125
3 0.43515625 0.75 0.0859375 0.084375
3 0.359375 0.75390625 0.084375 0.0890625
1 0.4703125 0.8484375 0.13125 0.125
1 0.3265625 0.8484375 0.13125 0.125
3 0.46953125 0.93203125 0.0171875 0.0546875
3 0.3265625 0.934375 0.015625 0.059375
17 0.2890625 0.1171875 0.04375 0.078125
3 0.28984375 0.184375 0.0234375 0.084375
1 0.2890625 0.2828125 0.13125 0.125
3 0.19453125 0.31328125 0.0671875 0.1015625
3 0.28984375 0.38203125 0.0171875 0.0953125
1 0.16953125 0.40234375 0.1296875 0.0890625
5 0.28828125 0.43828125 0.0671875 0.1015625
3 0.353125 0.459375 0.096875 0.059375
3 0.16953125 0.45859375 0.0234375 0.0484375
18 0.75625 0.49375 0.375 0.190625
3 0.253125 0.496875 0.04375 0.125
1 0.396875 0.5453125 0.13125 0.1375
1 0.16953125 0.5453125 0.1296875 0.125
