3 0.39609375 0.6400390625 0.0234375 0.076953125
9 0.3958984375 0.6904296875 0.157421875 0.083984375
3 0.4353515625 0.7498046875 0.086328125 0.083984375
3 0.3591796875 0.753515625 0.083984375 0.08828125
1 0.4697265625 0.8484375 0.130078125 0.125
1 0.3259765625 0.8484375 0.130078125 0.125
3 0.4693359375 0.9314453125 0.016796875 0.053515625
3 0.3255859375 0.934375 0.016796875 0.059375
17 0.2890625 0.1166015625 0.04375 0.076953125
3 0.289453125 0.1841796875 0.02265625 0.083984375
1 0.2888671875 0.2828125 0.130859375 0.125
3 0.193359375 0.312890625 0.06796875 0.10078125
3 0.2892578125 0.381640625 0.016015625 0.09453125
1 0.1685546875 0.401171875 0.130859375 0.08984375
5 0.287109375 0.437890625 0.06796875 0.10078125
3 0.353125 0.459375 0.096875 0.059375
3 0.168359375 0.4583984375 0.02421875 0.048046875
18 0.7556640625 0.49375 0.373828125 0.190625
3 0.253125 0.496875 0.04375 0.125
1 0.3962890625 0.5447265625 0.130078125 0.136328125
1 0.1685546875 0.5453125 0.130859375 0.125
