3 0.39609375 0.640234375 0.0234375 0.07734375
9 0.395703125 0.690234375 0.15703125 0.08359375
3 0.435546875 0.749609375 0.08671875 0.08359375
3 0.358984375 0.75390625 0.08359375 0.0890625
1 0.469921875 0.8484375 0.13046875 0.125
1 0.326171875 0.8484375 0.13046875 0.125
3 0.469140625 0.931640625 0.01640625 0.05390625
3 0.325390625 0.934375 0.01640625 0.059375
17 0.2890625 0.116796875 0.04375 0.07734375
3 0.28984375 0.183984375 0.0234375 0.08359375
1 0.288671875 0.2828125 0.13046875 0.125
3 0.19453125 0.31328125 0.0671875 0.1015625
3 0.289453125 0.38203125 0.01640625 0.0953125
1 0.168359375 0.40234375 0.13046875 0.0890625
5 0.28828125 0.43828125 0.0671875 0.1015625
3 0.353125 0.459375 0.096875 0.059375
3 0.16953125 0.458203125 0.0234375 0.04765625
18 0.755859375 0.49375 0.37421875 0.190625
3 0.253125 0.496875 0.04375 0.125
1 0.396484375 0.544921875 0.13046875 0.13671875
1 0.168359375 0.5453125 0.13046875 0.125
