3 0.39609375 0.640625 0.0234375 0.078125
9 0.396875 0.691015625 0.15625 0.08203125
3 0.43515625 0.75 0.0859375 0.084375
3 0.359375 0.753515625 0.084375 0.08828125
1 0.4703125 0.8484375 0.13125 0.125
1 0.3265625 0.8484375 0.13125 0.125
3 0.46953125 0.930859375 0.0171875 0.05546875
3 0.3265625 0.934375 0.015625 0.059375
17 0.2890625 0.1171875 0.04375 0.078125
3 0.289453125 0.184375 0.02265625 0.084375
1 0.2890625 0.2828125 0.13125 0.125
3 0.193359375 0.312890625 0.06796875 0.10078125
3 0.289453125 0.381640625 0.01640625 0.09453125
1 0.168359375 0.401171875 0.13046875 0.08984375
5 0.287109375 0.437890625 0.06796875 0.10078125
3 0.353125 0.459375 0.096875 0.059375
3 0.168359375 0.45859375 0.02421875 0.0484375
18 0.75625 0.49375 0.375 0.190625
3 0.253125 0.496875 0.04375 0.125
1 0.396875 0.5453125 0.13125 0.1375
1 0.168359375 0.5453125 0.13046875 0.125
