18 0.49765625 0.115625 0.1765625 0.096875
18 0.051953125 0.19765625 0.06640625 0.0828125
1 0.2078125 0.321875 0.14375 0.225
3 0.3125 0.325390625 0.078125 0.08203125
1 0.41484375 0.324609375 0.1390625 0.21796875
17 0.059375 0.325390625 0.053125 0.12578125
1 0.75625 0.33203125 0.1375 0.2171875
3 0.11328125 0.33203125 0.0671875 0.0671875
3 0.86328125 0.3359375 0.0828125 0.075
8 0.926171875 0.3359375 0.04609375 0.134375
3 0.52890625 0.4703125 0.1015625 0.34375
3 0.6484375 0.4703125 0.0875 0.328125
18 0.078125 0.55625 0.1125 0.096875
1 0.596875 0.73125 0.1375 0.19375
