18 0.4974609375 0.115625 0.176171875 0.096875
18 0.0517578125 0.1974609375 0.066015625 0.082421875
1 0.2078125 0.3212890625 0.14375 0.223828125
3 0.3123046875 0.3251953125 0.077734375 0.081640625
1 0.4146484375 0.3251953125 0.138671875 0.216015625
17 0.059375 0.325390625 0.053125 0.12578125
1 0.7552734375 0.3318359375 0.138671875 0.216796875
3 0.1130859375 0.33203125 0.066796875 0.0671875
3 0.86328125 0.3359375 0.0828125 0.075
8 0.926171875 0.3359375 0.04609375 0.134375
3 0.5287109375 0.4701171875 0.101171875 0.343359375
3 0.6484375 0.4703125 0.0875 0.328125
18 0.0775390625 0.55625 0.111328125 0.096875
1 0.5958984375 0.73125 0.138671875 0.19375
