0 0.151171875 0.54375 0.15859375 0.10625
3 0.4505859375 0.5458984375 0.038671875 0.185546875
0 0.35859375 0.0603515625 0.1796875 0.092578125
17 0.1046875 0.0626953125 0.046875 0.041015625
3 0.1943359375 0.0626953125 0.166796875 0.031640625
3 0.1365234375 0.6107421875 0.026171875 0.065234375
3 0.7712890625 0.630078125 0.020703125 0.37890625
10 0.3013671875 0.6294921875 0.415234375 0.074609375
3 0.3509765625 0.7203125 0.042578125 0.14375
11 0.361328125 0.7984375 0.09765625 0.096875
3 0.576171875 0.8080078125 0.40234375 0.031640625
3 0.3525390625 0.8630859375 0.020703125 0.088671875
0 0.3525390625 0.946875 0.183203125 0.096875
3 0.3568359375 0.1271484375 0.038671875 0.060546875
5 0.3568359375 0.1640625 0.107421875 0.096875
0 0.7646484375 0.18046875 0.154296875 0.1015625
3 0.534375 0.1830078125 0.325 0.041015625
3 0.3548828125 0.235546875 0.025390625 0.10234375
3 0.77578125 0.29140625 0.0296875 0.1484375
3 0.446484375 0.3314453125 0.03046875 0.069140625
3 0.2330078125 0.3314453125 0.200390625 0.059765625
0 0.14375 0.3935546875 0.175 0.083984375
0 0.780078125 0.403515625 0.19140625 0.10078125
0 0.45625 0.41171875 0.175 0.1109375
3 0.1392578125 0.4611328125 0.037890625 0.078515625
