0 0.15234375 0.54375 0.1578125 0.10625
3 0.45078125 0.54609375 0.0390625 0.1859375
0 0.35859375 0.0609375 0.1796875 0.09375
17 0.1046875 0.06328125 0.046875 0.0421875
3 0.19453125 0.06328125 0.1671875 0.0328125
3 0.13671875 0.6109375 0.0265625 0.065625
3 0.77109375 0.63046875 0.0203125 0.3796875
10 0.3015625 0.6296875 0.415625 0.075
3 0.3515625 0.7203125 0.04375 0.14375
11 0.36171875 0.7984375 0.0984375 0.096875
3 0.57734375 0.8078125 0.4015625 0.03125
3 0.353125 0.86328125 0.021875 0.0890625
0 0.353125 0.946875 0.184375 0.096875
3 0.35703125 0.12734375 0.0390625 0.0609375
5 0.35703125 0.1640625 0.1078125 0.096875
0 0.765625 0.18046875 0.153125 0.1015625
3 0.534375 0.18359375 0.325 0.0421875
3 0.35546875 0.23671875 0.0265625 0.1015625
3 0.77578125 0.29140625 0.0296875 0.1484375
3 0.44765625 0.33203125 0.0296875 0.0703125
3 0.23359375 0.33203125 0.2015625 0.0609375
0 0.14375 0.39375 0.175 0.084375
0 0.78046875 0.40390625 0.1921875 0.1015625
0 0.45625 0.41171875 0.175 0.1109375
3 0.13984375 0.46171875 0.0390625 0.0796875
