0 0.151171875 0.54375 0.15859375 0.10625
3 0.45078125 0.54609375 0.0390625 0.1859375
0 0.35859375 0.0609375 0.1796875 0.09375
17 0.1046875 0.062109375 0.046875 0.04296875
3 0.19453125 0.062890625 0.1671875 0.03203125
3 0.13671875 0.6109375 0.0265625 0.065625
3 0.77109375 0.630078125 0.0203125 0.37890625
10 0.3015625 0.6296875 0.415625 0.075
3 0.3515625 0.7203125 0.04375 0.14375
11 0.361328125 0.7984375 0.09765625 0.096875
3 0.576171875 0.8078125 0.40234375 0.03125
3 0.353125 0.86328125 0.021875 0.0890625
0 0.353125 0.946875 0.184375 0.096875
3 0.35703125 0.12734375 0.0390625 0.0609375
5 0.35703125 0.1640625 0.1078125 0.096875
0 0.765625 0.18046875 0.153125 0.1015625
3 0.534375 0.183203125 0.325 0.04140625
3 0.354296875 0.235546875 0.02734375 0.10234375
3 0.77578125 0.29140625 0.0296875 0.1484375
3 0.446484375 0.331640625 0.03046875 0.06953125
3 0.232421875 0.330859375 0.20234375 0.06171875
0 0.14375 0.39375 0.175 0.084375
0 0.780078125 0.403515625 0.19140625 0.10078125
0 0.45625 0.41171875 0.175 0.1109375
3 0.138671875 0.461328125 0.03984375 0.07890625
