0 0.15234375 0.54375 0.1578125 0.10625
3 0.450390625 0.545703125 0.03828125 0.18515625
0 0.35859375 0.060546875 0.1796875 0.09296875
17 0.1046875 0.062890625 0.046875 0.04140625
3 0.194140625 0.062890625 0.16640625 0.03203125
3 0.136328125 0.610546875 0.02578125 0.06484375
3 0.771484375 0.63046875 0.02109375 0.3796875
10 0.301171875 0.629296875 0.41484375 0.07421875
3 0.351171875 0.7203125 0.04296875 0.14375
11 0.36171875 0.7984375 0.0984375 0.096875
3 0.57734375 0.808203125 0.4015625 0.03203125
3 0.352734375 0.862890625 0.02109375 0.08828125
0 0.352734375 0.946875 0.18359375 0.096875
3 0.356640625 0.126953125 0.03828125 0.06015625
5 0.356640625 0.1640625 0.10703125 0.096875
0 0.764453125 0.18046875 0.15390625 0.1015625
3 0.534375 0.183203125 0.325 0.04140625
3 0.355078125 0.23671875 0.02578125 0.1015625
3 0.77578125 0.29140625 0.0296875 0.1484375
3 0.44765625 0.331640625 0.0296875 0.06953125
3 0.233203125 0.331640625 0.20078125 0.06015625
0 0.14375 0.393359375 0.175 0.08359375
0 0.78046875 0.40390625 0.1921875 0.1015625
0 0.45625 0.41171875 0.175 0.1109375
3 0.139453125 0.461328125 0.03828125 0.07890625
