1 0.4625 0.77265625 0.146875 0.1890625
18 0.559375 0.14140625 0.10625 0.0546875
18 0.428125 0.1890625 0.103125 0.040625
18 0.0796875 0.2015625 0.11875 0.040625
1 0.1515625 0.25859375 0.059375 0.0734375
3 0.19453125 0.275 0.0453125 0.040625
3 0.56796875 0.28828125 0.0359375 0.0265625
9 0.546875 0.29296875 0.04375 0.2078125
10 0.71015625 0.29609375 0.0421875 0.1484375
11 0.771875 0.29609375 0.065625 0.1609375
1 0.46015625 0.309375 0.1046875 0.134375
3 0.52734375 0.309375 0.0296875 0.040625
1 0.63203125 0.30859375 0.1046875 0.1484375
1 0.875 0.309375 0.109375 0.134375
3 0.32421875 0.3125 0.0453125 0.046875
3 0.4 0.3125 0.046875 0.034375
3 0.74296875 0.3125 0.0359375 0.034375
1 0.2609375 0.3125 0.10625 0.128125
5 0.36171875 0.315625 0.0703125 0.134375
18 0.0828125 0.0375 0.165625 0.034375
3 0.56328125 0.38671875 0.0265625 0.1546875
3 0.70234375 0.38984375 0.0234375 0.1484375
3 0.2625 0.39921875 0.021875 0.0734375
3 0.8765625 0.403125 0.01875 0.09375
3 0.4421875 0.446875 0.275 0.034375
3 0.73203125 0.446875 0.0796875 0.034375
8 0.87265625 0.45625 0.0359375 0.08125
17 0.25859375 0.4671875 0.0390625 0.0875
3 0.7671875 0.496875 0.0125 0.134375
3 0.309375 0.5078125 0.015625 0.16875
3 0.60625 0.55703125 0.059375 0.0265625
1 0.3828125 0.5609375 0.109375 0.140625
3 0.60625 0.5609375 0.046875 0.034375
1 0.53125 0.5640625 0.109375 0.134375
1 0.6796875 0.5640625 0.115625 0.134375
3 0.75078125 0.56484375 0.0390625 0.0265625
3 0.41484375 0.66171875 0.0421875 0.1015625
3 0.50078125 0.6609375 0.0296875 0.0875
