1 0.4615234375 0.7720703125 0.148046875 0.187890625
18 0.559375 0.1408203125 0.10625 0.053515625
18 0.4271484375 0.1890625 0.104296875 0.040625
18 0.0794921875 0.2015625 0.118359375 0.040625
1 0.1515625 0.25859375 0.059375 0.0734375
3 0.1939453125 0.275 0.044140625 0.040625
3 0.5677734375 0.28828125 0.035546875 0.0265625
9 0.5458984375 0.291796875 0.044921875 0.20859375
10 0.7099609375 0.2955078125 0.041796875 0.147265625
11 0.7716796875 0.295703125 0.065234375 0.16015625
1 0.4599609375 0.309375 0.104296875 0.134375
3 0.526953125 0.309375 0.02890625 0.040625
1 0.6318359375 0.3083984375 0.104296875 0.148046875
1 0.875 0.309375 0.109375 0.134375
3 0.3240234375 0.3125 0.044921875 0.046875
3 0.3990234375 0.3119140625 0.048046875 0.033203125
3 0.7427734375 0.3119140625 0.035546875 0.033203125
1 0.2609375 0.3119140625 0.10625 0.126953125
5 0.3607421875 0.315625 0.071484375 0.134375
18 0.0828125 0.0369140625 0.165625 0.033203125
3 0.56328125 0.386328125 0.0265625 0.15390625
3 0.701953125 0.3892578125 0.02265625 0.147265625
3 0.2619140625 0.39921875 0.020703125 0.0734375
3 0.8759765625 0.403125 0.017578125 0.09375
3 0.4421875 0.4462890625 0.275 0.033203125
3 0.73203125 0.4462890625 0.0796875 0.033203125
8 0.8724609375 0.4560546875 0.035546875 0.080859375
17 0.2583984375 0.4671875 0.038671875 0.0875
3 0.7666015625 0.496875 0.011328125 0.134375
3 0.3091796875 0.5072265625 0.015234375 0.167578125
3 0.60625 0.55703125 0.059375 0.0265625
1 0.3828125 0.5609375 0.109375 0.140625
3 0.6064453125 0.5603515625 0.047265625 0.033203125
1 0.53125 0.5640625 0.109375 0.134375
1 0.6796875 0.5640625 0.115625 0.134375
3 0.7501953125 0.563671875 0.037890625 0.02734375
3 0.4142578125 0.6611328125 0.041015625 0.100390625
3 0.499609375 0.6609375 0.03046875 0.0875
