3 0.212109375 0.66953125 0.01796875 0.0546875
9 0.215234375 0.70859375 0.21796875 0.0828125
17 0.2109375 0.078125 0.040625 0.071875
3 0.2546875 0.785546875 0.09375 0.10859375
3 0.1765625 0.8015625 0.084375 0.1375
5 0.144921875 0.88984375 0.07109375 0.1015625
1 0.290625 0.9015625 0.140625 0.1375
3 0.210546875 0.128125 0.01484375 0.053125
1 0.209375 0.2203125 0.1375 0.14375
3 0.212109375 0.315625 0.02421875 0.084375
5 0.215625 0.378515625 0.05625 0.10078125
1 0.4015625 0.390625 0.140625 0.1375
3 0.281640625 0.38984375 0.11328125 0.0296875
18 0.6953125 0.44921875 0.375 0.1734375
3 0.212109375 0.4703125 0.01796875 0.11875
3 0.404296875 0.5 0.02109375 0.11875
5 0.403515625 0.578125 0.06953125 0.10625
1 0.2125 0.5890625 0.1375 0.14375
