5 0.59140625 0.478515625 0.1203125 0.11953125
0 0.11875 0.49296875 0.228125 0.0984375
3 0.265234375 0.49296875 0.08671875 0.0453125
5 0.35078125 0.494921875 0.1296875 0.12109375
3 0.463671875 0.5640625 0.17109375 0.178125
3 0.348828125 0.5796875 0.03515625 0.1375
3 0.166796875 0.619921875 0.13984375 0.18359375
3 0.5921875 0.631640625 0.03125 0.25703125
0 0.338671875 0.689453125 0.23359375 0.09765625
3 0.5921875 0.071875 0.03125 0.053125
3 0.5 0.7421875 0.14375 0.053125
10 0.5921875 0.771875 0.228125 0.05
3 0.594140625 0.7984375 0.02578125 0.05
0 0.5921875 0.8640625 0.21875 0.09375
3 0.5875 0.921875 0.03125 0.040625
8 0.59140625 0.9640625 0.0671875 0.0625
0 0.588671875 0.1375 0.23359375 0.096875
3 0.589453125 0.19375 0.03515625 0.040625
9 0.5890625 0.21875 0.20625 0.0625
3 0.594140625 0.263671875 0.02578125 0.07734375
3 0.6875 0.269140625 0.14375 0.07578125
3 0.4578125 0.28203125 0.09375 0.0671875
17 0.589453125 0.031640625 0.05390625 0.04453125
0 0.5921875 0.3453125 0.228125 0.09375
0 0.8375 0.3453125 0.2375 0.084375
0 0.346875 0.3453125 0.228125 0.09375
3 0.5921875 0.421484375 0.040625 0.08046875
3 0.34609375 0.425 0.0390625 0.09375
