5 0.59140625 0.47890625 0.1203125 0.1203125
0 0.11875 0.49296875 0.228125 0.0984375
3 0.26640625 0.49296875 0.0859375 0.0453125
5 0.35078125 0.49609375 0.1296875 0.1203125
3 0.46484375 0.5640625 0.1703125 0.178125
3 0.34921875 0.5796875 0.0359375 0.1375
3 0.16796875 0.62109375 0.1390625 0.1828125
3 0.5921875 0.63203125 0.03125 0.2578125
0 0.33984375 0.68984375 0.2328125 0.0984375
3 0.5921875 0.071875 0.03125 0.053125
3 0.5 0.7421875 0.14375 0.053125
10 0.5921875 0.771875 0.228125 0.05
3 0.59453125 0.7984375 0.0265625 0.05
0 0.5921875 0.8640625 0.21875 0.09375
3 0.5875 0.921875 0.03125 0.040625
8 0.59140625 0.9640625 0.0671875 0.0625
0 0.58984375 0.1375 0.2328125 0.096875
3 0.58984375 0.19375 0.0359375 0.040625
9 0.5890625 0.21875 0.20625 0.0625
3 0.59453125 0.26484375 0.0265625 0.0765625
3 0.6875 0.26953125 0.14375 0.0765625
3 0.4578125 0.28203125 0.09375 0.0671875
17 0.58984375 0.03203125 0.0546875 0.0453125
0 0.5921875 0.3453125 0.228125 0.09375
0 0.8375 0.3453125 0.2375 0.084375
0 0.346875 0.3453125 0.228125 0.09375
3 0.5921875 0.42265625 0.040625 0.0796875
3 0.34609375 0.425 0.0390625 0.09375
