5 0.59140625 0.47890625 0.1203125 0.1203125
0 0.118359375 0.492578125 0.22734375 0.09765625
3 0.266015625 0.492578125 0.08515625 0.04453125
5 0.35078125 0.49609375 0.1296875 0.1203125
3 0.464453125 0.5640625 0.16953125 0.178125
3 0.34921875 0.5796875 0.0359375 0.1375
3 0.167578125 0.620703125 0.13828125 0.18203125
3 0.5921875 0.63203125 0.03125 0.2578125
0 0.339453125 0.689453125 0.23203125 0.09765625
3 0.5921875 0.071875 0.03125 0.053125
3 0.499609375 0.7421875 0.14296875 0.053125
10 0.591796875 0.771484375 0.22734375 0.04921875
3 0.59453125 0.798046875 0.0265625 0.04921875
0 0.5921875 0.863671875 0.21875 0.09296875
3 0.5875 0.921484375 0.03125 0.03984375
8 0.59140625 0.9640625 0.0671875 0.0625
0 0.589453125 0.137890625 0.23203125 0.09765625
3 0.58984375 0.193359375 0.0359375 0.03984375
9 0.588671875 0.21875 0.20546875 0.0625
3 0.59453125 0.264453125 0.0265625 0.07578125
3 0.687109375 0.269140625 0.14296875 0.07578125
3 0.4578125 0.281640625 0.09375 0.06640625
17 0.589453125 0.031640625 0.05390625 0.04453125
0 0.591796875 0.344921875 0.22734375 0.09296875
0 0.837109375 0.3453125 0.23671875 0.084375
0 0.346484375 0.344921875 0.22734375 0.09296875
3 0.591796875 0.42265625 0.03984375 0.0796875
3 0.346484375 0.424609375 0.03984375 0.09296875
