5 0.59140625 0.478515625 0.1203125 0.11953125
0 0.1181640625 0.4927734375 0.226953125 0.098046875
3 0.2658203125 0.4927734375 0.084765625 0.044921875
5 0.35078125 0.494921875 0.1296875 0.12109375
3 0.4642578125 0.5640625 0.169140625 0.178125
3 0.348828125 0.5796875 0.03515625 0.1375
3 0.1673828125 0.6205078125 0.137890625 0.181640625
3 0.5921875 0.631640625 0.03125 0.25703125
0 0.3392578125 0.6892578125 0.231640625 0.097265625
3 0.5921875 0.071875 0.03125 0.053125
3 0.4998046875 0.7421875 0.143359375 0.053125
10 0.5916015625 0.7712890625 0.226953125 0.048828125
3 0.594140625 0.7978515625 0.02578125 0.048828125
0 0.5921875 0.8638671875 0.21875 0.093359375
3 0.5875 0.9216796875 0.03125 0.040234375
8 0.59140625 0.9640625 0.0671875 0.0625
0 0.5892578125 0.1376953125 0.231640625 0.097265625
3 0.589453125 0.1931640625 0.03515625 0.039453125
9 0.5888671875 0.21875 0.205859375 0.0625
3 0.594140625 0.2642578125 0.02578125 0.075390625
3 0.6873046875 0.2689453125 0.143359375 0.075390625
3 0.4578125 0.2818359375 0.09375 0.066796875
17 0.5892578125 0.0314453125 0.053515625 0.044140625
0 0.5916015625 0.3447265625 0.226953125 0.092578125
0 0.8369140625 0.3453125 0.236328125 0.084375
0 0.3462890625 0.3447265625 0.226953125 0.092578125
3 0.5916015625 0.421484375 0.039453125 0.08046875
3 0.3462890625 0.4244140625 0.039453125 0.092578125
