3 0.25703125 0.4326171875 0.0515625 0.033984375
5 0.2595703125 0.4626953125 0.122265625 0.075390625
3 0.7828125 0.4763671875 0.0375 0.130859375
3 0.1646484375 0.4984375 0.141796875 0.096875
3 0.3466796875 0.499609375 0.137109375 0.09296875
1 0.4005859375 0.5818359375 0.169921875 0.088671875
1 0.7783203125 0.584375 0.169140625 0.084375
1 0.1201171875 0.584375 0.183984375 0.084375
3 0.3490234375 0.6640625 0.141796875 0.084375
3 0.1693359375 0.66875 0.132421875 0.084375
3 0.66484375 0.69375 0.2640625 0.134375
11 0.2619140625 0.6984375 0.136328125 0.084375
3 0.36796875 0.7326171875 0.2359375 0.046484375
10 0.5166015625 0.753125 0.173828125 0.084375
3 0.52578125 0.798828125 0.0328125 0.04140625
1 0.5189453125 0.853125 0.178515625 0.084375
3 0.51875 0.9076171875 0.028125 0.033984375
17 0.51640625 0.0947265625 0.0609375 0.045703125
8 0.5142578125 0.9478515625 0.066015625 0.045703125
3 0.52109375 0.1322265625 0.0328125 0.045703125
1 0.5119140625 0.19375 0.173828125 0.084375
9 0.513671875 0.267578125 0.20859375 0.05390625
3 0.36796875 0.3107421875 0.2546875 0.058984375
3 0.66953125 0.3130859375 0.2453125 0.063671875
1 0.7759765625 0.378125 0.173828125 0.084375
1 0.2595703125 0.38203125 0.178515625 0.0921875
