3 0.25703125 0.4328125 0.0515625 0.034375
5 0.258984375 0.462890625 0.12421875 0.07578125
3 0.7828125 0.4765625 0.0375 0.13125
3 0.16484375 0.4984375 0.1421875 0.096875
3 0.346875 0.499609375 0.1375 0.09296875
1 0.40078125 0.58203125 0.1703125 0.0890625
1 0.778515625 0.584375 0.16953125 0.084375
1 0.1203125 0.584375 0.184375 0.084375
3 0.35 0.6640625 0.140625 0.084375
3 0.16953125 0.66875 0.1328125 0.084375
3 0.66484375 0.69375 0.2640625 0.134375
11 0.2625 0.6984375 0.1375 0.084375
3 0.36796875 0.7328125 0.2359375 0.046875
10 0.5171875 0.753125 0.175 0.084375
3 0.52578125 0.798828125 0.0328125 0.04140625
1 0.518359375 0.853125 0.18046875 0.084375
3 0.51875 0.9078125 0.028125 0.034375
17 0.51640625 0.0953125 0.0609375 0.046875
8 0.514453125 0.9484375 0.06640625 0.046875
3 0.52109375 0.13203125 0.0328125 0.0453125
1 0.5125 0.19375 0.175 0.084375
9 0.513671875 0.267578125 0.20859375 0.05390625
3 0.36796875 0.3109375 0.2546875 0.059375
3 0.66953125 0.3140625 0.2453125 0.0625
1 0.7765625 0.378125 0.175 0.084375
1 0.258984375 0.38203125 0.18046875 0.0921875
