3 0.265234375 0.419921875 0.03984375 0.26171875
1 0.50078125 0.422265625 0.3296875 0.10703125
2 0.844921875 0.424609375 0.28984375 0.12734375
3 0.504296875 0.487890625 0.03984375 0.03203125
5 0.50078125 0.5359375 0.1296875 0.11875
3 0.353125 0.53828125 0.225 0.0359375
3 0.501953125 0.595703125 0.03515625 0.04765625
1 0.501953125 0.65078125 0.33515625 0.0796875
3 0.50234375 0.701953125 0.0453125 0.04765625
1 0.501953125 0.76171875 0.33515625 0.0796875
2 0.151953125 0.7625 0.28515625 0.103125
3 0.497265625 0.8078125 0.03515625 0.04375
2 0.8609375 0.865234375 0.25 0.15859375
1 0.503125 0.86953125 0.325 0.0796875
3 0.5 0.919921875 0.05 0.03984375
8 0.498046875 0.959765625 0.06484375 0.04765625
17 0.50546875 0.1015625 0.0703125 0.059375
3 0.501953125 0.142578125 0.03515625 0.04765625
1 0.501953125 0.196484375 0.33515625 0.08359375
3 0.504296875 0.25234375 0.03984375 0.0515625
11 0.49609375 0.304296875 0.1203125 0.11484375
3 0.359765625 0.30859375 0.21015625 0.0359375
3 0.50546875 0.364453125 0.0296875 0.03203125
