3 0.26484375 0.4203125 0.0390625 0.2625
1 0.50078125 0.42265625 0.3296875 0.1078125
2 0.8453125 0.425 0.290625 0.128125
3 0.50546875 0.48828125 0.0390625 0.0328125
5 0.50078125 0.5359375 0.1296875 0.11875
3 0.353125 0.53828125 0.225 0.0359375
3 0.50234375 0.59609375 0.0359375 0.0484375
1 0.50234375 0.65078125 0.3359375 0.0796875
3 0.50234375 0.703125 0.0453125 0.046875
1 0.50234375 0.76171875 0.3359375 0.0796875
2 0.15234375 0.7625 0.2859375 0.103125
3 0.49765625 0.8078125 0.0359375 0.04375
2 0.8609375 0.865625 0.25 0.159375
1 0.503125 0.86953125 0.325 0.0796875
3 0.5 0.9203125 0.05 0.040625
8 0.4984375 0.96015625 0.065625 0.0484375
17 0.50546875 0.1015625 0.0703125 0.059375
3 0.50234375 0.14296875 0.0359375 0.0484375
1 0.50234375 0.196875 0.3359375 0.084375
3 0.50546875 0.25234375 0.0390625 0.0515625
11 0.49609375 0.3046875 0.1203125 0.115625
3 0.3609375 0.30859375 0.209375 0.0359375
3 0.50546875 0.365625 0.0296875 0.03125
