3 0.2650390625 0.4201171875 0.039453125 0.262109375
1 0.499609375 0.4224609375 0.33046875 0.107421875
2 0.8451171875 0.4244140625 0.290234375 0.126953125
3 0.5044921875 0.4880859375 0.040234375 0.032421875
5 0.499609375 0.5359375 0.13046875 0.11875
3 0.353125 0.537109375 0.225 0.03671875
3 0.5021484375 0.5955078125 0.035546875 0.047265625
1 0.5021484375 0.65078125 0.335546875 0.0796875
3 0.50234375 0.7021484375 0.0453125 0.048046875
1 0.5021484375 0.76171875 0.335546875 0.0796875
2 0.1521484375 0.7625 0.285546875 0.103125
3 0.4974609375 0.8078125 0.035546875 0.04375
2 0.8609375 0.8650390625 0.25 0.158203125
1 0.503125 0.868359375 0.325 0.08046875
3 0.5 0.9201171875 0.05 0.040234375
8 0.4978515625 0.9599609375 0.064453125 0.048046875
17 0.504296875 0.1015625 0.07109375 0.059375
3 0.5021484375 0.1427734375 0.035546875 0.048046875
1 0.5021484375 0.1962890625 0.335546875 0.083203125
3 0.5044921875 0.25234375 0.040234375 0.0515625
11 0.494921875 0.3041015625 0.12109375 0.114453125
3 0.3599609375 0.308203125 0.210546875 0.03515625
3 0.505078125 0.3646484375 0.02890625 0.032421875
