3 0.7703125 0.4125 0.034375 0.0375
1 0.7703125 0.47109375 0.21875 0.0984375
3 0.765625 0.52890625 0.034375 0.0328125
5 0.76953125 0.56875 0.1015625 0.078125
3 0.718359375 0.62734375 0.04921875 0.1484375
3 0.82265625 0.6484375 0.0640625 0.1875
16 0.608984375 0.676953125 0.18046875 0.07265625
3 0.438671875 0.68203125 0.18984375 0.0359375
1 0.25703125 0.6875 0.2046875 0.09375
3 0.4875 0.76640625 0.509375 0.0828125
1 0.8328125 0.78515625 0.2 0.0953125
3 0.8375 0.85234375 0.034375 0.0578125
8 0.837109375 0.9046875 0.07421875 0.053125
17 0.2578125 0.121875 0.06875 0.053125
3 0.25703125 0.16875 0.0296875 0.065625
3 0.5078125 0.230859375 0.325 0.03046875
1 0.259375 0.2359375 0.21875 0.103125
1 0.766796875 0.237109375 0.21484375 0.09921875
3 0.771875 0.29375 0.028125 0.0375
1 0.767578125 0.3515625 0.20390625 0.09375
