3 0.7697265625 0.4119140625 0.033203125 0.036328125
1 0.7703125 0.47109375 0.21875 0.0984375
3 0.7650390625 0.52890625 0.033203125 0.0328125
5 0.76953125 0.56875 0.1015625 0.078125
3 0.718359375 0.6271484375 0.04921875 0.148046875
3 0.8224609375 0.6474609375 0.063671875 0.188671875
16 0.608984375 0.676953125 0.18046875 0.07265625
3 0.438671875 0.6822265625 0.18984375 0.036328125
1 0.2568359375 0.6865234375 0.204296875 0.094921875
3 0.4875 0.7662109375 0.509375 0.082421875
1 0.8326171875 0.7849609375 0.199609375 0.094921875
3 0.8373046875 0.8521484375 0.033984375 0.057421875
8 0.8376953125 0.9046875 0.072265625 0.053125
17 0.2572265625 0.121875 0.067578125 0.053125
3 0.2568359375 0.16875 0.029296875 0.065625
3 0.5078125 0.2314453125 0.325 0.028515625
1 0.259375 0.2357421875 0.21875 0.102734375
1 0.7673828125 0.237109375 0.212890625 0.09921875
3 0.7720703125 0.2931640625 0.028515625 0.036328125
1 0.7673828125 0.3505859375 0.203515625 0.094921875
