3 0.769921875 0.412109375 0.03359375 0.03671875
1 0.7703125 0.47109375 0.21875 0.0984375
3 0.765234375 0.52890625 0.03359375 0.0328125
5 0.76953125 0.56875 0.1015625 0.078125
3 0.71953125 0.626953125 0.0484375 0.14765625
3 0.822265625 0.647265625 0.06328125 0.18828125
16 0.61015625 0.67734375 0.1796875 0.0734375
3 0.43984375 0.682421875 0.1890625 0.03671875
1 0.256640625 0.686328125 0.20390625 0.09453125
3 0.4875 0.766015625 0.509375 0.08203125
1 0.832421875 0.784765625 0.19921875 0.09453125
3 0.837109375 0.851953125 0.03359375 0.05703125
8 0.837890625 0.9046875 0.07265625 0.053125
17 0.257421875 0.121875 0.06796875 0.053125
3 0.256640625 0.16875 0.02890625 0.065625
3 0.5078125 0.231640625 0.325 0.02890625
1 0.259375 0.235546875 0.21875 0.10234375
1 0.767578125 0.23828125 0.21328125 0.0984375
3 0.772265625 0.293359375 0.02890625 0.03671875
1 0.767578125 0.350390625 0.20390625 0.09453125
