3 0.47265625 0.40390625 0.3359375 0.0359375
0 0.74609375 0.40703125 0.2203125 0.0671875
0 0.2328125 0.40703125 0.165625 0.0671875
3 0.75234375 0.46015625 0.0359375 0.0640625
5 0.7453125 0.5046875 0.140625 0.0875
3 0.53984375 0.5078125 0.3703125 0.040625
0 0.23515625 0.51484375 0.2609375 0.0671875
3 0.74609375 0.55546875 0.0390625 0.0546875
3 0.240625 0.5640625 0.05 0.046875
0 0.74765625 0.60546875 0.1546875 0.0671875
8 0.2375 0.60625 0.065625 0.04375
3 0.74765625 0.66171875 0.0359375 0.0515625
3 0.5046875 0.71015625 0.309375 0.0390625
0 0.23046875 0.71328125 0.2609375 0.0671875
0 0.7453125 0.7140625 0.190625 0.0625
3 0.22734375 0.7875 0.0359375 0.1
8 0.23046875 0.85703125 0.0609375 0.0484375
17 0.2328125 0.08828125 0.065625 0.0484375
3 0.23828125 0.12890625 0.0453125 0.0515625
1 0.2359375 0.18359375 0.25 0.0640625
3 0.240625 0.23828125 0.040625 0.0640625
0 0.2375 0.29609375 0.225 0.0671875
3 0.23828125 0.35 0.0453125 0.0625
