3 0.805859375 0.62734375 0.03046875 0.1359375
3 0.46171875 0.63828125 0.0296875 0.1359375
5 0.0796875 0.7796875 0.0625 0.08125
13 0.61015625 0.790234375 0.1578125 0.13671875
2 0.819140625 0.796875 0.20078125 0.16875
17 0.059375 0.24765625 0.065625 0.0921875
0 0.4671875 0.26875 0.15 0.125
3 0.805859375 0.4240234375 0.03046875 0.141796875
3 0.4630859375 0.4298828125 0.026171875 0.141015625
8 0.0587890625 0.45390625 0.058203125 0.0921875
15 0.8078125 0.5216796875 0.15 0.087109375
16 0.459375 0.5326171875 0.15 0.087109375
