0 0.1953125 0.3546875 0.265625 0.090625
0 0.74375 0.3591796875 0.265625 0.087109375
3 0.3642578125 0.4197265625 0.197265625 0.064453125
3 0.5802734375 0.4197265625 0.173046875 0.064453125
11 0.4814453125 0.446875 0.184765625 0.09375
3 0.4873046875 0.525 0.062109375 0.09375
9 0.4935546875 0.5791015625 0.296484375 0.080078125
17 0.44765625 0.060546875 0.1046875 0.05234375
3 0.3369140625 0.6337890625 0.092578125 0.080078125
3 0.6232421875 0.6353515625 0.087109375 0.064453125
0 0.221875 0.6904296875 0.246875 0.083984375
0 0.75 0.690625 0.253125 0.090625
3 0.3544921875 0.759375 0.080859375 0.09375
3 0.6044921875 0.759375 0.087109375 0.09375
10 0.4841796875 0.8029296875 0.327734375 0.083984375
3 0.4841796875 0.8796875 0.068359375 0.09375
8 0.487109375 0.946484375 0.09921875 0.04921875
3 0.4509765625 0.14375 0.073828125 0.10625
5 0.4443359375 0.2171875 0.185546875 0.103125
3 0.5615234375 0.28125 0.198046875 0.103125
3 0.3427734375 0.284375 0.166796875 0.103125
