3 0.5140625 0.44296875 0.053125 0.1140625
0 0.5140625 0.53828125 0.178125 0.0984375
17 0.515625 0.0625 0.06875 0.05
3 0.515625 0.6140625 0.046875 0.06875
9 0.51796875 0.65078125 0.1890625 0.0640625
3 0.5953125 0.7328125 0.140625 0.15625
3 0.42734375 0.7328125 0.1515625 0.15625
9 0.3828125 0.8109375 0.146875 0.053125
9 0.64765625 0.81484375 0.1515625 0.0453125
3 0.3828125 0.84375 0.03125 0.05
3 0.64921875 0.846875 0.0421875 0.05
0 0.3828125 0.9078125 0.178125 0.0875
0 0.6359375 0.9125 0.203125 0.090625
3 0.51796875 0.115625 0.0515625 0.071875
0 0.5140625 0.19375 0.178125 0.090625
3 0.515625 0.2671875 0.046875 0.071875
0 0.51015625 0.3453125 0.2359375 0.090625
