9 0.4005859375 0.7193359375 0.051171875 0.560546875
8 0.98046875 0.71953125 0.0390625 0.1203125
3 0.9439453125 0.723828125 0.050390625 0.04140625
3 0.2330078125 0.7232421875 0.319140625 0.071484375
3 0.65 0.8484375 0.078125 0.05
1 0.76328125 0.84765625 0.1765625 0.2484375
3 0.429296875 0.8546875 0.06484375 0.05
1 0.537109375 0.8546875 0.17421875 0.234375
3 0.8767578125 0.8546875 0.072265625 0.05
3 0.083984375 0.11015625 0.01796875 0.1203125
3 0.216015625 0.1453125 0.20078125 0.10625
2 0.8609375 0.1802734375 0.190625 0.319921875
5 0.303125 0.226953125 0.05625 0.14140625
3 0.4078125 0.2302734375 0.1875 0.035546875
3 0.2279296875 0.23125 0.143359375 0.05
1 0.08671875 0.2767578125 0.1734375 0.241015625
1 0.5814453125 0.28046875 0.181640625 0.2484375
3 0.42578125 0.33671875 0.1453125 0.0640625
17 0.08359375 0.03515625 0.0390625 0.0703125
3 0.2423828125 0.3970703125 0.153515625 0.297265625
3 0.0890625 0.435546875 0.025 0.12109375
3 0.366015625 0.4609375 0.01328125 0.340625
3 0.4822265625 0.5859375 0.167578125 0.05
1 0.6484375 0.58515625 0.1875 0.2484375
3 0.813671875 0.58828125 0.17734375 0.0421875
3 0.2625 0.58828125 0.215625 0.0421875
1 0.08671875 0.5962890625 0.1734375 0.255078125
10 0.909375 0.7015625 0.05625 0.596875
