18 0.93125 0.96328125 0.1375 0.0734375
18 0.06875 0.9669921875 0.1375 0.065234375
18 0.4982421875 0.0326171875 0.190234375 0.065234375
3 0.4236328125 0.4162109375 0.400390625 0.051171875
3 0.238671875 0.4849609375 0.03359375 0.188671875
3 0.6162109375 0.5068359375 0.019921875 0.232421875
3 0.5630859375 0.670703125 0.082421875 0.07890625
5 0.6109375 0.6701171875 0.06875 0.152734375
3 0.668359375 0.670703125 0.08046875 0.07890625
0 0.781640625 0.6705078125 0.14453125 0.209765625
3 0.8828125 0.6701171875 0.065625 0.065234375
8 0.9375 0.670703125 0.04375 0.12265625
0 0.237890625 0.669921875 0.14453125 0.19609375
3 0.344140625 0.6740234375 0.07578125 0.073046875
0 0.452734375 0.675 0.14921875 0.203125
17 0.07109375 0.67734375 0.0546875 0.1234375
3 0.1287109375 0.67734375 0.082421875 0.0796875
