3 0.93203125 0.70703125 0.0421875 0.0671875
3 0.41328125 0.71640625 0.0296875 0.0734375
1 0.47265625 0.7375 0.1015625 0.153125
3 0.64453125 0.740625 0.2546875 0.053125
8 0.96640625 0.74375 0.0390625 0.1
18 0.13984375 0.74375 0.0765625 0.1
3 0.1953125 0.75078125 0.021875 0.2078125
3 0.83203125 0.7609375 0.0234375 0.2
3 0.50625 0.84765625 0.66875 0.0671875
18 0.15234375 0.11015625 0.1484375 0.0609375
17 0.13984375 0.18359375 0.0359375 0.0734375
3 0.1875 0.2109375 0.071875 0.1
13 0.58515625 0.29375 0.1015625 0.146875
13 0.05859375 0.32109375 0.1046875 0.1609375
3 0.13125 0.32421875 0.059375 0.0609375
1 0.20703125 0.32421875 0.1046875 0.1390625
3 0.66875 0.340625 0.08125 0.146875
3 0.4984375 0.34375 0.078125 0.153125
3 0.19609375 0.47109375 0.0296875 0.1796875
3 0.41171875 0.48046875 0.0328125 0.0671875
1 0.47265625 0.484375 0.1015625 0.153125
1 0.68828125 0.484375 0.1015625 0.140625
3 0.75546875 0.48359375 0.0390625 0.0609375
5 0.19375 0.58671875 0.071875 0.1734375
9 0.38984375 0.59765625 0.0359375 0.3265625
9 0.77109375 0.596875 0.0390625 0.40625
1 0.31953125 0.6078125 0.0921875 0.146875
3 0.2453125 0.60703125 0.0625 0.0671875
3 0.37734375 0.61015625 0.0296875 0.0734375
3 0.79453125 0.6109375 0.0328125 0.059375
1 0.93203125 0.6109375 0.1015625 0.153125
3 0.86796875 0.61328125 0.0390625 0.0671875
11 0.8265625 0.61640625 0.075 0.1796875
