3 0.93203125 0.70703125 0.0421875 0.0671875
3 0.412109375 0.71640625 0.03046875 0.0734375
1 0.472265625 0.7375 0.10078125 0.153125
3 0.643359375 0.740625 0.25546875 0.053125
8 0.966015625 0.74375 0.03828125 0.1
18 0.13984375 0.74375 0.0765625 0.1
3 0.1953125 0.750390625 0.021875 0.20703125
3 0.830859375 0.7609375 0.02421875 0.2
3 0.50625 0.846484375 0.66875 0.06796875
18 0.151953125 0.11015625 0.14765625 0.0609375
17 0.13984375 0.18359375 0.0359375 0.0734375
3 0.1875 0.2109375 0.071875 0.1
13 0.584765625 0.29375 0.10078125 0.146875
13 0.058203125 0.320703125 0.10390625 0.16015625
3 0.13125 0.323828125 0.059375 0.06015625
1 0.205859375 0.323046875 0.10546875 0.13984375
3 0.66875 0.340625 0.08125 0.146875
3 0.4984375 0.34375 0.078125 0.153125
3 0.19609375 0.470703125 0.0296875 0.17890625
3 0.410546875 0.480078125 0.03359375 0.06640625
1 0.472265625 0.484375 0.10078125 0.153125
1 0.68828125 0.484375 0.1015625 0.140625
3 0.75546875 0.48359375 0.0390625 0.0609375
5 0.19375 0.58671875 0.071875 0.1734375
9 0.389453125 0.597265625 0.03515625 0.32578125
9 0.769921875 0.596875 0.03984375 0.40625
1 0.318359375 0.6078125 0.09296875 0.146875
3 0.2453125 0.60703125 0.0625 0.0671875
3 0.376953125 0.61015625 0.02890625 0.0734375
3 0.794140625 0.6109375 0.03203125 0.059375
1 0.93203125 0.6109375 0.1015625 0.153125
3 0.86796875 0.61328125 0.0390625 0.0671875
11 0.8265625 0.61640625 0.075 0.1796875
