3 0.9318359375 0.7068359375 0.041796875 0.066796875
3 0.412109375 0.71640625 0.03046875 0.0734375
1 0.4720703125 0.7375 0.100390625 0.153125
3 0.6435546875 0.740625 0.255859375 0.053125
8 0.9658203125 0.74375 0.037890625 0.1
18 0.1400390625 0.74375 0.076953125 0.1
3 0.1947265625 0.7501953125 0.020703125 0.206640625
3 0.830859375 0.7609375 0.02421875 0.2
3 0.5060546875 0.8470703125 0.668359375 0.066015625
18 0.151953125 0.1099609375 0.14765625 0.060546875
17 0.13984375 0.18359375 0.0359375 0.0734375
3 0.1869140625 0.2109375 0.070703125 0.1
13 0.5845703125 0.29375 0.100390625 0.146875
13 0.0580078125 0.3205078125 0.103515625 0.159765625
3 0.13125 0.3236328125 0.059375 0.059765625
1 0.2064453125 0.3232421875 0.103515625 0.140234375
3 0.6685546875 0.340625 0.080859375 0.146875
3 0.4982421875 0.34375 0.077734375 0.153125
3 0.19609375 0.470703125 0.0296875 0.17890625
3 0.410546875 0.4798828125 0.03359375 0.066015625
1 0.4720703125 0.484375 0.100390625 0.153125
1 0.6880859375 0.4837890625 0.101171875 0.139453125
3 0.7552734375 0.4833984375 0.038671875 0.060546875
5 0.1931640625 0.58671875 0.070703125 0.1734375
9 0.389453125 0.597265625 0.03515625 0.32578125
9 0.7705078125 0.5970703125 0.037890625 0.406640625
1 0.318359375 0.6078125 0.09296875 0.146875
3 0.2453125 0.6068359375 0.0625 0.066796875
3 0.376953125 0.61015625 0.02890625 0.0734375
3 0.794140625 0.6099609375 0.03203125 0.060546875
1 0.9318359375 0.6109375 0.101171875 0.153125
3 0.8677734375 0.6130859375 0.038671875 0.066796875
11 0.8263671875 0.61640625 0.074609375 0.1796875
