3 0.931640625 0.706640625 0.04140625 0.06640625
3 0.41328125 0.71640625 0.0296875 0.0734375
1 0.472265625 0.7375 0.10078125 0.153125
3 0.643359375 0.740625 0.25546875 0.053125
8 0.966015625 0.74375 0.03828125 0.1
18 0.140234375 0.74375 0.07734375 0.1
3 0.194921875 0.750390625 0.02109375 0.20703125
3 0.83203125 0.7609375 0.0234375 0.2
3 0.505859375 0.847265625 0.66796875 0.06640625
18 0.15234375 0.109765625 0.1484375 0.06015625
17 0.13984375 0.18359375 0.0359375 0.0734375
3 0.187109375 0.2109375 0.07109375 0.1
13 0.584765625 0.29375 0.10078125 0.146875
13 0.058203125 0.320703125 0.10390625 0.16015625
3 0.13125 0.323828125 0.059375 0.06015625
1 0.206640625 0.323046875 0.10390625 0.13984375
3 0.668359375 0.340625 0.08046875 0.146875
3 0.498046875 0.34375 0.07734375 0.153125
3 0.19609375 0.47109375 0.0296875 0.1796875
3 0.41171875 0.480078125 0.0328125 0.06640625
1 0.472265625 0.484375 0.10078125 0.153125
1 0.687890625 0.483984375 0.10078125 0.13984375
3 0.755078125 0.483203125 0.03828125 0.06015625
5 0.193359375 0.58671875 0.07109375 0.1734375
9 0.38984375 0.59765625 0.0359375 0.3265625
9 0.770703125 0.597265625 0.03828125 0.40703125
1 0.31953125 0.6078125 0.0921875 0.146875
3 0.2453125 0.606640625 0.0625 0.06640625
3 0.37734375 0.61015625 0.0296875 0.0734375
3 0.79453125 0.609765625 0.0328125 0.06015625
1 0.931640625 0.6109375 0.10078125 0.153125
3 0.867578125 0.612890625 0.03828125 0.06640625
11 0.826171875 0.61640625 0.07421875 0.1796875
