1 0.76875 0.373828125 0.25 0.06640625
3 0.739453125 0.4193359375 0.04140625 0.041796875
5 0.7341796875 0.4484375 0.096484375 0.059375
3 0.8404296875 0.451953125 0.180859375 0.02890625
3 0.4609375 0.4572265625 0.515625 0.033203125
9 0.16484375 0.46484375 0.1703125 0.0484375
3 0.4234375 0.496875 0.5375 0.059375
3 0.141015625 0.5037109375 0.02578125 0.082421875
1 0.77109375 0.5078125 0.1703125 0.059375
3 0.93046875 0.5416015625 0.0421875 0.223828125
3 0.9626953125 0.55234375 0.031640625 0.5078125
3 0.644140625 0.5615234375 0.27578125 0.041796875
1 0.1513671875 0.5671875 0.218359375 0.059375
3 0.3271484375 0.57109375 0.154296875 0.0296875
10 0.4576171875 0.57265625 0.180859375 0.0484375
3 0.4546875 0.6044921875 0.0375 0.052734375
17 0.14921875 0.0630859375 0.0640625 0.044921875
11 0.4599609375 0.64140625 0.123046875 0.0671875
3 0.705078125 0.645703125 0.47265625 0.02890625
3 0.4546875 0.6771484375 0.0375 0.041796875
1 0.4544921875 0.725 0.165234375 0.059375
3 0.4580078125 0.7662109375 0.031640625 0.041796875
11 0.4578125 0.79140625 0.10625 0.0671875
3 0.7212890625 0.7970703125 0.505078125 0.025390625
3 0.4546875 0.8302734375 0.0375 0.041796875
1 0.14921875 0.8734375 0.1703125 0.059375
3 0.303125 0.8734375 0.159375 0.0375
1 0.4544921875 0.8734375 0.165234375 0.059375
3 0.1515625 0.91875 0.0375 0.0375
3 0.1537109375 0.0955078125 0.032421875 0.041015625
8 0.1513671875 0.9498046875 0.058984375 0.033984375
1 0.1568359375 0.1390625 0.176171875 0.059375
3 0.15390625 0.1828125 0.0421875 0.0375
1 0.1572265625 0.225 0.164453125 0.059375
1 0.765625 0.2255859375 0.159375 0.063671875
3 0.46015625 0.22734375 0.4734375 0.0296875
3 0.76875 0.27421875 0.0375 0.0484375
5 0.7712890625 0.30625 0.095703125 0.075
3 0.4892578125 0.3115234375 0.531640625 0.026171875
3 0.88046875 0.31328125 0.1859375 0.0296875
1 0.1572265625 0.3140625 0.164453125 0.059375
3 0.390625 0.3654296875 0.515625 0.052734375
