3 0.73828125 0.39453125 0.0515625 0.0546875
0 0.7421875 0.4421875 0.26875 0.05
3 0.740625 0.49140625 0.046875 0.0546875
0 0.740625 0.5390625 0.221875 0.05
3 0.740625 0.57578125 0.046875 0.0390625
9 0.73828125 0.59296875 0.2265625 0.0578125
3 0.52890625 0.63203125 0.3359375 0.0578125
0 0.24296875 0.63515625 0.2484375 0.0578125
3 0.81015625 0.64765625 0.0421875 0.0890625
3 0.090625 0.70546875 0.046875 0.1671875
0 0.80703125 0.71015625 0.2734375 0.0546875
3 0.52109375 0.71328125 0.3296875 0.0421875
0 0.23046875 0.7125 0.2734375 0.05
3 0.2296875 0.7625 0.046875 0.05
3 0.11640625 0.078125 0.0765625 0.03125
3 0.49765625 0.07734375 0.2328125 0.0390625
17 0.0515625 0.0796875 0.071875 0.05
0 0.740625 0.0796875 0.2625 0.05
10 0.1578125 0.7796875 0.253125 0.0625
0 0.27421875 0.08203125 0.2484375 0.0546875
3 0.15703125 0.81484375 0.0359375 0.0390625
0 0.76875 0.8609375 0.26875 0.046875
1 0.16015625 0.8640625 0.1234375 0.05
3 0.425 0.86484375 0.428125 0.0390625
3 0.765625 0.90078125 0.046875 0.0390625
8 0.76875 0.94375 0.071875 0.05
3 0.56953125 0.140625 0.3765625 0.08125
0 0.25 0.15546875 0.2625 0.0546875
3 0.25859375 0.20546875 0.0421875 0.0546875
5 0.25234375 0.2421875 0.1234375 0.08125
3 0.12421875 0.2625 0.2171875 0.046875
3 0.25625 0.29609375 0.046875 0.0578125
8 0.0578125 0.31171875 0.071875 0.0421875
0 0.25234375 0.34609375 0.2171875 0.0578125
3 0.49765625 0.3453125 0.2828125 0.034375
0 0.7453125 0.34765625 0.221875 0.0546875
