3 0.737890625 0.393359375 0.05078125 0.05546875
0 0.7421875 0.4421875 0.26875 0.05
3 0.740625 0.490234375 0.046875 0.05546875
0 0.740625 0.5390625 0.221875 0.05
3 0.740625 0.575390625 0.046875 0.03828125
9 0.737890625 0.59296875 0.22578125 0.0578125
3 0.527734375 0.631640625 0.33671875 0.05703125
0 0.242578125 0.63515625 0.24765625 0.0578125
3 0.808984375 0.647265625 0.04296875 0.08828125
3 0.090625 0.705078125 0.046875 0.16640625
0 0.80703125 0.71015625 0.2734375 0.0546875
3 0.520703125 0.712109375 0.32890625 0.04296875
0 0.230078125 0.7125 0.27265625 0.05
3 0.2296875 0.7625 0.046875 0.05
3 0.116015625 0.078125 0.07578125 0.03125
3 0.49765625 0.07734375 0.2328125 0.0390625
17 0.0515625 0.0796875 0.071875 0.05
0 0.740625 0.0796875 0.2625 0.05
10 0.1578125 0.7796875 0.253125 0.0625
0 0.273828125 0.080859375 0.24765625 0.05546875
3 0.15703125 0.81484375 0.0359375 0.0390625
0 0.76875 0.8609375 0.26875 0.046875
1 0.16015625 0.8640625 0.1234375 0.05
3 0.425 0.86484375 0.428125 0.0390625
3 0.765625 0.900390625 0.046875 0.03828125
8 0.76875 0.94375 0.071875 0.05
3 0.56953125 0.140625 0.3765625 0.08125
0 0.25 0.155078125 0.2625 0.05390625
3 0.258203125 0.205078125 0.04140625 0.05390625
5 0.25234375 0.2421875 0.1234375 0.08125
3 0.123828125 0.2625 0.21640625 0.046875
3 0.25625 0.294921875 0.046875 0.05859375
8 0.0578125 0.311328125 0.071875 0.04140625
0 0.25234375 0.344921875 0.2171875 0.05859375
3 0.49765625 0.3453125 0.2828125 0.034375
0 0.7453125 0.34765625 0.221875 0.0546875
