3 0.737890625 0.3939453125 0.05078125 0.053515625
0 0.7419921875 0.4421875 0.268359375 0.05
3 0.7400390625 0.4908203125 0.045703125 0.053515625
0 0.740625 0.5390625 0.221875 0.05
3 0.7400390625 0.5751953125 0.045703125 0.037890625
9 0.737890625 0.59296875 0.22578125 0.0578125
3 0.5283203125 0.631640625 0.334765625 0.05703125
0 0.2423828125 0.63515625 0.247265625 0.0578125
3 0.8095703125 0.647265625 0.041015625 0.08828125
3 0.0900390625 0.7048828125 0.045703125 0.166015625
0 0.80703125 0.7099609375 0.2734375 0.054296875
3 0.520703125 0.712109375 0.32890625 0.04296875
0 0.230078125 0.7125 0.27265625 0.05
3 0.2294921875 0.7625 0.046484375 0.05
3 0.1154296875 0.078125 0.077734375 0.03125
3 0.4974609375 0.0771484375 0.232421875 0.038671875
17 0.0515625 0.0796875 0.071875 0.05
0 0.740625 0.0796875 0.2625 0.05
10 0.1572265625 0.7794921875 0.251953125 0.062109375
0 0.2736328125 0.0814453125 0.247265625 0.053515625
3 0.15703125 0.8146484375 0.0359375 0.038671875
0 0.7681640625 0.8607421875 0.267578125 0.046484375
1 0.16015625 0.8640625 0.1234375 0.05
3 0.425 0.8646484375 0.428125 0.038671875
3 0.7654296875 0.9001953125 0.046484375 0.037890625
8 0.76875 0.94375 0.071875 0.05
3 0.56953125 0.140625 0.3765625 0.08125
0 0.25 0.1548828125 0.2625 0.053515625
3 0.2580078125 0.2048828125 0.041015625 0.053515625
5 0.25234375 0.2421875 0.1234375 0.08125
3 0.1236328125 0.2623046875 0.216015625 0.046484375
3 0.2556640625 0.294921875 0.045703125 0.05859375
8 0.0578125 0.311328125 0.071875 0.04140625
0 0.2521484375 0.344921875 0.216796875 0.05859375
3 0.4978515625 0.3453125 0.283203125 0.034375
0 0.7453125 0.3474609375 0.221875 0.054296875
