3 0.73828125 0.394140625 0.0515625 0.05390625
0 0.741796875 0.4421875 0.26796875 0.05
3 0.740234375 0.491015625 0.04609375 0.05390625
0 0.740625 0.5390625 0.221875 0.05
3 0.740234375 0.575390625 0.04609375 0.03828125
9 0.73828125 0.59296875 0.2265625 0.0578125
3 0.528515625 0.63203125 0.33515625 0.0578125
0 0.242578125 0.63515625 0.24765625 0.0578125
3 0.809765625 0.64765625 0.04140625 0.0890625
3 0.090234375 0.705078125 0.04609375 0.16640625
0 0.80703125 0.709765625 0.2734375 0.05390625
3 0.52109375 0.71328125 0.3296875 0.0421875
0 0.23046875 0.7125 0.2734375 0.05
3 0.229296875 0.7625 0.04609375 0.05
3 0.115234375 0.078125 0.07734375 0.03125
3 0.497265625 0.076953125 0.23203125 0.03828125
17 0.0515625 0.0796875 0.071875 0.05
0 0.740625 0.0796875 0.2625 0.05
10 0.157421875 0.779296875 0.25234375 0.06171875
0 0.273828125 0.081640625 0.24765625 0.05390625
3 0.15703125 0.814453125 0.0359375 0.03828125
0 0.768359375 0.860546875 0.26796875 0.04609375
1 0.16015625 0.8640625 0.1234375 0.05
3 0.425 0.864453125 0.428125 0.03828125
3 0.765234375 0.900390625 0.04609375 0.03828125
8 0.76875 0.94375 0.071875 0.05
3 0.56953125 0.140625 0.3765625 0.08125
0 0.25 0.155078125 0.2625 0.05390625
3 0.258203125 0.205078125 0.04140625 0.05390625
5 0.25234375 0.2421875 0.1234375 0.08125
3 0.123828125 0.262109375 0.21640625 0.04609375
3 0.255859375 0.29609375 0.04609375 0.0578125
8 0.0578125 0.31171875 0.071875 0.0421875
0 0.251953125 0.34609375 0.21640625 0.0578125
3 0.498046875 0.3453125 0.28359375 0.034375
0 0.7453125 0.347265625 0.221875 0.05390625
