3 0.58984375 0.5673828125 0.0734375 0.053515625
0 0.7892578125 0.5705078125 0.325390625 0.134765625
1 0.4427734375 0.6107421875 0.241796875 0.205859375
3 0.425 0.7484375 0.04375 0.08125
1 0.7931640625 0.81640625 0.333203125 0.1296875
3 0.5857421875 0.825 0.102734375 0.059375
1 0.4318359375 0.8462890625 0.219921875 0.123828125
3 0.81875 0.8974609375 0.040625 0.054296875
3 0.10078125 0.0923828125 0.0328125 0.053515625
8 0.8171875 0.959375 0.04375 0.059375
3 0.2416015625 0.20234375 0.058203125 0.0484375
0 0.4029296875 0.2080078125 0.271484375 0.134765625
3 0.573046875 0.210546875 0.07734375 0.03359375
0 0.796875 0.211328125 0.384375 0.12890625
1 0.1140625 0.2107421875 0.2125 0.183984375
3 0.7640625 0.3025390625 0.040625 0.086328125
17 0.1015625 0.040625 0.040625 0.059375
0 0.7642578125 0.3978515625 0.428515625 0.123828125
3 0.7640625 0.484375 0.040625 0.059375
