3 0.58984375 0.567578125 0.0734375 0.05390625
0 0.789453125 0.570703125 0.32578125 0.13515625
1 0.442578125 0.610546875 0.24140625 0.20546875
3 0.425 0.7484375 0.04375 0.08125
1 0.793359375 0.81640625 0.33359375 0.1296875
3 0.585546875 0.825 0.10234375 0.059375
1 0.431640625 0.846484375 0.21953125 0.12421875
3 0.81875 0.897265625 0.040625 0.05390625
3 0.10078125 0.092578125 0.0328125 0.05390625
8 0.8171875 0.959375 0.04375 0.059375
3 0.241796875 0.20234375 0.05859375 0.0484375
0 0.402734375 0.208203125 0.27109375 0.13515625
3 0.57421875 0.21171875 0.0765625 0.0328125
0 0.796875 0.21171875 0.384375 0.1296875
1 0.1140625 0.210546875 0.2125 0.18359375
3 0.7640625 0.302734375 0.040625 0.08671875
17 0.1015625 0.040625 0.040625 0.059375
0 0.764453125 0.398046875 0.42890625 0.12421875
3 0.7640625 0.484375 0.040625 0.059375
