17 0.4765625 0.0390625 0.0875 0.0625
15 0.7 0.42578125 0.35 0.1265625
15 0.221875 0.43046875 0.35625 0.1265625
3 0.2328125 0.51640625 0.05 0.0765625
3 0.69921875 0.51796875 0.0546875 0.0578125
10 0.4953125 0.54375 0.95625 0.065625
3 0.4953125 0.596875 0.059375 0.06875
15 0.4921875 0.68671875 0.35 0.1265625
3 0.4984375 0.76875 0.065625 0.065625
3 0.4765625 0.0859375 0.065625 0.0625
1 0.4984375 0.8421875 0.371875 0.090625
3 0.5 0.90390625 0.071875 0.0546875
8 0.5 0.95703125 0.09375 0.0578125
15 0.46484375 0.175 0.3609375 0.13125
3 0.4734375 0.2609375 0.071875 0.065625
9 0.5 0.2953125 0.95625 0.0625
3 0.23203125 0.3390625 0.0609375 0.06875
3 0.69921875 0.340625 0.0546875 0.065625
