3 0.590234375 0.372265625 0.04921875 0.02890625
5 0.590234375 0.42890625 0.21171875 0.1203125
3 0.778125 0.444921875 0.20625 0.05859375
3 0.404296875 0.44765625 0.21171875 0.0546875
1 0.859375 0.50546875 0.271875 0.0765625
1 0.323046875 0.51015625 0.27734375 0.0765625
3 0.323046875 0.552734375 0.04921875 0.03984375
1 0.3203125 0.605078125 0.271875 0.07265625
3 0.3203125 0.649609375 0.04375 0.03671875
1 0.315625 0.70234375 0.271875 0.0765625
3 0.323046875 0.748046875 0.04921875 0.03671875
3 0.59296875 0.080859375 0.0546875 0.03671875
5 0.31484375 0.80546875 0.2390625 0.1203125
3 0.466796875 0.843359375 0.13046875 0.10234375
3 0.162890625 0.850390625 0.14140625 0.09453125
1 0.13828125 0.92421875 0.2765625 0.0828125
1 0.51171875 0.92578125 0.2828125 0.0765625
1 0.5921875 0.13046875 0.271875 0.0765625
3 0.59296875 0.177734375 0.0546875 0.03984375
1 0.594921875 0.229296875 0.27734375 0.08046875
3 0.59296875 0.276171875 0.0546875 0.03984375
1 0.590234375 0.32734375 0.27734375 0.0765625
