3 0.5900390625 0.3720703125 0.048828125 0.028515625
5 0.5900390625 0.42890625 0.211328125 0.1203125
3 0.778125 0.4451171875 0.20625 0.058984375
3 0.4044921875 0.446484375 0.212109375 0.05546875
1 0.859375 0.50546875 0.271875 0.0765625
1 0.3232421875 0.509765625 0.277734375 0.07578125
3 0.3232421875 0.5529296875 0.049609375 0.040234375
1 0.3203125 0.6052734375 0.271875 0.073046875
3 0.3203125 0.6498046875 0.04375 0.037109375
1 0.315625 0.70234375 0.271875 0.0765625
3 0.3232421875 0.7482421875 0.049609375 0.037109375
3 0.592578125 0.0806640625 0.05390625 0.036328125
5 0.31484375 0.804296875 0.2390625 0.12109375
3 0.4669921875 0.8431640625 0.130859375 0.101953125
3 0.1630859375 0.8501953125 0.141796875 0.094140625
1 0.13828125 0.92421875 0.2765625 0.0828125
1 0.510546875 0.925390625 0.28359375 0.07578125
1 0.5921875 0.129296875 0.271875 0.07734375
3 0.592578125 0.1775390625 0.05390625 0.039453125
1 0.5951171875 0.2294921875 0.277734375 0.080859375
3 0.592578125 0.2759765625 0.05390625 0.039453125
1 0.5900390625 0.326171875 0.276953125 0.07734375
