3 0.590625 0.371484375 0.05 0.03046875
5 0.590625 0.42890625 0.2125 0.1203125
3 0.778125 0.4453125 0.20625 0.059375
3 0.4046875 0.446484375 0.2125 0.05546875
1 0.859375 0.50546875 0.271875 0.0765625
1 0.3234375 0.509765625 0.278125 0.07578125
3 0.3234375 0.553125 0.05 0.040625
1 0.3203125 0.60546875 0.271875 0.0734375
3 0.3203125 0.649609375 0.04375 0.03671875
1 0.315625 0.70234375 0.271875 0.0765625
3 0.3234375 0.748828125 0.05 0.03515625
3 0.592578125 0.08046875 0.05390625 0.0359375
5 0.31484375 0.804296875 0.2390625 0.12109375
3 0.467578125 0.84296875 0.12890625 0.1015625
3 0.16328125 0.850390625 0.1421875 0.09453125
1 0.13828125 0.92421875 0.2765625 0.0828125
1 0.510546875 0.925390625 0.28359375 0.07578125
1 0.5921875 0.129296875 0.271875 0.07734375
3 0.592578125 0.178125 0.05390625 0.040625
1 0.5953125 0.2296875 0.278125 0.08125
3 0.592578125 0.27578125 0.05390625 0.0390625
1 0.590625 0.326171875 0.278125 0.07734375
