3 0.41484375 0.39765625 0.0453125 0.0796875
9 0.41171875 0.446875 0.4328125 0.059375
3 0.465625 0.47734375 0.10625 0.0640625
3 0.35703125 0.4828125 0.1015625 0.059375
1 0.27890625 0.5453125 0.1953125 0.075
1 0.55546875 0.546875 0.1953125 0.0875
3 0.36015625 0.61328125 0.0859375 0.0671875
3 0.4609375 0.6171875 0.10625 0.075
10 0.4125 0.6546875 0.4625 0.071875
3 0.4171875 0.69921875 0.040625 0.0671875
17 0.415625 0.07109375 0.075 0.0546875
0 0.409375 0.76875 0.196875 0.0875
3 0.41484375 0.83671875 0.0453125 0.0828125
8 0.409375 0.9046875 0.075 0.059375
3 0.41484375 0.12265625 0.0453125 0.0640625
0 0.409375 0.18125 0.196875 0.0875
3 0.4171875 0.25390625 0.040625 0.0828125
0 0.409375 0.32890625 0.196875 0.0828125
