3 0.321875 0.3359375 0.059375 0.04375
0 0.331640625 0.373046875 0.36328125 0.07109375
3 0.32109375 0.0453125 0.0453125 0.046875
3 0.328125 0.433203125 0.059375 0.07890625
5 0.325 0.46640625 0.16875 0.0796875
0 0.81171875 0.46953125 0.3765625 0.0671875
3 0.51640625 0.4734375 0.3046875 0.0375
18 0.14609375 0.5125 0.2921875 0.04375
3 0.321875 0.53359375 0.059375 0.0859375
0 0.82734375 0.58984375 0.3453125 0.0578125
5 0.3453125 0.58984375 0.14375 0.0828125
18 0.15234375 0.63125 0.2796875 0.04375
3 0.321875 0.6421875 0.059375 0.09375
3 0.575 0.64765625 0.578125 0.0765625
0 0.324609375 0.72265625 0.29921875 0.0671875
3 0.328515625 0.76875 0.04453125 0.04375
0 0.325 0.816015625 0.325 0.06953125
3 0.32109375 0.85859375 0.0453125 0.0515625
0 0.30546875 0.89921875 0.2859375 0.0546875
0 0.328125 0.09453125 0.5 0.0671875
3 0.325390625 0.951953125 0.05078125 0.04765625
8 0.3203125 0.98125 0.096875 0.0375
3 0.325390625 0.14453125 0.03828125 0.0515625
17 0.3140625 0.01640625 0.1375 0.0328125
0 0.321875 0.187890625 0.30625 0.06953125
3 0.321875 0.2390625 0.059375 0.046875
0 0.327734375 0.28359375 0.28046875 0.0671875
