3 0.68671875 0.41796875 0.0328125 0.0671875
3 0.32734375 0.41875 0.0796875 0.059375
1 0.684375 0.484375 0.196875 0.078125
1 0.31640625 0.4875 0.2078125 0.078125
3 0.3859375 0.5375 0.165625 0.04375
3 0.61953125 0.5421875 0.2078125 0.04375
11 0.49453125 0.54765625 0.1171875 0.0484375
3 0.4921875 0.57109375 0.0375 0.0234375
3 0.11171875 0.57890625 0.0421875 0.5296875
9 0.49296875 0.59765625 0.4421875 0.0671875
3 0.3484375 0.634375 0.0375 0.059375
3 0.62265625 0.6359375 0.0421875 0.05625
3 0.4953125 0.6359375 0.053125 0.05625
1 0.340625 0.6890625 0.15 0.0625
1 0.4921875 0.6890625 0.14375 0.05625
1 0.646875 0.690625 0.14375 0.059375
3 0.49453125 0.73046875 0.0421875 0.0421875
3 0.62265625 0.73359375 0.0328125 0.0421875
3 0.35703125 0.73359375 0.0640625 0.0421875
10 0.484375 0.76328125 0.446875 0.0640625
3 0.4921875 0.7953125 0.0375 0.04375
5 0.4890625 0.834375 0.2125 0.078125
3 0.25546875 0.83671875 0.3203125 0.0296875
3 0.49453125 0.87734375 0.0328125 0.0296875
1 0.4984375 0.90859375 0.196875 0.0484375
3 0.49453125 0.94296875 0.0328125 0.0265625
8 0.49453125 0.97265625 0.0640625 0.0484375
17 0.5140625 0.11640625 0.059375 0.0453125
3 0.51328125 0.15546875 0.0265625 0.0484375
1 0.5140625 0.21328125 0.196875 0.0828125
3 0.515625 0.2828125 0.021875 0.078125
11 0.51640625 0.32734375 0.1171875 0.0703125
3 0.2875 0.33203125 0.39375 0.0296875
3 0.5078125 0.36796875 0.0375 0.0484375
