3 0.685546875 0.41796875 0.03359375 0.0671875
3 0.32734375 0.41875 0.0796875 0.059375
1 0.684375 0.484375 0.196875 0.078125
1 0.31640625 0.4875 0.2078125 0.078125
3 0.3859375 0.5375 0.165625 0.04375
3 0.61953125 0.5421875 0.2078125 0.04375
11 0.49453125 0.546484375 0.1171875 0.04921875
3 0.4921875 0.57109375 0.0375 0.0234375
3 0.11171875 0.577734375 0.0421875 0.53046875
9 0.492578125 0.596484375 0.44140625 0.06796875
3 0.3484375 0.634375 0.0375 0.059375
3 0.62265625 0.6359375 0.0421875 0.05625
3 0.4953125 0.6359375 0.053125 0.05625
1 0.340625 0.6890625 0.15 0.0625
1 0.4921875 0.6890625 0.14375 0.05625
1 0.646875 0.690625 0.14375 0.059375
3 0.49453125 0.730078125 0.0421875 0.04140625
3 0.62265625 0.73359375 0.0328125 0.0421875
3 0.356640625 0.73359375 0.06328125 0.0421875
10 0.484375 0.76328125 0.446875 0.0640625
3 0.4921875 0.7953125 0.0375 0.04375
5 0.4890625 0.834375 0.2125 0.078125
3 0.25546875 0.836328125 0.3203125 0.02890625
3 0.49453125 0.876953125 0.0328125 0.02890625
1 0.4984375 0.90859375 0.196875 0.0484375
3 0.49453125 0.941796875 0.0328125 0.02734375
8 0.49453125 0.971484375 0.0640625 0.04921875
17 0.5140625 0.116015625 0.059375 0.04453125
3 0.51328125 0.155078125 0.0265625 0.04765625
1 0.5140625 0.212890625 0.196875 0.08203125
3 0.515625 0.2828125 0.021875 0.078125
11 0.515234375 0.326171875 0.11796875 0.07109375
3 0.2875 0.33203125 0.39375 0.0296875
3 0.5078125 0.367578125 0.0375 0.04765625
