3 0.6861328125 0.41796875 0.031640625 0.0671875
3 0.32734375 0.41875 0.0796875 0.059375
1 0.684375 0.484375 0.196875 0.078125
1 0.31640625 0.4875 0.2078125 0.078125
3 0.3857421875 0.5376953125 0.165234375 0.044140625
3 0.61953125 0.5412109375 0.2078125 0.044921875
11 0.49453125 0.546484375 0.1171875 0.04921875
3 0.4921875 0.5708984375 0.0375 0.023046875
3 0.11171875 0.577734375 0.0421875 0.53046875
9 0.4923828125 0.596484375 0.441015625 0.06796875
3 0.3484375 0.634375 0.0375 0.059375
3 0.62265625 0.6359375 0.0421875 0.05625
3 0.4953125 0.6359375 0.053125 0.05625
1 0.3404296875 0.6880859375 0.149609375 0.063671875
1 0.4921875 0.6890625 0.14375 0.05625
1 0.646875 0.690625 0.14375 0.059375
3 0.49453125 0.7298828125 0.0421875 0.041015625
3 0.6224609375 0.7333984375 0.032421875 0.041796875
3 0.356640625 0.7333984375 0.06328125 0.041796875
10 0.484375 0.7630859375 0.446875 0.063671875
3 0.4921875 0.7943359375 0.0375 0.044921875
5 0.4890625 0.834375 0.2125 0.078125
3 0.2552734375 0.836328125 0.319921875 0.02890625
3 0.4943359375 0.876953125 0.032421875 0.02890625
1 0.4984375 0.90859375 0.196875 0.0484375
3 0.4943359375 0.9423828125 0.032421875 0.025390625
8 0.49453125 0.971484375 0.0640625 0.04921875
17 0.5134765625 0.1158203125 0.058203125 0.044140625
3 0.51328125 0.155078125 0.0265625 0.04765625
1 0.5140625 0.2126953125 0.196875 0.081640625
3 0.5154296875 0.2828125 0.021484375 0.078125
11 0.515234375 0.3263671875 0.11796875 0.071484375
3 0.2875 0.33203125 0.39375 0.0296875
3 0.5078125 0.367578125 0.0375 0.04765625
