3 0.686328125 0.41796875 0.03203125 0.0671875
3 0.32734375 0.41875 0.0796875 0.059375
1 0.684375 0.484375 0.196875 0.078125
1 0.31640625 0.4875 0.2078125 0.078125
3 0.385546875 0.537890625 0.16484375 0.04453125
3 0.61953125 0.541015625 0.2078125 0.04453125
11 0.49453125 0.54765625 0.1171875 0.0484375
3 0.4921875 0.570703125 0.0375 0.02265625
3 0.11171875 0.57890625 0.0421875 0.5296875
9 0.492578125 0.59765625 0.44140625 0.0671875
3 0.3484375 0.634375 0.0375 0.059375
3 0.62265625 0.6359375 0.0421875 0.05625
3 0.4953125 0.6359375 0.053125 0.05625
1 0.340234375 0.687890625 0.14921875 0.06328125
1 0.4921875 0.6890625 0.14375 0.05625
1 0.646875 0.690625 0.14375 0.059375
3 0.49453125 0.730078125 0.0421875 0.04140625
3 0.622265625 0.733203125 0.03203125 0.04140625
3 0.35703125 0.733203125 0.0640625 0.04140625
10 0.484375 0.762890625 0.446875 0.06328125
3 0.4921875 0.794140625 0.0375 0.04453125
5 0.4890625 0.834375 0.2125 0.078125
3 0.255078125 0.83671875 0.31953125 0.0296875
3 0.494140625 0.87734375 0.03203125 0.0296875
1 0.4984375 0.90859375 0.196875 0.0484375
3 0.494140625 0.942578125 0.03203125 0.02578125
8 0.49453125 0.97265625 0.0640625 0.0484375
17 0.513671875 0.116015625 0.05859375 0.04453125
3 0.51328125 0.15546875 0.0265625 0.0484375
1 0.5140625 0.212890625 0.196875 0.08203125
3 0.515234375 0.2828125 0.02109375 0.078125
11 0.51640625 0.326171875 0.1171875 0.07109375
3 0.2875 0.33203125 0.39375 0.0296875
3 0.5078125 0.36796875 0.0375 0.0484375
