3 0.6609375 0.646875 0.034375 0.096875
3 0.16640625 0.653125 0.0265625 0.071875
8 0.1671875 0.715625 0.040625 0.065625
0 0.66796875 0.7375 0.1328125 0.096875
3 0.662109375 0.80625 0.03046875 0.065625
8 0.66640625 0.862109375 0.0359375 0.06171875
17 0.41015625 0.11953125 0.0296875 0.0484375
3 0.41015625 0.165625 0.0234375 0.078125
5 0.4109375 0.23046875 0.05625 0.1265625
3 0.496484375 0.242578125 0.13671875 0.05390625
3 0.320703125 0.242578125 0.13515625 0.05390625
0 0.65625 0.2453125 0.196875 0.096875
0 0.159375 0.248046875 0.19375 0.10234375
3 0.6609375 0.3234375 0.034375 0.084375
3 0.16875 0.3265625 0.0375 0.078125
5 0.16875 0.3953125 0.05625 0.13125
5 0.662890625 0.398046875 0.06328125 0.12734375
3 0.741015625 0.40390625 0.11953125 0.0546875
3 0.2375 0.41015625 0.109375 0.0546875
0 0.3625 0.421875 0.140625 0.1375
0 0.86875 0.428125 0.14375 0.1375
3 0.660546875 0.4796875 0.02109375 0.096875
3 0.164453125 0.4921875 0.02890625 0.096875
3 0.366015625 0.5125 0.02578125 0.078125
3 0.869921875 0.515625 0.02734375 0.071875
0 0.67109375 0.562890625 0.1859375 0.10703125
8 0.871875 0.575 0.0375 0.059375
0 0.17578125 0.578515625 0.1796875 0.11328125
8 0.366015625 0.58125 0.03828125 0.059375
