3 0.759375 0.496875 0.053125 0.15625
5 0.762109375 0.586328125 0.11796875 0.09765625
3 0.56328125 0.591796875 0.3109375 0.04609375
1 0.245703125 0.59609375 0.33515625 0.0953125
3 0.24296875 0.7015625 0.0484375 0.13125
1 0.244921875 0.8 0.36484375 0.090625
3 0.2484375 0.875 0.059375 0.103125
8 0.2484375 0.959765625 0.06875 0.05703125
3 0.24765625 0.109375 0.0484375 0.103125
1 0.24296875 0.20078125 0.3203125 0.0984375
3 0.2453125 0.290625 0.053125 0.115625
17 0.24375 0.0359375 0.0875 0.0625
5 0.2453125 0.3609375 0.121875 0.10625
1 0.7578125 0.3734375 0.340625 0.10625
3 0.44140625 0.3734375 0.3109375 0.040625
