3 0.637890625 0.481640625 0.14453125 0.03203125
3 0.287109375 0.4828125 0.21484375 0.040625
0 0.811328125 0.484375 0.21953125 0.090625
0 0.48046875 0.48671875 0.1796875 0.0859375
3 0.48359375 0.540625 0.0265625 0.040625
0 0.488671875 0.60390625 0.25859375 0.0859375
3 0.590234375 0.669140625 0.25859375 0.06328125
3 0.352734375 0.06796875 0.03984375 0.0546875
5 0.7015625 0.735546875 0.0875 0.06796875
0 0.491015625 0.7375 0.26328125 0.08125
3 0.658203125 0.737109375 0.07890625 0.02734375
0 0.896875 0.85625 0.11875 0.08125
0 0.703515625 0.85859375 0.18828125 0.0859375
3 0.81796875 0.8578125 0.0484375 0.040625
3 0.894140625 0.923828125 0.03515625 0.06328125
9 0.35546875 0.095703125 0.6578125 0.07265625
8 0.89296875 0.975 0.0484375 0.040625
3 0.480859375 0.134375 0.03046875 0.05
3 0.216796875 0.134375 0.03046875 0.040625
0 0.483203125 0.19765625 0.21953125 0.0859375
0 0.21953125 0.19765625 0.2546875 0.0859375
3 0.619921875 0.24453125 0.07421875 0.1359375
3 0.480859375 0.25390625 0.03046875 0.0453125
17 0.3515625 0.02734375 0.04375 0.0453125
5 0.48984375 0.290625 0.0921875 0.08125
3 0.572265625 0.298046875 0.14453125 0.02734375
3 0.483984375 0.35546875 0.03984375 0.0765625
3 0.201953125 0.3578125 0.03515625 0.253125
9 0.655078125 0.401953125 0.60078125 0.06328125
3 0.813671875 0.431640625 0.03046875 0.03203125
