3 0.63828125 0.48203125 0.1453125 0.0328125
3 0.2875 0.4828125 0.215625 0.040625
0 0.8125 0.484375 0.21875 0.090625
0 0.48046875 0.48671875 0.1796875 0.0859375
3 0.48359375 0.540625 0.0265625 0.040625
0 0.4890625 0.60390625 0.259375 0.0859375
3 0.590625 0.66953125 0.259375 0.0640625
3 0.35390625 0.06796875 0.0390625 0.0546875
5 0.7015625 0.73515625 0.0875 0.0671875
0 0.49140625 0.7375 0.2640625 0.08125
3 0.65859375 0.7375 0.0796875 0.028125
0 0.896875 0.85625 0.11875 0.08125
0 0.7046875 0.85859375 0.1875 0.0859375
3 0.81796875 0.8578125 0.0484375 0.040625
3 0.89453125 0.92421875 0.0359375 0.0640625
9 0.35546875 0.09609375 0.6578125 0.0734375
8 0.89296875 0.975 0.0484375 0.040625
3 0.48125 0.134375 0.03125 0.05
3 0.2171875 0.134375 0.03125 0.040625
0 0.48359375 0.19765625 0.2203125 0.0859375
0 0.21953125 0.19765625 0.2546875 0.0859375
3 0.6203125 0.24453125 0.075 0.1359375
3 0.48125 0.25390625 0.03125 0.0453125
17 0.3515625 0.02734375 0.04375 0.0453125
5 0.48984375 0.290625 0.0921875 0.08125
3 0.57265625 0.2984375 0.1453125 0.028125
3 0.484375 0.35546875 0.040625 0.0765625
3 0.20234375 0.3578125 0.0359375 0.253125
9 0.65546875 0.40234375 0.6015625 0.0640625
3 0.8140625 0.43203125 0.03125 0.0328125
