3 0.6380859375 0.4818359375 0.144921875 0.032421875
3 0.2873046875 0.4828125 0.215234375 0.040625
0 0.8115234375 0.484375 0.219921875 0.090625
0 0.48046875 0.48671875 0.1796875 0.0859375
3 0.482421875 0.540625 0.02734375 0.040625
0 0.4888671875 0.60390625 0.258984375 0.0859375
3 0.5900390625 0.6693359375 0.258203125 0.063671875
3 0.3529296875 0.06796875 0.040234375 0.0546875
5 0.7015625 0.7353515625 0.0875 0.067578125
0 0.4912109375 0.7375 0.263671875 0.08125
3 0.6580078125 0.7373046875 0.078515625 0.027734375
0 0.896875 0.85625 0.11875 0.08125
0 0.7037109375 0.858203125 0.188671875 0.08515625
3 0.81796875 0.8578125 0.0484375 0.040625
3 0.8943359375 0.9236328125 0.035546875 0.062890625
9 0.35546875 0.0955078125 0.6578125 0.072265625
8 0.892578125 0.975 0.04765625 0.040625
3 0.4806640625 0.134375 0.030078125 0.05
3 0.2169921875 0.134375 0.030859375 0.040625
0 0.4830078125 0.196484375 0.219140625 0.08671875
0 0.21953125 0.196484375 0.2546875 0.08671875
3 0.6201171875 0.24453125 0.074609375 0.1359375
3 0.4806640625 0.253515625 0.030078125 0.04453125
17 0.3515625 0.02734375 0.04375 0.0453125
5 0.489453125 0.290625 0.09140625 0.08125
3 0.5724609375 0.2982421875 0.144921875 0.027734375
3 0.4841796875 0.35546875 0.040234375 0.0765625
3 0.2017578125 0.3578125 0.034765625 0.253125
9 0.6552734375 0.4021484375 0.601171875 0.063671875
3 0.8134765625 0.4318359375 0.030078125 0.032421875
