3 0.76484375 0.4390625 0.0234375 0.0375
3 0.461328125 0.466796875 0.57265625 0.02109375
5 0.76953125 0.46953125 0.0640625 0.0578125
3 0.189453125 0.496875 0.02890625 0.078125
10 0.8734375 0.5125 0.0875 0.053125
9 0.165625 0.553125 0.0875 0.053125
0 0.75703125 0.5640625 0.1359375 0.05
18 0.4953125 0.058984375 0.06875 0.03046875
0 0.16484375 0.596875 0.1453125 0.040625
3 0.340625 0.596875 0.253125 0.025
10 0.4875 0.608203125 0.1125 0.07265625
18 0.815234375 0.065625 0.06796875 0.040625
18 0.17734375 0.066796875 0.0828125 0.04609375
0 0.456640625 0.6640625 0.14453125 0.04375
3 0.459375 0.7 0.025 0.04375
0 0.456640625 0.7265625 0.14453125 0.05
3 0.26484375 0.73671875 0.2765625 0.0359375
0 0.153125 0.7671875 0.140625 0.05
3 0.1578125 0.8078125 0.025 0.065625
8 0.15625 0.84921875 0.06875 0.0578125
17 0.15625 0.134375 0.059375 0.040625
3 0.16015625 0.16328125 0.0203125 0.0484375
0 0.153125 0.19609375 0.140625 0.0484375
3 0.16015625 0.2375 0.0203125 0.05
0 0.16015625 0.265625 0.1453125 0.05
0 0.762109375 0.2671875 0.13671875 0.053125
3 0.4640625 0.27109375 0.5 0.0203125
3 0.76484375 0.312890625 0.0234375 0.06953125
5 0.7625 0.34375 0.0875 0.065625
3 0.83984375 0.35078125 0.1265625 0.0234375
0 0.1625 0.35625 0.140625 0.05
3 0.487890625 0.35703125 0.53828125 0.0203125
3 0.4234375 0.4 0.534375 0.05625
3 0.8953125 0.40390625 0.04375 0.1640625
0 0.762890625 0.406640625 0.14453125 0.04453125
