3 0.765234375 0.438671875 0.02421875 0.03671875
3 0.461328125 0.46796875 0.57265625 0.0203125
5 0.769140625 0.469140625 0.06328125 0.05703125
3 0.189453125 0.496484375 0.02890625 0.07734375
10 0.8734375 0.5125 0.0875 0.053125
9 0.165625 0.553125 0.0875 0.053125
0 0.75703125 0.563671875 0.1359375 0.04921875
18 0.494921875 0.059765625 0.06796875 0.02890625
0 0.16484375 0.596875 0.1453125 0.040625
3 0.340234375 0.596484375 0.25234375 0.02421875
10 0.487109375 0.60859375 0.11171875 0.0734375
18 0.815234375 0.065625 0.06796875 0.040625
18 0.17734375 0.067578125 0.0828125 0.04453125
0 0.45703125 0.662890625 0.1453125 0.04453125
3 0.458984375 0.700390625 0.02421875 0.04453125
0 0.45703125 0.726171875 0.1453125 0.04921875
3 0.26484375 0.737109375 0.2765625 0.03671875
0 0.153125 0.766796875 0.140625 0.04921875
3 0.157421875 0.8078125 0.02421875 0.065625
8 0.155859375 0.848828125 0.06796875 0.05703125
17 0.155859375 0.134375 0.05859375 0.040625
3 0.159765625 0.163671875 0.01953125 0.04921875
0 0.153125 0.196484375 0.140625 0.04921875
3 0.159765625 0.237109375 0.01953125 0.04921875
0 0.16015625 0.265234375 0.1453125 0.04921875
0 0.76328125 0.2671875 0.1359375 0.053125
3 0.4640625 0.27109375 0.5 0.0203125
3 0.765234375 0.312890625 0.02421875 0.06953125
5 0.7625 0.34375 0.0875 0.065625
3 0.83984375 0.351171875 0.1265625 0.02421875
0 0.1625 0.355859375 0.140625 0.04921875
3 0.48828125 0.35703125 0.5390625 0.0203125
3 0.423046875 0.400390625 0.53359375 0.05703125
3 0.8953125 0.403515625 0.04375 0.16328125
0 0.76328125 0.406640625 0.1453125 0.04453125
