3 0.7650390625 0.4388671875 0.023828125 0.037109375
3 0.4611328125 0.466796875 0.572265625 0.02109375
5 0.7693359375 0.4693359375 0.063671875 0.057421875
3 0.1892578125 0.4962890625 0.028515625 0.076953125
10 0.8734375 0.5125 0.0875 0.053125
9 0.165625 0.553125 0.0875 0.053125
0 0.75703125 0.5634765625 0.1359375 0.048828125
18 0.4951171875 0.0595703125 0.068359375 0.028515625
0 0.16484375 0.596875 0.1453125 0.040625
3 0.3400390625 0.5962890625 0.251953125 0.023828125
10 0.4873046875 0.608203125 0.112109375 0.07265625
18 0.8154296875 0.065625 0.068359375 0.040625
18 0.17734375 0.0673828125 0.0828125 0.044140625
0 0.456640625 0.6630859375 0.14453125 0.044921875
3 0.4587890625 0.7001953125 0.023828125 0.044140625
0 0.456640625 0.7263671875 0.14453125 0.049609375
3 0.26484375 0.7369140625 0.2765625 0.036328125
0 0.153125 0.7669921875 0.140625 0.049609375
3 0.1576171875 0.8078125 0.024609375 0.065625
8 0.1556640625 0.8490234375 0.067578125 0.057421875
17 0.1556640625 0.134375 0.058203125 0.040625
3 0.1599609375 0.1634765625 0.019921875 0.048828125
0 0.153125 0.1962890625 0.140625 0.048828125
3 0.1599609375 0.2369140625 0.019921875 0.048828125
0 0.16015625 0.2654296875 0.1453125 0.049609375
0 0.762109375 0.2671875 0.13671875 0.053125
3 0.4640625 0.27109375 0.5 0.0203125
3 0.7650390625 0.3126953125 0.023828125 0.069140625
5 0.7625 0.34375 0.0875 0.065625
3 0.83984375 0.3509765625 0.1265625 0.023828125
0 0.1625 0.3556640625 0.140625 0.048828125
3 0.487890625 0.35703125 0.53828125 0.0203125
3 0.4228515625 0.4001953125 0.533203125 0.056640625
3 0.8953125 0.4037109375 0.04375 0.163671875
0 0.762890625 0.4064453125 0.14453125 0.044140625
