3 0.76484375 0.4390625 0.0234375 0.0375
3 0.46171875 0.46796875 0.5734375 0.0203125
5 0.76953125 0.46953125 0.0640625 0.0578125
3 0.18984375 0.496875 0.0296875 0.078125
10 0.8734375 0.5125 0.0875 0.053125
9 0.165625 0.553125 0.0875 0.053125
0 0.75703125 0.5640625 0.1359375 0.05
18 0.4953125 0.06015625 0.06875 0.0296875
0 0.16484375 0.596875 0.1453125 0.040625
3 0.340625 0.596875 0.253125 0.025
10 0.4875 0.60859375 0.1125 0.0734375
18 0.81640625 0.065625 0.0671875 0.040625
18 0.17734375 0.06796875 0.0828125 0.0453125
0 0.45703125 0.6640625 0.1453125 0.04375
3 0.459375 0.7 0.025 0.04375
0 0.45703125 0.7265625 0.1453125 0.05
3 0.26484375 0.73671875 0.2765625 0.0359375
0 0.153125 0.7671875 0.140625 0.05
3 0.1578125 0.8078125 0.025 0.065625
8 0.15625 0.84921875 0.06875 0.0578125
17 0.15625 0.134375 0.059375 0.040625
3 0.16015625 0.16328125 0.0203125 0.0484375
0 0.153125 0.19609375 0.140625 0.0484375
3 0.16015625 0.2375 0.0203125 0.05
0 0.16015625 0.265625 0.1453125 0.05
0 0.76328125 0.2671875 0.1359375 0.053125
3 0.4640625 0.27109375 0.5 0.0203125
3 0.76484375 0.31328125 0.0234375 0.0703125
5 0.7625 0.34375 0.0875 0.065625
3 0.83984375 0.35078125 0.1265625 0.0234375
0 0.1625 0.35625 0.140625 0.05
3 0.48828125 0.35703125 0.5390625 0.0203125
3 0.4234375 0.4 0.534375 0.05625
3 0.8953125 0.40390625 0.04375 0.1640625
0 0.76328125 0.40703125 0.1453125 0.0453125
