3 0.871875 0.44609375 0.05 0.1984375
3 0.26015625 0.4625 0.0234375 0.065625
5 0.7203125 0.53046875 0.190625 0.1234375
0 0.25625 0.5328125 0.240625 0.084375
3 0.515625 0.53515625 0.28125 0.0359375
3 0.85078125 0.53515625 0.0734375 0.0265625
3 0.73828125 0.6390625 0.0359375 0.11875
0 0.7375 0.72578125 0.234375 0.0828125
3 0.7359375 0.79921875 0.03125 0.0796875
8 0.7375 0.875 0.090625 0.075
17 0.26953125 0.2125 0.0953125 0.075
3 0.271875 0.290625 0.028125 0.078125
3 0.50546875 0.3625 0.2578125 0.03125
0 0.7359375 0.3640625 0.23125 0.078125
0 0.265625 0.36875 0.240625 0.078125
3 0.50546875 0.4265625 0.4921875 0.0625
