3 0.871875 0.4455078125 0.05 0.197265625
3 0.2599609375 0.4625 0.023046875 0.065625
5 0.7197265625 0.5302734375 0.189453125 0.123046875
0 0.2556640625 0.5326171875 0.239453125 0.083984375
3 0.5154296875 0.5349609375 0.280859375 0.035546875
3 0.8505859375 0.53515625 0.073046875 0.0265625
3 0.737109375 0.6390625 0.03671875 0.11875
0 0.7376953125 0.7259765625 0.234765625 0.083203125
3 0.7349609375 0.7986328125 0.032421875 0.078515625
8 0.7375 0.8748046875 0.090625 0.074609375
17 0.26953125 0.2123046875 0.0953125 0.074609375
3 0.2716796875 0.2896484375 0.027734375 0.079296875
3 0.504296875 0.3619140625 0.25859375 0.030078125
0 0.7353515625 0.3642578125 0.230078125 0.078515625
0 0.2650390625 0.3689453125 0.239453125 0.078515625
3 0.5044921875 0.4259765625 0.493359375 0.061328125
