1 0.80546875 0.396875 0.2234375 0.065625
1 0.17421875 0.39765625 0.2328125 0.0578125
3 0.48671875 0.39765625 0.4359375 0.0265625
3 0.80390625 0.44140625 0.0421875 0.0390625
3 0.88125 0.47734375 0.134375 0.0265625
5 0.81171875 0.47890625 0.1296875 0.0765625
3 0.80390625 0.509375 0.0421875 0.046875
9 0.790625 0.5328125 0.275 0.046875
3 0.4203125 0.55 0.528125 0.05
3 0.97890625 0.55546875 0.0421875 0.5296875
3 0.80546875 0.56015625 0.0359375 0.0234375
1 0.16953125 0.596875 0.2234375 0.065625
1 0.7984375 0.59765625 0.21875 0.0609375
3 0.9484375 0.6078125 0.03125 0.2875
3 0.81875 0.64765625 0.03125 0.0546875
3 0.48203125 0.6515625 0.6421875 0.046875
10 0.80078125 0.6734375 0.2546875 0.065625
17 0.17109375 0.06875 0.0515625 0.0375
3 0.80078125 0.71171875 0.0359375 0.0421875
11 0.81171875 0.7375 0.0984375 0.08125
3 0.88671875 0.74140625 0.1453125 0.0265625
1 0.49453125 0.746875 0.2234375 0.06875
3 0.6953125 0.75 0.1875 0.034375
3 0.50078125 0.78828125 0.0359375 0.0265625
11 0.50546875 0.8140625 0.1296875 0.065625
3 0.74921875 0.81640625 0.4609375 0.0234375
3 0.50546875 0.84765625 0.0359375 0.0390625
3 0.33515625 0.88671875 0.1296875 0.0265625
1 0.16328125 0.8890625 0.2234375 0.06875
1 0.50078125 0.8890625 0.2234375 0.06875
3 0.171875 0.93203125 0.040625 0.0390625
8 0.165625 0.9625 0.040625 0.03125
1 0.503125 0.13203125 0.228125 0.0640625
3 0.33515625 0.1359375 0.1296875 0.034375
1 0.17109375 0.1390625 0.2171875 0.06875
3 0.33203125 0.18671875 0.3734375 0.0578125
1 0.83203125 0.2375 0.2234375 0.06875
3 0.5 0.2375 0.471875 0.03125
1 0.16953125 0.240625 0.2234375 0.065625
3 0.83203125 0.28125 0.0265625 0.034375
5 0.83984375 0.31484375 0.1046875 0.0609375
3 0.9203125 0.31640625 0.15 0.0265625
3 0.484375 0.31875 0.66875 0.03125
3 0.171875 0.3390625 0.040625 0.065625
