1 0.8052734375 0.3966796875 0.223046875 0.065234375
1 0.173046875 0.397265625 0.23359375 0.05703125
3 0.4865234375 0.397265625 0.435546875 0.02578125
3 0.8033203125 0.4408203125 0.041015625 0.037890625
3 0.88125 0.47734375 0.134375 0.0265625
5 0.811328125 0.47890625 0.12890625 0.0765625
3 0.8033203125 0.5091796875 0.041015625 0.046484375
9 0.790625 0.5326171875 0.275 0.046484375
3 0.4203125 0.55 0.528125 0.05
3 0.9787109375 0.5552734375 0.041796875 0.529296875
3 0.80546875 0.5595703125 0.0359375 0.022265625
1 0.1689453125 0.5962890625 0.222265625 0.064453125
1 0.7978515625 0.59765625 0.217578125 0.0609375
3 0.9484375 0.6078125 0.03125 0.2875
3 0.81875 0.6474609375 0.03125 0.054296875
3 0.48203125 0.6513671875 0.6421875 0.046484375
10 0.8005859375 0.6728515625 0.254296875 0.064453125
17 0.17109375 0.0689453125 0.0515625 0.037890625
3 0.80078125 0.711328125 0.0359375 0.04140625
11 0.811328125 0.7373046875 0.09765625 0.080859375
3 0.885546875 0.74140625 0.14609375 0.0265625
1 0.4943359375 0.746875 0.223046875 0.06875
3 0.6947265625 0.75 0.186328125 0.034375
3 0.499609375 0.787890625 0.03671875 0.02578125
11 0.50546875 0.8138671875 0.1296875 0.065234375
3 0.748828125 0.8162109375 0.46015625 0.023046875
3 0.50546875 0.8470703125 0.0359375 0.037890625
3 0.333984375 0.88671875 0.13046875 0.0265625
1 0.1630859375 0.8890625 0.223046875 0.06875
1 0.5001953125 0.8890625 0.222265625 0.06875
3 0.1708984375 0.9314453125 0.041796875 0.037890625
8 0.1658203125 0.9619140625 0.041015625 0.030078125
1 0.503125 0.1322265625 0.228125 0.064453125
3 0.333984375 0.1359375 0.13046875 0.034375
1 0.1712890625 0.1390625 0.217578125 0.06875
3 0.330859375 0.185546875 0.37421875 0.05859375
1 0.8314453125 0.2375 0.222265625 0.06875
3 0.5 0.2373046875 0.471875 0.030859375
1 0.1689453125 0.2400390625 0.222265625 0.064453125
3 0.8314453125 0.28125 0.025390625 0.034375
5 0.8392578125 0.314453125 0.103515625 0.06015625
3 0.9203125 0.31640625 0.15 0.0265625
3 0.484375 0.3181640625 0.66875 0.030078125
3 0.1708984375 0.3388671875 0.041796875 0.065234375
