3 0.871875 0.48984375 0.040625 0.0578125
1 0.8703125 0.559375 0.1875 0.09375
3 0.87109375 0.63046875 0.0453125 0.0578125
1 0.62421875 0.696875 0.1796875 0.09375
1 0.8703125 0.696875 0.1875 0.09375
3 0.7453125 0.69921875 0.08125 0.0359375
3 0.621875 0.76328125 0.03125 0.0578125
17 0.1234375 0.08046875 0.05 0.0453125
1 0.128125 0.83203125 0.175 0.0984375
3 0.37421875 0.834375 0.3359375 0.040625
1 0.621875 0.83671875 0.175 0.0890625
3 0.12578125 0.89921875 0.0359375 0.0453125
8 0.1234375 0.93671875 0.059375 0.0484375
3 0.128125 0.12265625 0.03125 0.0578125
3 0.2515625 0.1890625 0.08125 0.040625
1 0.37734375 0.18828125 0.1796875 0.0921875
1 0.12578125 0.19140625 0.1796875 0.0890625
3 0.24765625 0.25078125 0.1078125 0.0671875
3 0.25390625 0.30546875 0.0859375 0.0359375
3 0.503125 0.31015625 0.08125 0.0359375
1 0.62421875 0.3125 0.1796875 0.09375
1 0.128125 0.3125 0.184375 0.09375
1 0.37734375 0.31484375 0.1796875 0.0984375
3 0.62421875 0.36484375 0.0359375 0.0390625
1 0.871875 0.42109375 0.184375 0.0984375
1 0.621875 0.42578125 0.184375 0.0890625
3 0.74296875 0.42578125 0.0765625 0.0359375
