3 0.871875 0.488671875 0.040625 0.05859375
1 0.8703125 0.559375 0.1875 0.09375
3 0.869921875 0.63046875 0.04609375 0.0578125
1 0.623828125 0.696875 0.17890625 0.09375
1 0.8703125 0.696875 0.1875 0.09375
3 0.7453125 0.69921875 0.08125 0.0359375
3 0.621875 0.76328125 0.03125 0.0578125
17 0.1234375 0.079296875 0.05 0.04609375
1 0.128125 0.83203125 0.175 0.0984375
3 0.37421875 0.834375 0.3359375 0.040625
1 0.621875 0.835546875 0.175 0.08984375
3 0.12578125 0.898046875 0.0359375 0.04609375
8 0.1234375 0.936328125 0.059375 0.04765625
3 0.128125 0.122265625 0.03125 0.05703125
3 0.2515625 0.1890625 0.08125 0.040625
1 0.376953125 0.18828125 0.17890625 0.0921875
1 0.12578125 0.191015625 0.1796875 0.08828125
3 0.247265625 0.249609375 0.10703125 0.06796875
3 0.252734375 0.30546875 0.08671875 0.0359375
3 0.503125 0.308984375 0.08125 0.03671875
1 0.623828125 0.3125 0.17890625 0.09375
1 0.128125 0.3125 0.184375 0.09375
1 0.376953125 0.314453125 0.17890625 0.09765625
3 0.623828125 0.36484375 0.03515625 0.0390625
1 0.871875 0.420703125 0.184375 0.09765625
1 0.621875 0.425390625 0.184375 0.08828125
3 0.741796875 0.424609375 0.07734375 0.03671875
