3 0.871875 0.488671875 0.040625 0.05859375
1 0.8705078125 0.5591796875 0.187890625 0.093359375
3 0.8705078125 0.63046875 0.044140625 0.0578125
1 0.623828125 0.6966796875 0.17890625 0.093359375
1 0.8705078125 0.6966796875 0.187890625 0.093359375
3 0.7447265625 0.6990234375 0.080078125 0.035546875
3 0.621875 0.76328125 0.03125 0.0578125
17 0.1232421875 0.0798828125 0.049609375 0.044140625
1 0.128125 0.8318359375 0.175 0.098046875
3 0.37421875 0.8341796875 0.3359375 0.040234375
1 0.621875 0.8361328125 0.175 0.087890625
3 0.12578125 0.8986328125 0.0359375 0.044140625
8 0.1232421875 0.936328125 0.058984375 0.04765625
3 0.128125 0.122265625 0.03125 0.05703125
3 0.2509765625 0.1884765625 0.080078125 0.039453125
1 0.376953125 0.1884765625 0.17890625 0.092578125
1 0.12578125 0.1908203125 0.1796875 0.087890625
3 0.247265625 0.2501953125 0.10703125 0.066015625
3 0.2533203125 0.3052734375 0.084765625 0.035546875
3 0.5025390625 0.3095703125 0.080078125 0.034765625
1 0.623828125 0.3119140625 0.17890625 0.092578125
1 0.1279296875 0.3119140625 0.183984375 0.092578125
1 0.376953125 0.3142578125 0.17890625 0.097265625
3 0.623828125 0.3650390625 0.03515625 0.039453125
1 0.8716796875 0.4205078125 0.183984375 0.097265625
1 0.6212890625 0.4251953125 0.183203125 0.087890625
3 0.741796875 0.4251953125 0.07734375 0.034765625
