3 0.871875 0.48984375 0.040625 0.0578125
1 0.870703125 0.558984375 0.18828125 0.09296875
3 0.870703125 0.63046875 0.04453125 0.0578125
1 0.62421875 0.696484375 0.1796875 0.09296875
1 0.870703125 0.696484375 0.18828125 0.09296875
3 0.744921875 0.698828125 0.08046875 0.03515625
3 0.621875 0.76328125 0.03125 0.0578125
17 0.123046875 0.080078125 0.04921875 0.04453125
1 0.128125 0.831640625 0.175 0.09765625
3 0.37421875 0.833984375 0.3359375 0.03984375
1 0.621875 0.836328125 0.175 0.08828125
3 0.12578125 0.898828125 0.0359375 0.04453125
8 0.123046875 0.93671875 0.05859375 0.0484375
3 0.128125 0.12265625 0.03125 0.0578125
3 0.251171875 0.188671875 0.08046875 0.03984375
1 0.37734375 0.188671875 0.1796875 0.09296875
1 0.12578125 0.191015625 0.1796875 0.08828125
3 0.24765625 0.250390625 0.1078125 0.06640625
3 0.253515625 0.305078125 0.08515625 0.03515625
3 0.502734375 0.309765625 0.08046875 0.03515625
1 0.62421875 0.312109375 0.1796875 0.09296875
1 0.127734375 0.312109375 0.18359375 0.09296875
1 0.37734375 0.314453125 0.1796875 0.09765625
3 0.62421875 0.365234375 0.0359375 0.03984375
1 0.871484375 0.420703125 0.18359375 0.09765625
1 0.621484375 0.425390625 0.18359375 0.08828125
3 0.74296875 0.425390625 0.0765625 0.03515625
