3 0.934375 0.522265625 0.025 0.36328125
3 0.775390625 0.52734375 0.01640625 0.0671875
1 0.77421875 0.5953125 0.1953125 0.090625
1 0.44453125 0.59921875 0.1828125 0.0859375
3 0.61484375 0.598828125 0.1578125 0.02890625
3 0.445703125 0.66484375 0.02890625 0.0671875
3 0.920703125 0.701171875 0.04140625 0.03359375
1 0.7828125 0.705078125 0.253125 0.10078125
1 0.44609375 0.7390625 0.1953125 0.08125
3 0.5375 0.81328125 0.203125 0.0765625
1 0.733984375 0.8359375 0.19921875 0.090625
3 0.857421875 0.844921875 0.02109375 0.20546875
3 0.71953125 0.91015625 0.0453125 0.0765625
17 0.767578125 0.930859375 0.04140625 0.05234375
3 0.828125 0.937890625 0.0875 0.02890625
17 0.15625 0.105078125 0.0375 0.04765625
3 0.159765625 0.165625 0.02890625 0.090625
1 0.1640625 0.245703125 0.228125 0.10078125
3 0.45546875 0.248828125 0.3609375 0.04765625
1 0.775390625 0.24921875 0.28203125 0.0953125
3 0.778515625 0.306640625 0.02890625 0.05703125
5 0.78203125 0.34921875 0.0953125 0.0953125
3 0.866796875 0.353515625 0.14921875 0.03828125
3 0.7828125 0.394921875 0.0375 0.05234375
1 0.780859375 0.4625 0.27421875 0.090625
