3 0.934375 0.52265625 0.025 0.3640625
3 0.77578125 0.52734375 0.0171875 0.0671875
1 0.77421875 0.5953125 0.1953125 0.090625
1 0.44453125 0.59921875 0.1828125 0.0859375
3 0.61484375 0.5984375 0.1578125 0.028125
3 0.44609375 0.66484375 0.0296875 0.0671875
3 0.92109375 0.7015625 0.0421875 0.034375
1 0.7828125 0.70546875 0.253125 0.1015625
1 0.44609375 0.7390625 0.1953125 0.08125
3 0.5375 0.81328125 0.203125 0.0765625
1 0.734375 0.8359375 0.2 0.090625
3 0.8578125 0.8453125 0.021875 0.20625
3 0.71953125 0.91015625 0.0453125 0.0765625
17 0.76796875 0.93125 0.0421875 0.053125
3 0.828125 0.93828125 0.0875 0.0296875
17 0.15625 0.10546875 0.0375 0.0484375
3 0.16015625 0.165625 0.0296875 0.090625
1 0.1640625 0.24609375 0.228125 0.1015625
3 0.45546875 0.24921875 0.3609375 0.0484375
1 0.77578125 0.24921875 0.2828125 0.0953125
3 0.778125 0.30625 0.028125 0.05625
5 0.78203125 0.34921875 0.0953125 0.0953125
3 0.8671875 0.35390625 0.15 0.0390625
3 0.7828125 0.3953125 0.0375 0.053125
1 0.78046875 0.4625 0.2734375 0.090625
