3 0.934375 0.5220703125 0.025 0.362890625
3 0.7755859375 0.526953125 0.016796875 0.06640625
1 0.77421875 0.5953125 0.1953125 0.090625
1 0.444140625 0.598828125 0.18203125 0.08515625
3 0.613671875 0.5986328125 0.15859375 0.028515625
3 0.4458984375 0.66484375 0.029296875 0.0671875
3 0.9208984375 0.7009765625 0.041796875 0.033203125
1 0.7828125 0.7052734375 0.253125 0.101171875
1 0.44609375 0.7390625 0.1953125 0.08125
3 0.5375 0.81328125 0.203125 0.0765625
1 0.7341796875 0.8359375 0.199609375 0.090625
3 0.8572265625 0.8447265625 0.020703125 0.205078125
3 0.71953125 0.909765625 0.0453125 0.07578125
17 0.7677734375 0.9306640625 0.041796875 0.051953125
3 0.828125 0.9376953125 0.0875 0.028515625
17 0.15625 0.1052734375 0.0375 0.048046875
3 0.1595703125 0.165625 0.028515625 0.090625
1 0.1640625 0.2458984375 0.228125 0.101171875
3 0.455078125 0.2486328125 0.36015625 0.047265625
1 0.7755859375 0.248046875 0.282421875 0.09609375
3 0.7783203125 0.3064453125 0.028515625 0.056640625
5 0.78203125 0.34921875 0.0953125 0.0953125
3 0.8669921875 0.3537109375 0.149609375 0.038671875
3 0.7828125 0.3947265625 0.0375 0.051953125
1 0.7806640625 0.4625 0.273828125 0.090625
