0 0.4359375 0.3921875 0.20625 0.078125
17 0.44453125 0.04375 0.0765625 0.046875
3 0.43671875 0.46015625 0.0421875 0.0890625
9 0.4390625 0.50859375 0.190625 0.0546875
3 0.83359375 0.53203125 0.0359375 0.5890625
3 0.3828125 0.54296875 0.11875 0.0546875
3 0.48984375 0.54765625 0.0984375 0.0546875
0 0.2640625 0.5953125 0.2 0.08125
0 0.58203125 0.59921875 0.2109375 0.0734375
3 0.375 0.6546875 0.1125 0.0625
3 0.48984375 0.65859375 0.0984375 0.0546875
10 0.434375 0.68203125 0.2 0.0546875
3 0.44140625 0.73671875 0.0421875 0.0859375
0 0.43125 0.8078125 0.20625 0.08125
3 0.6796875 0.81171875 0.3125 0.0359375
3 0.44453125 0.08359375 0.0359375 0.0578125
3 0.43671875 0.8859375 0.0421875 0.096875
8 0.43671875 0.95625 0.0828125 0.05
0 0.44453125 0.14453125 0.2109375 0.0765625
3 0.44375 0.1984375 0.046875 0.046875
5 0.4421875 0.23515625 0.175 0.0890625
3 0.66953125 0.246875 0.3640625 0.028125
3 0.43828125 0.31171875 0.0359375 0.0890625
