11 0.378125 0.45234375 0.14375 0.0921875
17 0.3953125 0.04609375 0.090625 0.0671875
3 0.0359375 0.50625 0.04375 0.390625
3 0.2921875 0.51640625 0.134375 0.0953125
3 0.4546875 0.51640625 0.125 0.0953125
5 0.52265625 0.5734375 0.1140625 0.090625
1 0.2203125 0.59375 0.125 0.075
3 0.22578125 0.6484375 0.0484375 0.05
3 0.66953125 0.65234375 0.2484375 0.1171875
3 0.5609375 0.6828125 0.10625 0.153125
5 0.2203125 0.68671875 0.115625 0.1046875
3 0.10390625 0.6953125 0.1671875 0.0375
1 0.8875 0.73671875 0.20625 0.1046875
3 0.22109375 0.75 0.0578125 0.0625
1 0.6296875 0.8046875 0.215625 0.1
3 0.8921875 0.81015625 0.053125 0.0671875
1 0.2296875 0.81328125 0.26875 0.0921875
8 0.88984375 0.8703125 0.0859375 0.0625
3 0.62421875 0.8828125 0.0515625 0.0625
3 0.228125 0.88203125 0.0625 0.0703125
8 0.6296875 0.940625 0.08125 0.0625
8 0.23046875 0.94453125 0.0859375 0.0703125
3 0.3875 0.0953125 0.046875 0.05
1 0.390625 0.14609375 0.20625 0.0578125
3 0.3953125 0.190625 0.053125 0.05
9 0.3875 0.22578125 0.315625 0.0703125
3 0.4953125 0.25703125 0.04375 0.0578125
3 0.265625 0.26015625 0.04375 0.0546875
1 0.52265625 0.32265625 0.2296875 0.0953125
3 0.1125 0.321875 0.178125 0.0375
1 0.27578125 0.321875 0.1671875 0.078125
3 0.3109375 0.40234375 0.115625 0.0921875
3 0.44765625 0.40703125 0.1203125 0.0828125
