1 0.51015625 0.44765625 0.2515625 0.1046875
3 0.5109375 0.5203125 0.04375 0.040625
5 0.50703125 0.55859375 0.1390625 0.1015625
1 0.18203125 0.56640625 0.2765625 0.1171875
1 0.8234375 0.56953125 0.265625 0.1046875
3 0.40390625 0.56875 0.1671875 0.040625
3 0.62421875 0.57109375 0.1734375 0.0453125
3 0.828125 0.6390625 0.05 0.059375
1 0.82578125 0.71171875 0.2515625 0.1171875
3 0.32734375 0.73359375 0.3203125 0.2265625
17 0.503125 0.07890625 0.059375 0.0453125
3 0.70234375 0.8109375 0.3015625 0.096875
11 0.51953125 0.83046875 0.1328125 0.0890625
3 0.521875 0.88984375 0.05 0.0609375
8 0.5171875 0.94140625 0.059375 0.0453125
3 0.5046875 0.1171875 0.034375 0.040625
1 0.50703125 0.1875 0.2265625 0.109375
3 0.5046875 0.25234375 0.034375 0.0359375
1 0.50546875 0.31484375 0.2421875 0.1046875
3 0.50703125 0.38203125 0.0390625 0.0359375
