17 0.43515625 0.0359375 0.0703125 0.04375
0 0.443359375 0.353515625 0.63046875 0.13828125
3 0.45859375 0.44609375 0.0828125 0.0671875
9 0.46484375 0.46875 0.5296875 0.078125
3 0.2859375 0.51328125 0.065625 0.0609375
3 0.646875 0.51484375 0.059375 0.0640625
0 0.753125 0.606640625 0.49375 0.13203125
0 0.220703125 0.608203125 0.42890625 0.14140625
3 0.656640625 0.6875 0.07578125 0.04375
3 0.28203125 0.6890625 0.0828125 0.040625
10 0.48515625 0.70625 0.4890625 0.075
3 0.446875 0.744921875 0.059375 0.05859375
3 0.4390625 0.080859375 0.065625 0.06171875
0 0.44375 0.8296875 0.39375 0.1375
3 0.45 0.916796875 0.065625 0.05234375
8 0.450390625 0.9609375 0.08828125 0.04375
0 0.44375 0.17265625 0.359375 0.1359375
3 0.45859375 0.26171875 0.0703125 0.0578125
