17 0.43515625 0.0359375 0.0703125 0.04375
0 0.44453125 0.35390625 0.6296875 0.1390625
3 0.45859375 0.44609375 0.0828125 0.0671875
9 0.46484375 0.46875 0.5296875 0.078125
3 0.2859375 0.51328125 0.065625 0.0609375
3 0.646875 0.51484375 0.059375 0.0640625
0 0.753125 0.60703125 0.49375 0.1328125
0 0.22109375 0.60859375 0.4296875 0.1421875
3 0.65703125 0.6875 0.0765625 0.04375
3 0.28203125 0.6890625 0.0828125 0.040625
10 0.48515625 0.70625 0.4890625 0.075
3 0.446875 0.74609375 0.059375 0.0578125
3 0.4390625 0.08203125 0.065625 0.0609375
0 0.44375 0.8296875 0.39375 0.1375
3 0.45 0.91796875 0.065625 0.0515625
8 0.45078125 0.9609375 0.0890625 0.04375
0 0.44375 0.17265625 0.359375 0.1359375
3 0.45859375 0.26171875 0.0703125 0.0578125
