3 0.49765625 0.40859375 0.0359375 0.0390625
0 0.5001953125 0.4572265625 0.316015625 0.073828125
3 0.3296875 0.5080078125 0.3625 0.034765625
3 0.1689453125 0.5296875 0.050390625 0.0625
3 0.6689453125 0.587890625 0.122265625 0.03828125
0 0.8345703125 0.5896484375 0.219140625 0.082421875
0 0.1654296875 0.5896484375 0.321484375 0.082421875
3 0.3572265625 0.5896484375 0.070703125 0.035546875
0 0.5001953125 0.5896484375 0.244140625 0.082421875
3 0.66328125 0.6421875 0.3671875 0.046875
3 0.5025390625 0.666015625 0.045703125 0.03828125
0 0.500390625 0.716015625 0.21328125 0.06953125
3 0.3345703125 0.7685546875 0.372265625 0.043359375
3 0.1734375 0.7859375 0.040625 0.046875
0 0.16875 0.840625 0.234375 0.078125
3 0.347265625 0.8423828125 0.13203125 0.034765625
0 0.49765625 0.8419921875 0.1890625 0.074609375
17 0.1712890625 0.0916015625 0.086328125 0.058203125
3 0.3296875 0.894921875 0.3625 0.03984375
3 0.1712890625 0.913671875 0.045703125 0.03984375
8 0.1712890625 0.9552734375 0.086328125 0.051171875
3 0.16875 0.1345703125 0.040625 0.034765625
0 0.1708984375 0.1853515625 0.179296875 0.073828125
3 0.3185546875 0.1849609375 0.127734375 0.035546875
0 0.5025390625 0.1853515625 0.239453125 0.073828125
3 0.3375 0.24140625 0.3875 0.0390625
3 0.165234375 0.269140625 0.03671875 0.06953125
18 0.503125 0.0287109375 0.209375 0.035546875
18 0.17578125 0.0330078125 0.1890625 0.034765625
3 0.665625 0.334765625 0.1375 0.03828125
0 0.165625 0.334765625 0.209375 0.06953125
0 0.4998046875 0.334375 0.224609375 0.078125
0 0.834375 0.3369140625 0.209375 0.073828125
3 0.3296875 0.3369140625 0.1375 0.042578125
18 0.8365234375 0.0365234375 0.163671875 0.035546875
3 0.665625 0.3873046875 0.3625 0.043359375
