3 0.49765625 0.40859375 0.0359375 0.0390625
0 0.50078125 0.4578125 0.3171875 0.075
3 0.3296875 0.50859375 0.3625 0.0359375
3 0.16953125 0.5296875 0.0515625 0.0625
3 0.66875 0.58828125 0.121875 0.0390625
0 0.83515625 0.58984375 0.2203125 0.0828125
0 0.165625 0.58984375 0.321875 0.0828125
3 0.35703125 0.58984375 0.0703125 0.0359375
0 0.50078125 0.58984375 0.2453125 0.0828125
3 0.66328125 0.6421875 0.3671875 0.046875
3 0.503125 0.66640625 0.046875 0.0390625
0 0.50078125 0.71640625 0.2140625 0.0703125
3 0.33515625 0.76875 0.3734375 0.04375
3 0.1734375 0.7859375 0.040625 0.046875
0 0.16875 0.840625 0.234375 0.078125
3 0.34765625 0.84296875 0.1328125 0.0359375
0 0.49765625 0.8421875 0.1890625 0.075
17 0.171875 0.0921875 0.0875 0.059375
3 0.3296875 0.89609375 0.3625 0.0390625
3 0.17109375 0.91484375 0.0453125 0.0390625
8 0.171875 0.95546875 0.0875 0.0515625
3 0.16875 0.13515625 0.040625 0.0359375
0 0.171875 0.1859375 0.178125 0.075
3 0.31953125 0.18515625 0.1265625 0.0359375
0 0.50234375 0.1859375 0.2390625 0.075
3 0.3375 0.24140625 0.3875 0.0390625
3 0.16640625 0.26953125 0.0359375 0.0703125
18 0.503125 0.02890625 0.209375 0.0359375
18 0.17578125 0.03359375 0.1890625 0.0359375
3 0.665625 0.33515625 0.1375 0.0390625
0 0.165625 0.33515625 0.209375 0.0703125
0 0.5 0.334375 0.225 0.078125
0 0.834375 0.3375 0.209375 0.075
3 0.3296875 0.3375 0.1375 0.04375
18 0.83671875 0.03671875 0.1640625 0.0359375
3 0.665625 0.3875 0.3625 0.04375
