3 0.49765625 0.40859375 0.0359375 0.0390625
0 0.500390625 0.457421875 0.31640625 0.07421875
3 0.3296875 0.508203125 0.3625 0.03515625
3 0.169140625 0.5296875 0.05078125 0.0625
3 0.669140625 0.58828125 0.12265625 0.0390625
0 0.834765625 0.589453125 0.21953125 0.08203125
0 0.165234375 0.589453125 0.32109375 0.08203125
3 0.357421875 0.589453125 0.07109375 0.03515625
0 0.500390625 0.589453125 0.24453125 0.08203125
3 0.66328125 0.6421875 0.3671875 0.046875
3 0.502734375 0.66640625 0.04609375 0.0390625
0 0.50078125 0.71640625 0.2140625 0.0703125
3 0.334765625 0.768359375 0.37265625 0.04296875
3 0.1734375 0.7859375 0.040625 0.046875
0 0.16875 0.840625 0.234375 0.078125
3 0.34765625 0.842578125 0.1328125 0.03515625
0 0.49765625 0.841796875 0.1890625 0.07421875
17 0.171484375 0.091796875 0.08671875 0.05859375
3 0.3296875 0.89609375 0.3625 0.0390625
3 0.171484375 0.91484375 0.04609375 0.0390625
8 0.171484375 0.955078125 0.08671875 0.05078125
3 0.16875 0.134765625 0.040625 0.03515625
0 0.170703125 0.185546875 0.17890625 0.07421875
3 0.318359375 0.184765625 0.12734375 0.03515625
0 0.502734375 0.185546875 0.23984375 0.07421875
3 0.3375 0.24140625 0.3875 0.0390625
3 0.16640625 0.26953125 0.0359375 0.0703125
18 0.503125 0.028515625 0.209375 0.03515625
18 0.17578125 0.033203125 0.1890625 0.03515625
3 0.665625 0.33515625 0.1375 0.0390625
0 0.165625 0.33515625 0.209375 0.0703125
0 0.499609375 0.334375 0.22421875 0.078125
0 0.834375 0.337109375 0.209375 0.07421875
3 0.3296875 0.337109375 0.1375 0.04296875
18 0.836328125 0.036328125 0.16328125 0.03515625
3 0.665625 0.387109375 0.3625 0.04296875
