5 0.2970703125 0.3853515625 0.144140625 0.095703125
8 0.8365234375 0.3890625 0.069921875 0.059375
3 0.572265625 0.3904296875 0.46953125 0.033984375
3 0.2916015625 0.4591796875 0.058203125 0.096484375
1 0.2892578125 0.531640625 0.256640625 0.06953125
3 0.2888671875 0.6013671875 0.043359375 0.093359375
5 0.2970703125 0.6609375 0.122265625 0.1
3 0.566796875 0.6685546875 0.47109375 0.033984375
8 0.8369140625 0.6689453125 0.080078125 0.062890625
3 0.2890625 0.7390625 0.053125 0.1
1 0.2912109375 0.809765625 0.273046875 0.06953125
3 0.286328125 0.881640625 0.04765625 0.08828125
8 0.2921875 0.948046875 0.090625 0.05234375
17 0.2888671875 0.1109375 0.096484375 0.059375
3 0.29140625 0.1794921875 0.0484375 0.093359375
1 0.293359375 0.2537109375 0.26796875 0.063671875
3 0.2888671875 0.3240234375 0.043359375 0.085546875
