5 0.29765625 0.3859375 0.1453125 0.096875
8 0.83671875 0.3890625 0.0703125 0.059375
3 0.57265625 0.390625 0.4703125 0.034375
3 0.2921875 0.459375 0.059375 0.096875
1 0.28984375 0.53203125 0.2578125 0.0703125
3 0.2890625 0.6015625 0.04375 0.09375
5 0.29765625 0.6609375 0.1234375 0.1
3 0.56796875 0.66875 0.4703125 0.034375
8 0.8375 0.66875 0.08125 0.0625
3 0.2890625 0.7390625 0.053125 0.1
1 0.29140625 0.81015625 0.2734375 0.0703125
3 0.28671875 0.88203125 0.0484375 0.0890625
8 0.2921875 0.94921875 0.090625 0.0515625
17 0.2890625 0.1109375 0.096875 0.059375
3 0.29140625 0.1796875 0.0484375 0.09375
1 0.29453125 0.25390625 0.2671875 0.0640625
3 0.2890625 0.32421875 0.04375 0.0859375
