5 0.297265625 0.3859375 0.14453125 0.096875
8 0.83671875 0.3890625 0.0703125 0.059375
3 0.572265625 0.390625 0.46953125 0.034375
3 0.2921875 0.459375 0.059375 0.096875
1 0.288671875 0.531640625 0.25859375 0.06953125
3 0.2890625 0.6015625 0.04375 0.09375
5 0.296484375 0.6609375 0.12421875 0.1
3 0.566796875 0.66875 0.47109375 0.034375
8 0.8375 0.66875 0.08125 0.0625
3 0.2890625 0.7390625 0.053125 0.1
1 0.29140625 0.809765625 0.2734375 0.06953125
3 0.286328125 0.881640625 0.04765625 0.08828125
8 0.2921875 0.948046875 0.090625 0.05234375
17 0.2890625 0.1109375 0.096875 0.059375
3 0.29140625 0.1796875 0.0484375 0.09375
1 0.293359375 0.25390625 0.26796875 0.0640625
3 0.2890625 0.32421875 0.04375 0.0859375
