3 0.6408203125 0.447265625 0.137890625 0.05703125
3 0.410546875 0.4470703125 0.15234375 0.066015625
0 0.3521484375 0.5181640625 0.241796875 0.092578125
0 0.696875 0.5205078125 0.25 0.097265625
17 0.5072265625 0.06015625 0.048828125 0.0578125
3 0.6958984375 0.5875 0.044921875 0.053125
3 0.3568359375 0.5927734375 0.054296875 0.076171875
8 0.698046875 0.63125 0.05859375 0.053125
8 0.1611328125 0.671875 0.053515625 0.053125
3 0.2259765625 0.6875 0.101953125 0.084375
5 0.3568359375 0.704296875 0.241796875 0.22734375
3 0.40390625 0.83125 0.1203125 0.053125
0 0.4458984375 0.8998046875 0.241796875 0.102734375
3 0.5072265625 0.1154296875 0.039453125 0.071484375
0 0.5046875 0.1931640625 0.25 0.092578125
3 0.5072265625 0.26015625 0.039453125 0.0578125
0 0.50234375 0.3287109375 0.2453125 0.098046875
3 0.5025390625 0.38203125 0.039453125 0.0359375
9 0.5048828125 0.4046875 0.303515625 0.053125
