3 0.641015625 0.44765625 0.13828125 0.0578125
3 0.41171875 0.447265625 0.1515625 0.06640625
0 0.351953125 0.518359375 0.24140625 0.09296875
0 0.696875 0.520703125 0.25 0.09765625
17 0.507421875 0.06015625 0.04921875 0.0578125
3 0.695703125 0.5875 0.04453125 0.053125
3 0.356640625 0.592578125 0.05390625 0.07578125
8 0.69921875 0.63125 0.0578125 0.053125
8 0.161328125 0.671875 0.05390625 0.053125
3 0.226171875 0.6875 0.10234375 0.084375
5 0.356640625 0.70546875 0.24140625 0.2265625
3 0.40390625 0.83125 0.1203125 0.053125
0 0.445703125 0.899609375 0.24140625 0.10234375
3 0.507421875 0.115234375 0.03984375 0.07109375
0 0.5046875 0.193359375 0.25 0.09296875
3 0.507421875 0.26015625 0.03984375 0.0578125
0 0.50234375 0.328515625 0.2453125 0.09765625
3 0.502734375 0.38203125 0.03984375 0.0359375
9 0.505078125 0.4046875 0.30390625 0.053125
