13 0.2013671875 0.40625 0.333984375 0.1
14 0.7986328125 0.484765625 0.034765625 0.06328125
3 0.1994140625 0.4880859375 0.039453125 0.088671875
0 0.5375 0.549609375 0.21875 0.09296875
0 0.7958984375 0.55 0.229296875 0.1
5 0.2046875 0.55 0.159375 0.1
3 0.341015625 0.5546875 0.16328125 0.028125
17 0.20390625 0.0564453125 0.0796875 0.047265625
3 0.6244140625 0.6109375 0.064453125 0.04375
3 0.743359375 0.61015625 0.05546875 0.0359375
3 0.2017578125 0.6125 0.044140625 0.05625
0 0.6994140625 0.6677734375 0.223828125 0.088671875
0 0.1990234375 0.68203125 0.229296875 0.0921875
3 0.2041015625 0.7498046875 0.039453125 0.068359375
13 0.53515625 0.81875 0.2734375 0.1
14 0.3505859375 0.8201171875 0.094921875 0.040234375
0 0.197265625 0.821484375 0.21328125 0.09296875
3 0.2046875 0.884375 0.05 0.05625
8 0.1990234375 0.9384765625 0.069921875 0.051953125
3 0.20390625 0.1046875 0.0296875 0.05625
11 0.2060546875 0.1525390625 0.174609375 0.095703125
3 0.5453125 0.1841796875 0.5625 0.096484375
3 0.2041015625 0.20625 0.039453125 0.04375
0 0.205859375 0.2681640625 0.27421875 0.095703125
0 0.8005859375 0.275 0.229296875 0.1
3 0.2046875 0.335546875 0.05 0.06484375
14 0.8060546875 0.3462890625 0.040234375 0.067578125
