13 0.2015625 0.40625 0.334375 0.1
14 0.798828125 0.484765625 0.03515625 0.06328125
3 0.2 0.48828125 0.040625 0.0890625
0 0.5375 0.549609375 0.21875 0.09296875
0 0.79609375 0.55 0.2296875 0.1
5 0.2046875 0.55 0.159375 0.1
3 0.341015625 0.5546875 0.16328125 0.028125
17 0.20390625 0.055859375 0.0796875 0.04921875
3 0.625 0.6109375 0.065625 0.04375
3 0.743359375 0.61015625 0.05546875 0.0359375
3 0.201171875 0.6125 0.04609375 0.05625
0 0.7 0.66796875 0.225 0.0890625
0 0.19921875 0.68203125 0.2296875 0.0921875
3 0.2046875 0.75 0.040625 0.06875
13 0.53515625 0.81875 0.2734375 0.1
14 0.3515625 0.8203125 0.09375 0.040625
0 0.197265625 0.821484375 0.21328125 0.09296875
3 0.2046875 0.884375 0.05 0.05625
8 0.19921875 0.9390625 0.0703125 0.053125
3 0.20390625 0.1046875 0.0296875 0.05625
11 0.20625 0.153125 0.175 0.096875
3 0.5453125 0.184765625 0.5625 0.09453125
3 0.2046875 0.20625 0.040625 0.04375
0 0.205859375 0.26796875 0.27421875 0.0953125
0 0.80078125 0.275 0.2296875 0.1
3 0.2046875 0.335546875 0.05 0.06484375
14 0.80625 0.346875 0.040625 0.06875
