13 0.201171875 0.40625 0.33359375 0.1
14 0.798828125 0.48515625 0.03515625 0.0640625
3 0.199609375 0.487890625 0.03984375 0.08828125
0 0.5375 0.55078125 0.21875 0.0921875
0 0.795703125 0.55 0.22890625 0.1
5 0.2046875 0.55 0.159375 0.1
3 0.34140625 0.5546875 0.1640625 0.028125
17 0.20390625 0.056640625 0.0796875 0.04765625
3 0.624609375 0.6109375 0.06484375 0.04375
3 0.74453125 0.61015625 0.0546875 0.0359375
3 0.201953125 0.6125 0.04453125 0.05625
0 0.699609375 0.667578125 0.22421875 0.08828125
0 0.198828125 0.68203125 0.22890625 0.0921875
3 0.204296875 0.749609375 0.03984375 0.06796875
13 0.53515625 0.81875 0.2734375 0.1
14 0.350390625 0.819921875 0.09453125 0.03984375
0 0.19765625 0.82265625 0.2140625 0.0921875
3 0.2046875 0.884375 0.05 0.05625
8 0.198828125 0.938671875 0.06953125 0.05234375
3 0.20390625 0.1046875 0.0296875 0.05625
11 0.205859375 0.152734375 0.17421875 0.09609375
3 0.5453125 0.183984375 0.5625 0.09609375
3 0.204296875 0.20625 0.03984375 0.04375
0 0.20703125 0.268359375 0.2734375 0.09609375
0 0.800390625 0.275 0.22890625 0.1
3 0.2046875 0.33671875 0.05 0.0640625
14 0.805859375 0.346484375 0.03984375 0.06796875
