13 0.2015625 0.40625 0.334375 0.1
14 0.79921875 0.48515625 0.0359375 0.0640625
3 0.2 0.48828125 0.040625 0.0890625
0 0.5375 0.55078125 0.21875 0.0921875
0 0.79609375 0.55 0.2296875 0.1
5 0.2046875 0.55 0.159375 0.1
3 0.34140625 0.5546875 0.1640625 0.028125
17 0.20390625 0.05703125 0.0796875 0.0484375
3 0.625 0.6109375 0.065625 0.04375
3 0.74453125 0.61015625 0.0546875 0.0359375
3 0.20234375 0.6125 0.0453125 0.05625
0 0.7 0.66796875 0.225 0.0890625
0 0.19921875 0.68203125 0.2296875 0.0921875
3 0.2046875 0.75 0.040625 0.06875
13 0.53515625 0.81875 0.2734375 0.1
14 0.3515625 0.8203125 0.09375 0.040625
0 0.19765625 0.82265625 0.2140625 0.0921875
3 0.2046875 0.884375 0.05 0.05625
8 0.19921875 0.9390625 0.0703125 0.053125
3 0.20390625 0.1046875 0.0296875 0.05625
11 0.20625 0.153125 0.175 0.096875
3 0.5453125 0.18515625 0.5625 0.0953125
3 0.2046875 0.20625 0.040625 0.04375
0 0.20703125 0.26796875 0.2734375 0.0953125
0 0.80078125 0.275 0.2296875 0.1
3 0.2046875 0.33671875 0.05 0.0640625
14 0.80625 0.346875 0.040625 0.06875
