0 0.684375 0.45 0.225 0.096875
3 0.5796875 0.510546875 0.040625 0.06171875
5 0.58203125 0.556640625 0.1078125 0.11015625
3 0.419140625 0.57265625 0.29765625 0.0265625
3 0.584375 0.627734375 0.040625 0.08359375
3 0.278125 0.70703125 0.03125 0.2953125
0 0.517578125 0.709375 0.29765625 0.096875
3 0.502734375 0.779296875 0.04921875 0.06171875
3 0.1328125 0.079296875 0.03125 0.06171875
3 0.301171875 0.848046875 0.09921875 0.03984375
0 0.495703125 0.85 0.29765625 0.096875
3 0.50078125 0.921484375 0.0453125 0.06171875
8 0.498046875 0.9703125 0.04921875 0.053125
0 0.132421875 0.15234375 0.21171875 0.0921875
3 0.13046875 0.217578125 0.0359375 0.05703125
17 0.130078125 0.02890625 0.05390625 0.0484375
0 0.128125 0.290625 0.25625 0.096875
5 0.40078125 0.30625 0.1078125 0.11875
0 0.813671875 0.31171875 0.36484375 0.0921875
3 0.316015625 0.31171875 0.12578125 0.0484375
3 0.528125 0.315234375 0.225 0.03984375
3 0.7234375 0.381640625 0.03125 0.06640625
3 0.484375 0.398046875 0.19375 0.13671875
