0 0.684375 0.45 0.225 0.096875
3 0.5796875 0.5107421875 0.040625 0.062109375
5 0.581640625 0.5568359375 0.10703125 0.110546875
3 0.4189453125 0.57265625 0.297265625 0.0265625
3 0.584375 0.6279296875 0.040625 0.083984375
3 0.278125 0.70703125 0.03125 0.2953125
0 0.5177734375 0.709375 0.298046875 0.096875
3 0.5025390625 0.7794921875 0.048828125 0.062109375
3 0.1328125 0.0791015625 0.03125 0.061328125
3 0.3013671875 0.8478515625 0.099609375 0.039453125
0 0.4955078125 0.85 0.297265625 0.096875
3 0.500390625 0.9212890625 0.04453125 0.061328125
8 0.4978515625 0.9703125 0.048828125 0.053125
0 0.1326171875 0.15234375 0.212109375 0.0921875
3 0.13046875 0.2177734375 0.0359375 0.057421875
17 0.1302734375 0.02890625 0.054296875 0.0484375
0 0.128125 0.290625 0.25625 0.096875
5 0.40078125 0.30625 0.1078125 0.11875
0 0.8134765625 0.311328125 0.364453125 0.09140625
3 0.3158203125 0.311328125 0.125390625 0.04765625
3 0.528125 0.3150390625 0.225 0.039453125
3 0.7234375 0.3814453125 0.03125 0.066015625
3 0.484375 0.3982421875 0.19375 0.137109375
