3 0.4666015625 0.527734375 0.033203125 0.19921875
5 0.4638671875 0.6318359375 0.130859375 0.132421875
0 0.846875 0.6365234375 0.25625 0.123046875
3 0.625 0.6421875 0.23125 0.028125
3 0.4662109375 0.7671875 0.051171875 0.2125
0 0.4640625 0.9029296875 0.23125 0.127734375
0 0.4609375 0.0943359375 0.20625 0.123046875
3 0.464453125 0.2578125 0.02890625 0.259375
0 0.1318359375 0.4076171875 0.198046875 0.108984375
5 0.4564453125 0.4099609375 0.172265625 0.123046875
3 0.31953125 0.4109375 0.2015625 0.046875
