3 0.0595703125 0.0498046875 0.062890625 0.040234375
0 0.5400390625 0.5076171875 0.230078125 0.115234375
0 0.2046875 0.52265625 0.234375 0.1046875
3 0.54140625 0.6099609375 0.0359375 0.110546875
3 0.2060546875 0.6228515625 0.040234375 0.114453125
10 0.5376953125 0.6724609375 0.916015625 0.085546875
3 0.5708984375 0.732421875 0.032421875 0.09609375
3 0.2060546875 0.1705078125 0.040234375 0.159765625
0 0.875 0.2728515625 0.234375 0.114453125
5 0.2083984375 0.2796875 0.179296875 0.15
5 0.513671875 0.2826171875 0.17109375 0.115234375
3 0.3552734375 0.28984375 0.179296875 0.0296875
3 0.5197265625 0.39765625 0.039453125 0.1453125
3 0.2021484375 0.4080078125 0.032421875 0.134765625
0 0.2046875 0.04765625 0.234375 0.0953125
3 0.89453125 0.4900390625 0.0359375 0.339453125
