3 0.059765625 0.049609375 0.06328125 0.03984375
0 0.540234375 0.507421875 0.23046875 0.11484375
0 0.2046875 0.52265625 0.234375 0.1046875
3 0.54140625 0.609765625 0.0359375 0.11015625
3 0.205859375 0.623046875 0.03984375 0.11484375
10 0.537890625 0.672265625 0.91640625 0.08515625
3 0.570703125 0.73359375 0.03203125 0.0953125
3 0.205859375 0.170703125 0.03984375 0.16015625
0 0.875 0.273046875 0.234375 0.11484375
5 0.208203125 0.2796875 0.17890625 0.15
5 0.51484375 0.282421875 0.1703125 0.11484375
3 0.355078125 0.28984375 0.17890625 0.0296875
3 0.519921875 0.39765625 0.03984375 0.1453125
3 0.201953125 0.408203125 0.03203125 0.13515625
0 0.2046875 0.04765625 0.234375 0.0953125
3 0.89453125 0.490234375 0.0359375 0.33984375
