5 0.493359375 0.471484375 0.23671875 0.15546875
3 0.29921875 0.53125 0.2203125 0.140625
3 0.671875 0.537890625 0.19375 0.14453125
1 0.740625 0.669140625 0.215625 0.16328125
1 0.240234375 0.671875 0.21171875 0.159375
3 0.6734375 0.803125 0.18125 0.15
3 0.31015625 0.81015625 0.1734375 0.1640625
1 0.488671875 0.85234375 0.22109375 0.1546875
3 0.49140625 0.94375 0.0390625 0.065625
1 0.4828125 0.98125 0.240625 0.0375
0 0.49375 0.121875 0.21875 0.159375
3 0.4984375 0.20625 0.034375 0.075
3 0.49140625 0.397265625 0.0296875 0.06953125
