5 0.493359375 0.471484375 0.23671875 0.15546875
3 0.2990234375 0.53125 0.219921875 0.140625
3 0.671875 0.537890625 0.19375 0.14453125
1 0.7404296875 0.669140625 0.215234375 0.16328125
1 0.240234375 0.671875 0.21171875 0.159375
3 0.6734375 0.803125 0.18125 0.15
3 0.3099609375 0.81015625 0.173046875 0.1640625
1 0.4892578125 0.85234375 0.219140625 0.1546875
3 0.4912109375 0.94375 0.038671875 0.065625
1 0.4828125 0.98125 0.240625 0.0375
0 0.4939453125 0.121875 0.219140625 0.159375
3 0.4978515625 0.20625 0.033203125 0.075
3 0.49140625 0.397265625 0.0296875 0.06953125
