5 0.49453125 0.47265625 0.2359375 0.1546875
3 0.29921875 0.53125 0.2203125 0.140625
3 0.671875 0.53828125 0.19375 0.1453125
1 0.740625 0.66953125 0.215625 0.1640625
1 0.24140625 0.671875 0.2109375 0.159375
3 0.6734375 0.803125 0.18125 0.15
3 0.31015625 0.81015625 0.1734375 0.1640625
1 0.48984375 0.85234375 0.2203125 0.1546875
3 0.49140625 0.94375 0.0390625 0.065625
1 0.4828125 0.98125 0.240625 0.0375
0 0.49375 0.121875 0.21875 0.159375
3 0.4984375 0.20625 0.034375 0.075
3 0.49140625 0.39765625 0.0296875 0.0703125
