3 0.87890625 0.50546875 0.0359375 0.3296875
0 0.210546875 0.509765625 0.23046875 0.11015625
0 0.5421875 0.514453125 0.234375 0.11015625
0 0.221875 0.0546875 0.221875 0.109375
17 0.032421875 0.05546875 0.05546875 0.0703125
3 0.2125 0.609765625 0.028125 0.11015625
3 0.5375 0.614453125 0.028125 0.11015625
10 0.548828125 0.672265625 0.90078125 0.08515625
3 0.56328125 0.729296875 0.0234375 0.08984375
0 0.5625 0.823046875 0.234375 0.11484375
3 0.56328125 0.885546875 0.0234375 0.03984375
8 0.562890625 0.93984375 0.06328125 0.0796875
3 0.222265625 0.17265625 0.03203125 0.1546875
5 0.209375 0.277734375 0.1625 0.16484375
5 0.51796875 0.292578125 0.1703125 0.13515625
0 0.87578125 0.291796875 0.2265625 0.11484375
3 0.367578125 0.292578125 0.17890625 0.03515625
3 0.674609375 0.2953125 0.17421875 0.05
3 0.2171875 0.397265625 0.028125 0.13515625
3 0.52265625 0.40078125 0.0359375 0.1296875
3 0.0859375 0.047265625 0.059375 0.03515625
