3 0.87890625 0.505078125 0.0359375 0.32890625
0 0.2103515625 0.5099609375 0.230078125 0.110546875
0 0.5421875 0.5146484375 0.234375 0.110546875
0 0.221875 0.0546875 0.221875 0.109375
17 0.0322265625 0.054296875 0.055078125 0.07109375
3 0.2125 0.6099609375 0.028125 0.110546875
3 0.5375 0.6146484375 0.028125 0.110546875
10 0.5490234375 0.6724609375 0.901171875 0.085546875
3 0.56328125 0.7294921875 0.0234375 0.090234375
0 0.5625 0.8228515625 0.234375 0.114453125
3 0.56328125 0.8853515625 0.0234375 0.039453125
8 0.5630859375 0.93984375 0.063671875 0.0796875
3 0.2220703125 0.17265625 0.031640625 0.1546875
5 0.209375 0.2775390625 0.1625 0.164453125
5 0.51796875 0.2923828125 0.1703125 0.134765625
0 0.875390625 0.2919921875 0.22578125 0.115234375
3 0.3673828125 0.2923828125 0.178515625 0.034765625
3 0.6744140625 0.2953125 0.173828125 0.05
3 0.2171875 0.3974609375 0.028125 0.135546875
3 0.521484375 0.399609375 0.03671875 0.13046875
3 0.0859375 0.0474609375 0.059375 0.035546875
