5 0.77109375 0.49140625 0.0828125 0.1015625
3 0.859375 0.490625 0.11875 0.025
18 0.459375 0.05390625 0.196875 0.0484375
3 0.7734375 0.5390625 0.028125 0.053125
3 0.47109375 0.6109375 0.4109375 0.034375
1 0.16484375 0.6140625 0.2296875 0.115625
1 0.77109375 0.615625 0.2046875 0.121875
3 0.1625 0.69140625 0.0375 0.0484375
1 0.1640625 0.7640625 0.2375 0.10625
1 0.77890625 0.83125 0.3609375 0.125
3 0.37734375 0.83203125 0.4515625 0.0484375
3 0.77265625 0.90625 0.0359375 0.053125
8 0.77890625 0.95703125 0.0578125 0.0578125
18 0.1515625 0.1421875 0.171875 0.04375
18 0.74453125 0.153125 0.0953125 0.04375
17 0.13125 0.23671875 0.05 0.0578125
3 0.5234375 0.30546875 0.790625 0.0203125
3 0.13125 0.31640625 0.025 0.1015625
1 0.13203125 0.3921875 0.1640625 0.078125
3 0.4484375 0.39609375 0.4875 0.0484375
1 0.77109375 0.396875 0.1640625 0.078125
3 0.90390625 0.40390625 0.0296875 0.2078125
3 0.77109375 0.4421875 0.0328125 0.04375
