5 0.770703125 0.49140625 0.08203125 0.1015625
3 0.859375 0.490234375 0.11875 0.02421875
18 0.459375 0.05390625 0.196875 0.0484375
3 0.772265625 0.5390625 0.02890625 0.053125
3 0.470703125 0.610546875 0.41015625 0.03359375
1 0.16484375 0.6140625 0.2296875 0.115625
1 0.77109375 0.615234375 0.2046875 0.12109375
3 0.162109375 0.69140625 0.03671875 0.0484375
1 0.1640625 0.7640625 0.2375 0.10625
1 0.77890625 0.831640625 0.3609375 0.12578125
3 0.376953125 0.83203125 0.45078125 0.0484375
3 0.773046875 0.90625 0.03671875 0.053125
8 0.778515625 0.95703125 0.05703125 0.0578125
18 0.1515625 0.1421875 0.171875 0.04375
18 0.744140625 0.153125 0.09453125 0.04375
17 0.130859375 0.23671875 0.04921875 0.0578125
3 0.5234375 0.305078125 0.790625 0.01953125
3 0.130859375 0.31640625 0.02421875 0.1015625
1 0.13203125 0.391796875 0.1640625 0.07734375
3 0.4484375 0.39609375 0.4875 0.0484375
1 0.77109375 0.396484375 0.1640625 0.07734375
3 0.903515625 0.40390625 0.02890625 0.2078125
3 0.77109375 0.4421875 0.0328125 0.04375
