5 0.7705078125 0.491015625 0.081640625 0.10078125
3 0.859375 0.4904296875 0.11875 0.024609375
18 0.459375 0.052734375 0.196875 0.04921875
3 0.7724609375 0.5390625 0.029296875 0.053125
3 0.4708984375 0.6107421875 0.410546875 0.033984375
1 0.164453125 0.6140625 0.22890625 0.115625
1 0.770703125 0.6154296875 0.20390625 0.121484375
3 0.1619140625 0.690234375 0.036328125 0.04921875
1 0.1640625 0.7640625 0.2375 0.10625
1 0.77890625 0.8314453125 0.3609375 0.125390625
3 0.3771484375 0.830859375 0.451171875 0.04921875
3 0.7728515625 0.90625 0.036328125 0.053125
8 0.7787109375 0.956640625 0.057421875 0.05703125
18 0.1515625 0.1421875 0.171875 0.04375
18 0.7439453125 0.153125 0.094140625 0.04375
17 0.1310546875 0.23671875 0.049609375 0.0578125
3 0.5234375 0.3048828125 0.790625 0.019140625
3 0.1310546875 0.31640625 0.024609375 0.1015625
1 0.131640625 0.3916015625 0.16328125 0.076953125
3 0.4484375 0.39609375 0.4875 0.0484375
1 0.769921875 0.3962890625 0.16484375 0.076953125
3 0.9037109375 0.403515625 0.029296875 0.20703125
3 0.769921875 0.4421875 0.03359375 0.04375
