5 0.769921875 0.491015625 0.08359375 0.10078125
3 0.859375 0.490625 0.11875 0.025
18 0.459375 0.052734375 0.196875 0.04921875
3 0.7734375 0.5390625 0.028125 0.053125
3 0.47109375 0.6109375 0.4109375 0.034375
1 0.164453125 0.6140625 0.22890625 0.115625
1 0.770703125 0.615625 0.20390625 0.121875
3 0.1625 0.690234375 0.0375 0.04921875
1 0.1640625 0.7640625 0.2375 0.10625
1 0.77890625 0.83125 0.3609375 0.125
3 0.37734375 0.830859375 0.4515625 0.04921875
3 0.77265625 0.90625 0.0359375 0.053125
8 0.77890625 0.956640625 0.0578125 0.05703125
18 0.1515625 0.1421875 0.171875 0.04375
18 0.744140625 0.153125 0.09453125 0.04375
17 0.13125 0.23671875 0.05 0.0578125
3 0.5234375 0.304296875 0.790625 0.02109375
3 0.13125 0.31640625 0.025 0.1015625
1 0.131640625 0.3921875 0.16328125 0.078125
3 0.4484375 0.39609375 0.4875 0.0484375
1 0.769921875 0.396875 0.16484375 0.078125
3 0.90390625 0.403515625 0.0296875 0.20703125
3 0.769921875 0.4421875 0.03359375 0.04375
