3 0.2123046875 0.3458984375 0.046484375 0.041796875
3 0.516796875 0.3458984375 0.05859375 0.041796875
0 0.2125 0.3904296875 0.253125 0.055859375
0 0.55 0.3931640625 0.178125 0.058203125
3 0.2103515625 0.4189453125 0.039453125 0.041015625
3 0.5173828125 0.4244140625 0.022265625 0.023828125
8 0.3625 0.0451171875 0.103125 0.055859375
10 0.359375 0.4498046875 0.5 0.055859375
3 0.3447265625 0.4728515625 0.045703125 0.023828125
0 0.3478515625 0.5103515625 0.223828125 0.058203125
3 0.3447265625 0.5384765625 0.045703125 0.023828125
3 0.6009765625 0.5796875 0.326953125 0.03125
0 0.3421875 0.5794921875 0.2125 0.058984375
3 0.3447265625 0.6138671875 0.045703125 0.024609375
9 0.3884765625 0.6337890625 0.580078125 0.055078125
3 0.5775390625 0.6609375 0.039453125 0.034375
3 0.2294921875 0.6623046875 0.046484375 0.024609375
0 0.2298828125 0.6849609375 0.206640625 0.041796875
0 0.571875 0.6859375 0.2125 0.034375
3 0.575 0.71796875 0.034375 0.0453125
3 0.2294921875 0.71796875 0.046484375 0.0453125
3 0.7529296875 0.726953125 0.046484375 0.30390625
10 0.410546875 0.7478515625 0.62734375 0.055078125
3 0.3646484375 0.0759765625 0.029296875 0.020703125
3 0.36875 0.776953125 0.034375 0.01640625
0 0.3681640625 0.8005859375 0.183203125 0.038671875
3 0.36875 0.8248046875 0.034375 0.024609375
5 0.3615234375 0.854296875 0.207421875 0.08359375
3 0.58359375 0.8576171875 0.3734375 0.027734375
3 0.3650390625 0.901171875 0.039453125 0.04609375
0 0.365625 0.95 0.178125 0.065625
0 0.3591796875 0.1154296875 0.190234375 0.058984375
3 0.3625 0.1482421875 0.034375 0.021484375
0 0.3646484375 0.1875 0.166796875 0.0625
3 0.3625 0.2181640625 0.034375 0.020703125
0 0.365625 0.2544921875 0.178125 0.058984375
3 0.36484375 0.2873046875 0.0515625 0.021484375
9 0.359375 0.3140625 0.56875 0.065625
