3 0.212109375 0.345703125 0.04609375 0.04140625
3 0.51796875 0.345703125 0.0578125 0.04140625
0 0.2125 0.390234375 0.253125 0.05546875
0 0.55 0.393359375 0.178125 0.05859375
3 0.210546875 0.419140625 0.03984375 0.04140625
3 0.517578125 0.424609375 0.02265625 0.02421875
8 0.3625 0.044921875 0.103125 0.05546875
10 0.359375 0.449609375 0.5 0.05546875
3 0.344921875 0.473046875 0.04609375 0.02421875
0 0.348046875 0.510546875 0.22421875 0.05859375
3 0.344921875 0.538671875 0.04609375 0.02421875
3 0.601171875 0.5796875 0.32734375 0.03125
0 0.3421875 0.579296875 0.2125 0.05859375
3 0.344921875 0.613671875 0.04609375 0.02421875
9 0.388671875 0.633984375 0.58046875 0.05546875
3 0.577734375 0.6609375 0.03984375 0.034375
3 0.229296875 0.662109375 0.04609375 0.02421875
0 0.230078125 0.684765625 0.20703125 0.04140625
0 0.571875 0.6859375 0.2125 0.034375
3 0.575 0.71796875 0.034375 0.0453125
3 0.229296875 0.71796875 0.04609375 0.0453125
3 0.752734375 0.72734375 0.04609375 0.3046875
10 0.41171875 0.748046875 0.6265625 0.05546875
3 0.364453125 0.076171875 0.02890625 0.02109375
3 0.36875 0.77734375 0.034375 0.0171875
0 0.368359375 0.800390625 0.18359375 0.03828125
3 0.36875 0.824609375 0.034375 0.02421875
5 0.361328125 0.85546875 0.20703125 0.0828125
3 0.58359375 0.857421875 0.3734375 0.02734375
3 0.365234375 0.90234375 0.03984375 0.0453125
0 0.365625 0.95 0.178125 0.065625
0 0.358984375 0.115234375 0.18984375 0.05859375
3 0.3625 0.148046875 0.034375 0.02109375
0 0.364453125 0.1875 0.16640625 0.0625
3 0.3625 0.218359375 0.034375 0.02109375
0 0.365625 0.254296875 0.178125 0.05859375
3 0.36484375 0.287109375 0.0515625 0.02109375
9 0.359375 0.3140625 0.56875 0.065625
