1 0.07578125 0.40390625 0.1515625 0.0890625
1 0.629296875 0.410546875 0.16171875 0.09296875
3 0.774609375 0.482421875 0.33359375 0.06484375
3 0.0765625 0.484375 0.034375 0.06875
1 0.9234375 0.5546875 0.153125 0.096875
1 0.078125 0.5578125 0.15625 0.096875
3 0.243359375 0.64609375 0.36796875 0.1015625
3 0.696875 0.648046875 0.5 0.10546875
10 0.436328125 0.695703125 0.16640625 0.05703125
3 0.44140625 0.741015625 0.0296875 0.07265625
3 0.44375 0.081640625 0.034375 0.05703125
1 0.441015625 0.815234375 0.16640625 0.09296875
3 0.44375 0.8890625 0.04375 0.06875
8 0.443359375 0.953125 0.09296875 0.06875
1 0.441015625 0.151171875 0.16640625 0.09296875
3 0.448828125 0.22890625 0.05390625 0.0765625
9 0.44375 0.266796875 0.18125 0.06484375
3 0.234765625 0.321484375 0.37265625 0.09296875
17 0.43984375 0.03203125 0.0734375 0.0484375
3 0.54921875 0.325 0.1859375 0.096875
