1 0.07578125 0.40390625 0.1515625 0.0890625
1 0.6294921875 0.4107421875 0.162109375 0.093359375
3 0.7744140625 0.4822265625 0.333203125 0.064453125
3 0.0765625 0.484375 0.034375 0.06875
1 0.9234375 0.5546875 0.153125 0.096875
1 0.078125 0.5578125 0.15625 0.096875
3 0.2431640625 0.64609375 0.367578125 0.1015625
3 0.696875 0.6478515625 0.5 0.105078125
10 0.4361328125 0.6958984375 0.166015625 0.057421875
3 0.44140625 0.7408203125 0.0296875 0.072265625
3 0.44375 0.0814453125 0.034375 0.056640625
1 0.4412109375 0.8154296875 0.166796875 0.093359375
3 0.44375 0.8890625 0.04375 0.06875
8 0.4435546875 0.953125 0.093359375 0.06875
1 0.4412109375 0.1513671875 0.166796875 0.093359375
3 0.4486328125 0.22890625 0.053515625 0.0765625
9 0.44375 0.2669921875 0.18125 0.065234375
3 0.2349609375 0.3216796875 0.373046875 0.093359375
17 0.439453125 0.03203125 0.07265625 0.0484375
3 0.54921875 0.325 0.1859375 0.096875
