1 0.07578125 0.40390625 0.1515625 0.0890625
1 0.630078125 0.4109375 0.16015625 0.09375
3 0.775 0.4828125 0.334375 0.065625
3 0.0765625 0.484375 0.034375 0.06875
1 0.9234375 0.5546875 0.153125 0.096875
1 0.078125 0.5578125 0.15625 0.096875
3 0.24375 0.64609375 0.36875 0.1015625
3 0.696875 0.6484375 0.5 0.10625
10 0.436328125 0.69609375 0.16640625 0.0578125
3 0.44140625 0.740234375 0.0296875 0.07421875
3 0.44375 0.081640625 0.034375 0.05703125
1 0.44140625 0.815625 0.1671875 0.09375
3 0.44375 0.8890625 0.04375 0.06875
8 0.44375 0.953125 0.09375 0.06875
1 0.44140625 0.151953125 0.1671875 0.09140625
3 0.448828125 0.22890625 0.05390625 0.0765625
9 0.44375 0.266796875 0.18125 0.06484375
3 0.23515625 0.321875 0.3734375 0.09375
17 0.439453125 0.03203125 0.07265625 0.0484375
3 0.54921875 0.325 0.1859375 0.096875
