3 0.690625 0.4375 0.03125 0.034375
9 0.684375 0.46171875 0.15625 0.0484375
3 0.6421875 0.49765625 0.090625 0.0609375
3 0.740625 0.50234375 0.096875 0.0609375
0 0.56953125 0.5625 0.2578125 0.0875
0 0.8375 0.5625 0.215625 0.0875
3 0.6453125 0.63515625 0.0875 0.0734375
3 0.74296875 0.63671875 0.1015625 0.0703125
10 0.69140625 0.67109375 0.1515625 0.0609375
3 0.69296875 0.71953125 0.0359375 0.0703125
0 0.68828125 0.78671875 0.2203125 0.0828125
3 0.45234375 0.8078125 0.2703125 0.065625
0 0.21875 0.83515625 0.196875 0.0953125
3 0.2203125 0.89453125 0.0375 0.0484375
8 0.21875 0.93515625 0.06875 0.0609375
17 0.2046875 0.14765625 0.059375 0.0609375
3 0.20859375 0.19453125 0.0328125 0.0703125
0 0.209375 0.2671875 0.24375 0.090625
3 0.43671875 0.3171875 0.2390625 0.078125
0 0.70625 0.3828125 0.375 0.090625
