3 0.690625 0.4375 0.03125 0.034375
9 0.684375 0.461328125 0.15625 0.04765625
3 0.6421875 0.49765625 0.090625 0.0609375
3 0.740625 0.50234375 0.096875 0.0609375
0 0.569140625 0.5625 0.25703125 0.0875
0 0.8375 0.5625 0.215625 0.0875
3 0.6453125 0.633984375 0.0875 0.07421875
3 0.74296875 0.63671875 0.1015625 0.0703125
10 0.691015625 0.67109375 0.15078125 0.0609375
3 0.69296875 0.719140625 0.0359375 0.06953125
0 0.68828125 0.785546875 0.2203125 0.08359375
3 0.451171875 0.8078125 0.27109375 0.065625
0 0.21875 0.83515625 0.196875 0.0953125
3 0.2203125 0.893359375 0.0375 0.04921875
8 0.21875 0.93515625 0.06875 0.0609375
17 0.2046875 0.146484375 0.059375 0.06171875
3 0.20859375 0.19453125 0.0328125 0.0703125
0 0.209375 0.2671875 0.24375 0.090625
3 0.435546875 0.3171875 0.23984375 0.078125
0 0.70625 0.3828125 0.375 0.090625
