3 0.77890625 0.47890625 0.0515625 0.0890625
5 0.776953125 0.53828125 0.14765625 0.1234375
17 0.246875 0.05625 0.065625 0.059375
3 0.575 0.552734375 0.29375 0.04296875
0 0.25625 0.553515625 0.3625 0.11953125
3 0.2609375 0.658203125 0.05625 0.12265625
0 0.25625 0.765625 0.30625 0.103125
3 0.2609375 0.859375 0.05625 0.103125
8 0.2609375 0.941796875 0.09375 0.06484375
3 0.252734375 0.10859375 0.04296875 0.0640625
0 0.252734375 0.189453125 0.38671875 0.09765625
3 0.25625 0.29140625 0.05625 0.1328125
5 0.2578125 0.3734375 0.1625 0.115625
3 0.45625 0.3859375 0.30625 0.046875
0 0.7859375 0.387109375 0.3625 0.11171875
