3 0.52109375 0.341796875 0.0671875 0.05234375
1 0.51875 0.39375 0.25625 0.071875
3 0.52109375 0.444921875 0.0671875 0.05546875
1 0.524609375 0.5015625 0.26796875 0.071875
2 0.795703125 0.5203125 0.21328125 0.075
3 0.52421875 0.549609375 0.0734375 0.04921875
2 0.234375 0.05625 0.2375 0.078125
5 0.521484375 0.575 0.15234375 0.06875
17 0.51796875 0.05859375 0.0734375 0.0390625
3 0.39921875 0.602734375 0.2015625 0.05234375
3 0.64609375 0.605859375 0.1953125 0.05859375
1 0.7109375 0.660546875 0.2625 0.06484375
1 0.332421875 0.6625 0.27421875 0.06875
3 0.33828125 0.715234375 0.0671875 0.05546875
1 0.332421875 0.768359375 0.27421875 0.06484375
3 0.64140625 0.778515625 0.1828125 0.17578125
3 0.39921875 0.8328125 0.1765625 0.06875
2 0.805078125 0.0859375 0.20703125 0.08125
11 0.528125 0.851171875 0.2375 0.06171875
3 0.53046875 0.888671875 0.0609375 0.06484375
2 0.134765625 0.9390625 0.20703125 0.084375
2 0.805078125 0.940625 0.21953125 0.075
8 0.530078125 0.944921875 0.09765625 0.05234375
3 0.52421875 0.099609375 0.0734375 0.06171875
2 0.134765625 0.1703125 0.20703125 0.084375
1 0.524609375 0.173828125 0.28046875 0.09453125
3 0.52734375 0.237109375 0.0671875 0.05234375
1 0.521875 0.290625 0.2625 0.071875
