3 0.52109375 0.3419921875 0.0671875 0.052734375
1 0.51875 0.39375 0.25625 0.071875
3 0.52109375 0.4447265625 0.0671875 0.055078125
1 0.5244140625 0.5015625 0.267578125 0.071875
2 0.7958984375 0.5203125 0.213671875 0.075
3 0.52421875 0.5494140625 0.0734375 0.048828125
2 0.234375 0.05625 0.2375 0.078125
5 0.5212890625 0.575 0.151953125 0.06875
17 0.51796875 0.05859375 0.0734375 0.0390625
3 0.39921875 0.6025390625 0.2015625 0.051953125
3 0.64609375 0.6060546875 0.1953125 0.058984375
1 0.7109375 0.6607421875 0.2625 0.065234375
1 0.3322265625 0.6625 0.273828125 0.06875
3 0.33828125 0.7150390625 0.0671875 0.055078125
1 0.3322265625 0.7685546875 0.273828125 0.065234375
3 0.641015625 0.7783203125 0.18203125 0.175390625
3 0.39921875 0.8328125 0.1765625 0.06875
2 0.8048828125 0.0859375 0.206640625 0.08125
11 0.528125 0.8513671875 0.2375 0.062109375
3 0.53046875 0.8888671875 0.0609375 0.065234375
2 0.1345703125 0.9390625 0.206640625 0.084375
2 0.8048828125 0.940625 0.219140625 0.075
8 0.5302734375 0.9447265625 0.098046875 0.051953125
3 0.52421875 0.0994140625 0.0734375 0.061328125
2 0.1345703125 0.1703125 0.206640625 0.084375
1 0.5244140625 0.1740234375 0.280078125 0.094921875
3 0.52734375 0.2373046875 0.0671875 0.052734375
1 0.521875 0.290625 0.2625 0.071875
