3 0.52109375 0.3421875 0.0671875 0.053125
1 0.51875 0.39375 0.25625 0.071875
3 0.52109375 0.4453125 0.0671875 0.05625
1 0.525 0.5015625 0.26875 0.071875
2 0.79609375 0.5203125 0.2140625 0.075
3 0.52421875 0.55 0.0734375 0.05
2 0.234375 0.05625 0.2375 0.078125
5 0.521875 0.575 0.153125 0.06875
17 0.51796875 0.05859375 0.0734375 0.0390625
3 0.39921875 0.60234375 0.2015625 0.0515625
3 0.64609375 0.60625 0.1953125 0.059375
1 0.7109375 0.6609375 0.2625 0.065625
1 0.3328125 0.6625 0.275 0.06875
3 0.33828125 0.715625 0.0671875 0.05625
1 0.3328125 0.76875 0.275 0.065625
3 0.641015625 0.778515625 0.18203125 0.17578125
3 0.39921875 0.8328125 0.1765625 0.06875
2 0.804296875 0.0859375 0.20859375 0.08125
11 0.528125 0.8515625 0.2375 0.0625
3 0.53046875 0.8890625 0.0609375 0.065625
2 0.134765625 0.9390625 0.20703125 0.084375
2 0.804296875 0.940625 0.22109375 0.075
8 0.53046875 0.9453125 0.0984375 0.053125
3 0.52421875 0.1 0.0734375 0.0625
2 0.134765625 0.1703125 0.20703125 0.084375
1 0.525 0.17421875 0.28125 0.0953125
3 0.52734375 0.2375 0.0671875 0.053125
1 0.521875 0.290625 0.2625 0.071875
