3 0.496875 0.3921875 0.05625 0.053125
1 0.50078125 0.45234375 0.3296875 0.0671875
3 0.503125 0.50703125 0.05625 0.0578125
1 0.496875 0.5640625 0.334375 0.071875
3 0.5 0.61328125 0.05 0.0359375
5 0.496875 0.6515625 0.2125 0.103125
3 0.7125 0.67265625 0.296875 0.0609375
3 0.496875 0.0703125 0.05625 0.046875
3 0.2796875 0.6765625 0.325 0.046875
1 0.83515625 0.7265625 0.3296875 0.071875
1 0.16484375 0.7296875 0.3296875 0.075
3 0.28828125 0.77421875 0.3078125 0.0421875
11 0.503125 0.7734375 0.234375 0.078125
3 0.715625 0.77578125 0.290625 0.0390625
3 0.5 0.83359375 0.05 0.0359375
1 0.50390625 0.88125 0.3359375 0.075
3 0.50078125 0.92265625 0.0390625 0.0359375
8 0.49375 0.9640625 0.140625 0.071875
1 0.496875 0.12265625 0.334375 0.0609375
3 0.70078125 0.17578125 0.0953125 0.1453125
3 0.49765625 0.1765625 0.0453125 0.046875
5 0.5 0.22421875 0.1625 0.1203125
3 0.64765625 0.23125 0.1796875 0.028125
17 0.4953125 0.0265625 0.10625 0.053125
3 0.496875 0.28359375 0.05625 0.0421875
1 0.5 0.33671875 0.340625 0.0640625
