1 0.494921875 0.431640625 0.15234375 0.05703125
1 0.838671875 0.431640625 0.12734375 0.05703125
3 0.6734375 0.4359375 0.215625 0.025
3 0.839453125 0.4671875 0.02890625 0.025
1 0.8375 0.5046875 0.18125 0.065625
3 0.9484375 0.526953125 0.04375 0.08515625
3 0.839453125 0.53828125 0.02890625 0.0203125
5 0.84140625 0.5578125 0.0828125 0.065625
3 0.915625 0.5609375 0.1125 0.025
3 0.8421875 0.594140625 0.025 0.03203125
1 0.848046875 0.6359375 0.17734375 0.06875
3 0.838671875 0.68125 0.02109375 0.028125
1 0.5 0.07109375 0.18125 0.0609375
3 0.3203125 0.071875 0.2 0.0375
3 0.839453125 0.7546875 0.02890625 0.028125
3 0.690625 0.790625 0.21875 0.028125
1 0.8421875 0.790234375 0.103125 0.06171875
1 0.490625 0.7953125 0.18125 0.06875
1 0.16328125 0.08359375 0.1328125 0.0609375
3 0.49296875 0.834375 0.0296875 0.040625
3 0.3328125 0.87421875 0.225 0.0328125
1 0.4984375 0.87578125 0.1375 0.0609375
1 0.143359375 0.878515625 0.16171875 0.05703125
3 0.14609375 0.9109375 0.0296875 0.025
8 0.14609375 0.938671875 0.0484375 0.03359375
3 0.4953125 0.10625 0.034375 0.025
1 0.16875 0.1421875 0.171875 0.065625
1 0.509375 0.14453125 0.21875 0.0609375
3 0.3265625 0.1453125 0.15625 0.028125
3 0.49296875 0.1796875 0.0296875 0.025
1 0.4953125 0.217578125 0.190625 0.06015625
3 0.604296875 0.2421875 0.03984375 0.06875
3 0.4953125 0.24765625 0.025 0.0171875
5 0.49765625 0.26875 0.0984375 0.05625
3 0.565234375 0.27421875 0.11796875 0.0203125
3 0.4953125 0.309375 0.025 0.040625
1 0.4953125 0.357421875 0.103125 0.06484375
17 0.1734375 0.03671875 0.04375 0.0328125
3 0.4953125 0.3953125 0.025 0.025
