3 0.2794921875 0.4869140625 0.187109375 0.039453125
1 0.4974609375 0.489453125 0.266796875 0.14140625
3 0.0578125 0.489453125 0.115625 0.03515625
5 0.1470703125 0.4888671875 0.159765625 0.187109375
3 0.37890625 0.0640625 0.0484375 0.128125
3 0.1921875 0.69296875 0.115625 0.2578125
3 0.8 0.0712890625 0.053125 0.133203125
8 0.8755859375 0.8083984375 0.098046875 0.107421875
3 0.671875 0.81328125 0.3375 0.0359375
1 0.380078125 0.8134765625 0.27890625 0.133203125
1 0.7955078125 0.19375 0.266015625 0.1375
17 0.1267578125 0.19296875 0.066015625 0.0578125
1 0.3796875 0.19375 0.2625 0.1375
3 0.2048828125 0.195703125 0.106640625 0.03515625
3 0.710546875 0.38203125 0.19609375 0.2578125
