3 0.175 0.424609375 0.0625 0.12421875
3 0.765625 0.4328125 0.046875 0.146875
15 0.19609375 0.5421875 0.3203125 0.14375
16 0.7625 0.5484375 0.403125 0.115625
3 0.762890625 0.6625 0.05078125 0.14375
1 0.76875 0.78203125 0.278125 0.1046875
3 0.76796875 0.88203125 0.0421875 0.1046875
18 0.21171875 0.90625 0.4234375 0.065625
17 0.75625 0.09296875 0.078125 0.0546875
8 0.7625 0.95625 0.0625 0.05
13 0.1609375 0.096875 0.26875 0.1
3 0.762890625 0.18359375 0.05078125 0.1359375
3 0.16484375 0.1921875 0.0515625 0.128125
1 0.75546875 0.3078125 0.3140625 0.134375
1 0.16484375 0.310546875 0.3203125 0.12734375
