3 0.29765625 0.41796875 0.0640625 0.0609375
5 0.2953125 0.484375 0.25625 0.1375
3 0.6265625 0.528125 0.44375 0.1375
3 0.3015625 0.56015625 0.05 0.0890625
8 0.8375 0.615625 0.06875 0.04375
1 0.30078125 0.65546875 0.3546875 0.1171875
17 0.3015625 0.07109375 0.059375 0.0453125
3 0.3015625 0.7359375 0.05 0.06875
2 0.82734375 0.7765625 0.2765625 0.125
1 0.29609375 0.809375 0.2859375 0.09375
2 0.66015625 0.084375 0.2859375 0.121875
3 0.29765625 0.8859375 0.0546875 0.09375
8 0.29765625 0.95390625 0.0640625 0.0453125
3 0.3015625 0.1234375 0.05 0.06875
0 0.30546875 0.1796875 0.2953125 0.06875
3 0.29765625 0.24609375 0.0546875 0.0890625
1 0.2984375 0.3390625 0.359375 0.121875
