3 0.31328125 0.4734375 0.0453125 0.05
3 0.79921875 0.50078125 0.0359375 0.1296875
5 0.315625 0.509375 0.09375 0.084375
3 0.4421875 0.5296875 0.20625 0.04375
3 0.24140625 0.5359375 0.0984375 0.05
0 0.2921875 0.60078125 0.290625 0.0984375
0 0.57890625 0.60234375 0.2640625 0.1109375
0 0.85078125 0.6046875 0.2734375 0.10625
3 0.23515625 0.6828125 0.0859375 0.075
3 0.42265625 0.6828125 0.2109375 0.075
11 0.3015625 0.709375 0.09375 0.075
3 0.68046875 0.71875 0.2640625 0.1375
3 0.4296875 0.74921875 0.26875 0.0578125
3 0.55625 0.8203125 0.03125 0.05
0 0.55390625 0.8828125 0.2140625 0.09375
17 0.53359375 0.09375 0.0578125 0.0625
3 0.5609375 0.9515625 0.03125 0.053125
3 0.5296875 0.1421875 0.03125 0.053125
0 0.53203125 0.21171875 0.2328125 0.1109375
3 0.66953125 0.32265625 0.2765625 0.0578125
3 0.41953125 0.33203125 0.2421875 0.0671875
0 0.80625 0.39609375 0.21875 0.1078125
0 0.31953125 0.40859375 0.1828125 0.0984375
