1 0.1 0.515625 0.159375 0.121875
3 0.82734375 0.521875 0.1171875 0.95625
3 0.3234375 0.525 0.028125 0.26875
3 0.51875 0.05859375 0.23125 0.0390625
17 0.10390625 0.059375 0.0765625 0.06875
3 0.18359375 0.0609375 0.1140625 0.034375
1 0.321875 0.0609375 0.171875 0.121875
3 0.1625 0.61015625 0.146875 0.0984375
5 0.69296875 0.06328125 0.1921875 0.1078125
10 0.27890625 0.66171875 0.2078125 0.0734375
3 0.70078125 0.6921875 0.0203125 0.615625
3 0.5265625 0.6953125 0.028125 0.609375
3 0.27265625 0.7078125 0.0328125 0.06875
1 0.275 0.79140625 0.15 0.1171875
3 0.275 0.87109375 0.028125 0.0640625
1 0.27421875 0.9484375 0.1265625 0.103125
3 0.3234375 0.14609375 0.0375 0.0671875
9 0.321875 0.18828125 0.2125 0.0828125
3 0.70546875 0.19140625 0.0359375 0.1953125
3 0.45390625 0.2421875 0.1671875 0.09375
3 0.3234375 0.2421875 0.0375 0.09375
3 0.17734375 0.24375 0.1921875 0.0875
1 0.0984375 0.3390625 0.1625 0.121875
1 0.703125 0.34140625 0.121875 0.1171875
1 0.3234375 0.34140625 0.175 0.1265625
1 0.5265625 0.34375 0.109375 0.1125
3 0.1 0.42265625 0.028125 0.0640625
