3 0.391796875 0.41484375 0.36484375 0.1015625
1 0.55625 0.5015625 0.23125 0.08125
17 0.5515625 0.0546875 0.046875 0.03125
3 0.55390625 0.557421875 0.0421875 0.03984375
5 0.55390625 0.59296875 0.1234375 0.0859375
3 0.363671875 0.61796875 0.33984375 0.0734375
3 0.55390625 0.634375 0.0421875 0.05
1 0.2265625 0.693359375 0.225 0.08671875
1 0.55390625 0.69609375 0.2265625 0.0890625
3 0.55859375 0.7515625 0.0421875 0.046875
1 0.5625 0.81171875 0.23125 0.0890625
3 0.228125 0.82578125 0.046875 0.1859375
3 0.555859375 0.0875 0.03671875 0.04375
3 0.5515625 0.872265625 0.046875 0.03828125
3 0.3703125 0.90859375 0.31875 0.0359375
8 0.559375 0.9109375 0.0625 0.046875
1 0.5546875 0.1484375 0.20625 0.084375
3 0.555859375 0.201171875 0.03671875 0.03984375
5 0.55390625 0.23046875 0.1234375 0.0734375
3 0.36640625 0.25625 0.3234375 0.078125
3 0.56171875 0.2734375 0.0359375 0.04375
1 0.5515625 0.330078125 0.23125 0.08515625
1 0.22578125 0.330078125 0.2359375 0.08515625
