3 0.391796875 0.4146484375 0.36484375 0.101171875
1 0.5560546875 0.5015625 0.230859375 0.08125
17 0.5513671875 0.0546875 0.046484375 0.03125
3 0.5537109375 0.557421875 0.041796875 0.03984375
5 0.55390625 0.5927734375 0.1234375 0.085546875
3 0.3642578125 0.61796875 0.337890625 0.0734375
3 0.5537109375 0.634375 0.041796875 0.05
1 0.2255859375 0.6939453125 0.226171875 0.084765625
1 0.5537109375 0.69609375 0.226171875 0.0890625
3 0.5583984375 0.7515625 0.041796875 0.046875
1 0.5619140625 0.81171875 0.230078125 0.0890625
3 0.2279296875 0.82578125 0.046484375 0.1859375
3 0.555859375 0.0873046875 0.03671875 0.043359375
3 0.5513671875 0.872265625 0.046484375 0.03828125
3 0.3697265625 0.9083984375 0.317578125 0.035546875
8 0.5587890625 0.9109375 0.061328125 0.046875
1 0.5541015625 0.1474609375 0.205078125 0.085546875
3 0.555859375 0.201171875 0.03671875 0.03984375
5 0.55390625 0.23046875 0.1234375 0.0734375
3 0.36640625 0.2556640625 0.3234375 0.076953125
3 0.56171875 0.2732421875 0.0359375 0.043359375
1 0.5513671875 0.3298828125 0.230859375 0.084765625
1 0.22578125 0.3298828125 0.2359375 0.084765625
