3 0.39296875 0.41484375 0.3640625 0.1015625
1 0.55625 0.5015625 0.23125 0.08125
17 0.5515625 0.0546875 0.046875 0.03125
3 0.55390625 0.55859375 0.0421875 0.0390625
5 0.55390625 0.59296875 0.1234375 0.0859375
3 0.36484375 0.61796875 0.3390625 0.0734375
3 0.55390625 0.634375 0.0421875 0.05
1 0.2265625 0.69453125 0.225 0.0859375
1 0.55390625 0.69609375 0.2265625 0.0890625
3 0.55859375 0.7515625 0.0421875 0.046875
1 0.5625 0.81171875 0.23125 0.0890625
3 0.228125 0.82578125 0.046875 0.1859375
3 0.55703125 0.0875 0.0359375 0.04375
3 0.5515625 0.87265625 0.046875 0.0390625
3 0.3703125 0.90859375 0.31875 0.0359375
8 0.559375 0.9109375 0.0625 0.046875
1 0.5546875 0.1484375 0.20625 0.084375
3 0.55703125 0.20234375 0.0359375 0.0390625
5 0.55390625 0.23046875 0.1234375 0.0734375
3 0.36640625 0.25625 0.3234375 0.078125
3 0.56171875 0.2734375 0.0359375 0.04375
1 0.5515625 0.33046875 0.23125 0.0859375
1 0.22578125 0.33046875 0.2359375 0.0859375
