5 0.812890625 0.490625 0.15703125 0.128125
8 0.401953125 0.049609375 0.12265625 0.03671875
8 0.356640625 0.575 0.08203125 0.0125
5 0.8359375 0.628125 0.1625 0.1375
8 0.37109375 0.72734375 0.0609375 0.0359375
10 0.8234375 0.790625 0.196875 0.109375
8 0.39921875 0.86875 0.1171875 0.0375
8 0.8125 0.9140625 0.140625 0.128125
17 0.836328125 0.1078125 0.13515625 0.121875
8 0.415625 0.203125 0.13125 0.040625
1 0.828125 0.2453125 0.20625 0.109375
8 0.40625 0.31796875 0.165625 0.0453125
3 0.813671875 0.3546875 0.30234375 0.028125
8 0.4234375 0.441015625 0.165625 0.04453125
