3 0.28046875 0.45078125 0.3015625 0.1328125
3 0.69453125 0.4546875 0.3453125 0.140625
1 0.15078125 0.56484375 0.2828125 0.1203125
1 0.846875 0.578125 0.296875 0.115625
17 0.478125 0.0671875 0.134375 0.115625
3 0.1515625 0.66328125 0.04375 0.0953125
3 0.49375 0.678125 0.4125 0.28125
3 0.84765625 0.6890625 0.0390625 0.128125
1 0.15078125 0.75390625 0.2921875 0.1203125
1 0.84765625 0.8015625 0.2859375 0.115625
3 0.15390625 0.840625 0.0484375 0.078125
8 0.153125 0.93359375 0.10625 0.1078125
3 0.47890625 0.15546875 0.0484375 0.0703125
1 0.47578125 0.23828125 0.2921875 0.1203125
3 0.4765625 0.31796875 0.04375 0.0484375
5 0.47578125 0.3890625 0.1484375 0.15625
