3 0.279296875 0.45078125 0.30234375 0.1328125
3 0.694140625 0.4546875 0.34453125 0.140625
1 0.15078125 0.563671875 0.2828125 0.12109375
1 0.846875 0.578125 0.296875 0.115625
17 0.478125 0.0671875 0.134375 0.115625
3 0.1515625 0.66328125 0.04375 0.0953125
3 0.49375 0.678125 0.4125 0.28125
3 0.847265625 0.6890625 0.03828125 0.128125
1 0.15078125 0.75390625 0.2921875 0.1203125
1 0.846484375 0.8015625 0.28671875 0.115625
3 0.152734375 0.840625 0.04921875 0.078125
8 0.153125 0.93359375 0.10625 0.1078125
3 0.477734375 0.154296875 0.04921875 0.07109375
1 0.47578125 0.237890625 0.2921875 0.11953125
3 0.4765625 0.31796875 0.04375 0.0484375
5 0.47578125 0.3890625 0.1484375 0.15625
