3 0.534765625 0.52109375 0.01953125 0.1671875
5 0.533984375 0.6328125 0.13359375 0.146875
0 0.862890625 0.634375 0.20390625 0.121875
3 0.67265625 0.636328125 0.1921875 0.03515625
3 0.53828125 0.762109375 0.0234375 0.19296875
0 0.53203125 0.904296875 0.1921875 0.11171875
8 0.801953125 0.90625 0.05078125 0.065625
3 0.697265625 0.909375 0.15703125 0.040625
0 0.533203125 0.096875 0.17265625 0.121875
3 0.729296875 0.09921875 0.22734375 0.0453125
8 0.869140625 0.098828125 0.05078125 0.07578125
3 0.535546875 0.258984375 0.02734375 0.23359375
3 0.864453125 0.352734375 0.01953125 0.46171875
3 0.4109375 0.405859375 0.16875 0.03046875
5 0.52421875 0.40859375 0.1296875 0.1265625
0 0.246484375 0.41171875 0.16484375 0.1015625
3 0.119140625 0.416796875 0.09765625 0.03046875
17 0.05078125 0.42109375 0.0390625 0.0609375
