3 0.53515625 0.52109375 0.0203125 0.1671875
5 0.534375 0.6328125 0.134375 0.146875
0 0.8625 0.634375 0.203125 0.121875
3 0.67265625 0.63671875 0.1921875 0.0359375
3 0.53828125 0.7625 0.0234375 0.19375
0 0.53203125 0.9046875 0.1921875 0.1125
8 0.80234375 0.90625 0.0515625 0.065625
3 0.69765625 0.909375 0.1578125 0.040625
0 0.53359375 0.096875 0.1734375 0.121875
3 0.73046875 0.09921875 0.2265625 0.0453125
8 0.86953125 0.1 0.0515625 0.075
3 0.5359375 0.259375 0.028125 0.234375
3 0.86484375 0.353125 0.0203125 0.4625
3 0.4109375 0.40625 0.16875 0.03125
5 0.52421875 0.40859375 0.1296875 0.1265625
0 0.246875 0.41171875 0.165625 0.1015625
3 0.11953125 0.4171875 0.0984375 0.03125
17 0.05078125 0.42109375 0.0390625 0.0609375
