3 0.5349609375 0.520703125 0.019921875 0.16640625
5 0.5337890625 0.6328125 0.133203125 0.146875
0 0.8626953125 0.634375 0.203515625 0.121875
3 0.67265625 0.6365234375 0.1921875 0.035546875
3 0.537109375 0.7619140625 0.02421875 0.192578125
0 0.530859375 0.9041015625 0.19296875 0.111328125
8 0.8021484375 0.90625 0.051171875 0.065625
3 0.6974609375 0.909375 0.157421875 0.040625
0 0.5333984375 0.096875 0.173046875 0.121875
3 0.7294921875 0.09921875 0.227734375 0.0453125
8 0.8689453125 0.0990234375 0.050390625 0.076171875
3 0.5353515625 0.2587890625 0.026953125 0.233203125
3 0.8646484375 0.3529296875 0.019921875 0.462109375
3 0.4109375 0.4060546875 0.16875 0.030859375
5 0.523828125 0.40859375 0.12890625 0.1265625
0 0.2466796875 0.410546875 0.165234375 0.10234375
3 0.1193359375 0.4166015625 0.098046875 0.030078125
17 0.05078125 0.42109375 0.0390625 0.0609375
