3 0.63671875 0.4203125 0.0359375 0.03125
5 0.63984375 0.4453125 0.1015625 0.075
3 0.772265625 0.4515625 0.21328125 0.03125
3 0.63671875 0.51015625 0.0359375 0.0703125
1 0.6375 0.5890625 0.3 0.09375
3 0.85546875 0.63125 0.0359375 0.4
3 0.63671875 0.6453125 0.0359375 0.04375
1 0.63203125 0.7140625 0.3296875 0.09375
3 0.46171875 0.81015625 0.0609375 0.2390625
3 0.8125 0.815625 0.1125 0.03125
1 0.626953125 0.82734375 0.27890625 0.1015625
3 0.634375 0.88125 0.03125 0.028125
3 0.5234375 0.9125 0.171875 0.028125
8 0.640625 0.9234375 0.08125 0.059375
17 0.2234375 0.1234375 0.071875 0.059375
3 0.22109375 0.16484375 0.0359375 0.0546875
1 0.21796875 0.24140625 0.2328125 0.0984375
3 0.21875 0.300390625 0.03125 0.05078125
1 0.21796875 0.362109375 0.3046875 0.09921875
3 0.434375 0.362109375 0.1375 0.03671875
1 0.640625 0.365625 0.284375 0.09375
