3 0.6365234375 0.4203125 0.035546875 0.03125
5 0.63984375 0.4451171875 0.1015625 0.074609375
3 0.7720703125 0.4515625 0.212890625 0.03125
3 0.6365234375 0.51015625 0.035546875 0.0703125
1 0.6369140625 0.5890625 0.298828125 0.09375
3 0.8552734375 0.63125 0.035546875 0.4
3 0.6365234375 0.6451171875 0.035546875 0.043359375
1 0.63203125 0.7140625 0.3296875 0.09375
3 0.46171875 0.81015625 0.0609375 0.2390625
3 0.8123046875 0.815625 0.112109375 0.03125
1 0.6267578125 0.8275390625 0.278515625 0.101953125
3 0.6341796875 0.8806640625 0.030859375 0.026953125
3 0.5224609375 0.9119140625 0.173046875 0.026953125
8 0.640625 0.9232421875 0.08125 0.058984375
17 0.2232421875 0.1232421875 0.071484375 0.058984375
3 0.2208984375 0.16484375 0.035546875 0.0546875
1 0.2181640625 0.2412109375 0.233203125 0.098046875
3 0.2181640625 0.3001953125 0.030078125 0.050390625
1 0.21796875 0.3626953125 0.3046875 0.097265625
3 0.4341796875 0.3626953125 0.137109375 0.034765625
1 0.640625 0.365625 0.284375 0.09375
