3 0.68984375 0.500390625 0.0296875 0.05078125
9 0.68359375 0.5328125 0.1796875 0.059375
3 0.64375 0.571875 0.090625 0.075
3 0.738671875 0.571875 0.10234375 0.075
0 0.83359375 0.646875 0.2140625 0.09375
0 0.56875 0.64921875 0.265625 0.0984375
3 0.6421875 0.728515625 0.09375 0.08828125
3 0.74609375 0.732421875 0.0984375 0.08984375
10 0.6921875 0.77421875 0.1875 0.0609375
3 0.69453125 0.828125 0.0203125 0.075
0 0.68984375 0.9078125 0.2265625 0.103125
17 0.203125 0.16953125 0.046875 0.0609375
3 0.20703125 0.2265625 0.0296875 0.078125
0 0.20703125 0.3078125 0.2359375 0.09375
3 0.4390625 0.36015625 0.24375 0.0890625
0 0.7078125 0.43984375 0.371875 0.0984375
