3 0.68984375 0.5001953125 0.0296875 0.050390625
9 0.68359375 0.5330078125 0.1796875 0.059765625
3 0.6431640625 0.5716796875 0.089453125 0.074609375
3 0.7388671875 0.5716796875 0.102734375 0.074609375
0 0.83359375 0.6466796875 0.2140625 0.093359375
0 0.5685546875 0.6490234375 0.265234375 0.098046875
3 0.6421875 0.7283203125 0.09375 0.087890625
3 0.74609375 0.7330078125 0.0984375 0.087890625
10 0.6923828125 0.7740234375 0.187890625 0.060546875
3 0.6947265625 0.8279296875 0.020703125 0.074609375
0 0.68984375 0.9072265625 0.2265625 0.101953125
17 0.203125 0.1693359375 0.046875 0.060546875
3 0.20703125 0.2255859375 0.0296875 0.079296875
0 0.2068359375 0.3072265625 0.235546875 0.092578125
3 0.4390625 0.3599609375 0.24375 0.088671875
0 0.7078125 0.4396484375 0.371875 0.098046875
