3 0.4859375 0.43125 0.04375 0.159375
0 0.478125 0.5453125 0.7125 0.09375
3 0.94609375 0.55 0.0203125 0.478125
3 0.115625 0.565625 0.04375 0.4125
17 0.4859375 0.06015625 0.09375 0.0609375
3 0.48125 0.6765625 0.04375 0.2
0 0.76875 0.79765625 0.190625 0.0859375
5 0.47890625 0.8 0.1265625 0.121875
3 0.8875 0.803125 0.06875 0.04375
3 0.6 0.8046875 0.165625 0.040625
0 0.109375 0.80703125 0.2 0.0859375
3 0.3265625 0.8078125 0.24375 0.040625
11 0.94140625 0.8203125 0.1171875 0.13125
3 0.58046875 0.8796875 0.2234375 0.11875
3 0.9078125 0.88671875 0.078125 0.0984375
0 0.7828125 0.9296875 0.2 0.09375
3 0.48515625 0.11015625 0.0546875 0.0578125
0 0.48359375 0.1734375 0.2828125 0.09375
3 0.48515625 0.2578125 0.0546875 0.10625
11 0.49375 0.325 0.15625 0.103125
8 0.103125 0.33125 0.0875 0.065625
3 0.7390625 0.3328125 0.44375 0.0375
3 0.29375 0.33359375 0.3125 0.0453125
