3 0.4859375 0.43125 0.04375 0.159375
0 0.478125 0.5453125 0.7125 0.09375
3 0.9458984375 0.5494140625 0.019921875 0.476953125
3 0.115625 0.565625 0.04375 0.4125
17 0.4853515625 0.058984375 0.092578125 0.06171875
3 0.48125 0.6765625 0.04375 0.2
0 0.76875 0.79765625 0.190625 0.0859375
5 0.478515625 0.8001953125 0.12578125 0.122265625
3 0.8873046875 0.8021484375 0.068359375 0.044921875
3 0.6 0.8046875 0.165625 0.040625
0 0.109375 0.805859375 0.2 0.08671875
3 0.3265625 0.8078125 0.24375 0.040625
11 0.94140625 0.8201171875 0.1171875 0.130859375
3 0.5806640625 0.8796875 0.223828125 0.11875
3 0.9078125 0.8861328125 0.078125 0.097265625
0 0.7828125 0.9296875 0.2 0.09375
3 0.4849609375 0.1099609375 0.054296875 0.057421875
0 0.482421875 0.1734375 0.28359375 0.09375
3 0.4849609375 0.2578125 0.054296875 0.10625
11 0.49375 0.3244140625 0.15625 0.101953125
8 0.103125 0.33125 0.0875 0.065625
3 0.7390625 0.3326171875 0.44375 0.037109375
3 0.29375 0.3330078125 0.3125 0.044140625
