18 0.79921875 0.5490234375 0.2390625 0.129296875
1 0.2529296875 0.5638671875 0.112109375 0.077734375
3 0.32265625 0.574609375 0.0421875 0.06796875
3 0.583203125 0.5798828125 0.02265625 0.056640625
3 0.1693359375 0.5978515625 0.069921875 0.092578125
1 0.44765625 0.63125 0.1078125 0.0875
3 0.5130859375 0.6310546875 0.038671875 0.046484375
1 0.5810546875 0.634765625 0.112109375 0.08203125
3 0.376953125 0.6345703125 0.04140625 0.041015625
1 0.0904296875 0.638671875 0.112109375 0.08359375
5 0.337890625 0.6421875 0.05703125 0.0875
3 0.171875 0.68125 0.065625 0.071875
3 0.32265625 0.7037109375 0.0421875 0.057421875
1 0.254296875 0.706640625 0.10859375 0.08203125
3 0.0890625 0.7298828125 0.015625 0.128515625
8 0.2125 0.829296875 0.03125 0.05234375
1 0.0890625 0.8326171875 0.115625 0.077734375
3 0.16875 0.8349609375 0.065625 0.041796875
1 0.4107421875 0.1748046875 0.112109375 0.093359375
3 0.4796875 0.177734375 0.03125 0.03671875
1 0.5453125 0.1779296875 0.115625 0.077734375
18 0.8078125 0.178125 0.246875 0.11875
5 0.26640625 0.1830078125 0.1078125 0.128515625
3 0.33046875 0.183203125 0.0578125 0.03515625
3 0.2216796875 0.1880859375 0.027734375 0.026171875
3 0.0853515625 0.190625 0.045703125 0.03125
1 0.1546875 0.191015625 0.115625 0.08203125
17 0.0525390625 0.1931640625 0.026953125 0.045703125
3 0.54453125 0.2345703125 0.0234375 0.056640625
3 0.2064453125 0.2654296875 0.150390625 0.077734375
9 0.5546875 0.26875 0.2125 0.071875
18 0.8201171875 0.3015625 0.258984375 0.11875
3 0.490234375 0.3275390625 0.02421875 0.108203125
3 0.6232421875 0.3296875 0.027734375 0.103125
18 0.8162109375 0.3654296875 0.266796875 0.505859375
1 0.491015625 0.412890625 0.10703125 0.08203125
1 0.622265625 0.412890625 0.10703125 0.08203125
18 0.7935546875 0.4234375 0.243359375 0.103125
3 0.490234375 0.490625 0.02421875 0.103125
3 0.62578125 0.4923828125 0.0234375 0.097265625
