1 0.8431640625 0.7728515625 0.242578125 0.380078125
1 0.5322265625 0.7791015625 0.242578125 0.367578125
8 0.0826171875 0.7787109375 0.068359375 0.110546875
3 0.263671875 0.7822265625 0.30859375 0.042578125
3 0.6875 0.7947265625 0.08125 0.055078125
18 0.2431640625 0.155859375 0.330078125 0.06796875
18 0.2458984375 0.230078125 0.213671875 0.06640625
1 0.8400390625 0.2388671875 0.242578125 0.368359375
1 0.5337890625 0.2451171875 0.239453125 0.380859375
3 0.6875 0.2638671875 0.08125 0.049609375
17 0.083203125 0.264453125 0.04140625 0.07265625
3 0.25703125 0.2638671875 0.3203125 0.049609375
3 0.8443359375 0.5060546875 0.032421875 0.202734375
