1 0.84296875 0.77265625 0.2421875 0.3796875
1 0.53203125 0.7796875 0.2421875 0.36875
8 0.0828125 0.77890625 0.06875 0.1109375
3 0.26484375 0.7828125 0.3078125 0.04375
3 0.6875 0.7953125 0.08125 0.05625
18 0.24375 0.15703125 0.33125 0.0671875
18 0.24609375 0.23046875 0.2140625 0.0671875
1 0.840625 0.2390625 0.24375 0.36875
1 0.53359375 0.2453125 0.2390625 0.38125
3 0.6875 0.26484375 0.08125 0.0484375
17 0.08359375 0.26484375 0.0421875 0.0734375
3 0.25703125 0.26484375 0.3203125 0.0484375
3 0.84453125 0.50625 0.0328125 0.203125
