1 0.84296875 0.77265625 0.2421875 0.3796875
1 0.53203125 0.7796875 0.2421875 0.36875
8 0.0828125 0.77890625 0.06875 0.1109375
3 0.263671875 0.7828125 0.30859375 0.04375
3 0.6875 0.7953125 0.08125 0.05625
18 0.24375 0.155859375 0.33125 0.06796875
18 0.24609375 0.230078125 0.2140625 0.06640625
1 0.840625 0.2390625 0.24375 0.36875
1 0.53359375 0.2453125 0.2390625 0.38125
3 0.6875 0.264453125 0.08125 0.04765625
17 0.083203125 0.264453125 0.04140625 0.07265625
3 0.25703125 0.264453125 0.3203125 0.04765625
3 0.84453125 0.50625 0.0328125 0.203125
