1 0.843359375 0.773046875 0.24296875 0.38046875
1 0.532421875 0.779296875 0.24296875 0.36796875
8 0.082421875 0.778515625 0.06796875 0.11015625
3 0.26484375 0.782421875 0.3078125 0.04296875
3 0.6875 0.794921875 0.08125 0.05546875
18 0.243359375 0.15703125 0.33046875 0.0671875
18 0.245703125 0.23046875 0.21328125 0.0671875
1 0.840234375 0.238671875 0.24296875 0.36796875
1 0.533984375 0.244921875 0.23984375 0.38046875
3 0.6875 0.263671875 0.08125 0.04921875
17 0.08359375 0.26484375 0.0421875 0.0734375
3 0.25703125 0.263671875 0.3203125 0.04921875
3 0.844140625 0.505859375 0.03203125 0.20234375
