3 0.48359375 0.454296875 0.5234375 0.05234375
0 0.2361328125 0.5150390625 0.194140625 0.076953125
3 0.4857421875 0.530078125 0.324609375 0.02890625
0 0.7408203125 0.546875 0.212890625 0.08125
3 0.7310546875 0.60546875 0.046484375 0.0515625
3 0.2359375 0.6140625 0.028125 0.1375
5 0.7337890625 0.678125 0.189453125 0.171875
3 0.4373046875 0.6822265625 0.458984375 0.042578125
3 0.7357421875 0.7666015625 0.037109375 0.055078125
0 0.74296875 0.8244140625 0.2453125 0.076953125
3 0.7404296875 0.8771484375 0.037109375 0.038671875
8 0.7404296875 0.9248046875 0.065234375 0.055859375
17 0.2591796875 0.0943359375 0.083984375 0.060546875
3 0.259375 0.1349609375 0.028125 0.038671875
0 0.2595703125 0.183984375 0.212890625 0.08671875
3 0.48828125 0.1865234375 0.2640625 0.038671875
0 0.75 0.1869140625 0.26875 0.089453125
3 0.58828125 0.2638671875 0.3890625 0.090234375
0 0.2544921875 0.28359375 0.296484375 0.0859375
3 0.40625 0.3587890625 0.375 0.089453125
0 0.7380859375 0.4015625 0.310546875 0.08125
