3 0.7546875 0.65 0.28125 0.065625
18 0.23125 0.69453125 0.11875 0.0703125
18 0.3109375 0.696875 0.028125 0.065625
18 0.371875 0.70390625 0.0875 0.0765625
5 0.0953125 0.71171875 0.121875 0.2234375
18 0.85625 0.07734375 0.2875 0.1421875
18 0.4984375 0.08046875 0.996875 0.1234375
18 0.58515625 0.0796875 0.2234375 0.1125
18 0.28984375 0.0796875 0.0578125 0.1125
18 0.3921875 0.0828125 0.134375 0.10625
18 0.128125 0.08515625 0.24375 0.1234375
18 0.3546875 0.95703125 0.028125 0.0765625
18 0.29765625 0.95703125 0.0671875 0.0765625
18 0.40703125 0.95859375 0.0640625 0.0703125
17 0.07578125 0.28828125 0.0640625 0.1171875
3 0.17109375 0.29140625 0.1390625 0.0640625
0 0.73828125 0.303125 0.2328125 0.19375
18 0.3078125 0.30625 0.075 0.059375
3 0.16953125 0.46796875 0.1359375 0.0765625
8 0.06015625 0.4703125 0.0921875 0.153125
18 0.29921875 0.47109375 0.0703125 0.0828125
