8 0.02265625 0.5232421875 0.0453125 0.083984375
3 0.2767578125 0.523828125 0.469140625 0.04140625
3 0.919140625 0.6259765625 0.02578125 0.695703125
17 0.02265625 0.0654296875 0.0453125 0.068359375
3 0.5416015625 0.66484375 0.030078125 0.0734375
14 0.3845703125 0.0681640625 0.056640625 0.051953125
3 0.83515625 0.06796875 0.3296875 0.0421875
14 0.078125 0.0701171875 0.0875 0.037109375
0 0.54375 0.0734375 0.26875 0.146875
0 0.54375 0.7673828125 0.215625 0.141015625
13 0.23515625 0.0787109375 0.2421875 0.157421875
3 0.5416015625 0.868359375 0.030078125 0.10546875
5 0.5375 0.934375 0.10625 0.13125
3 0.7501953125 0.9556640625 0.362890625 0.036328125
3 0.277734375 0.958203125 0.47421875 0.04140625
8 0.02265625 0.9607421875 0.0453125 0.068359375
3 0.54375 0.1880859375 0.034375 0.126171875
3 0.232421875 0.30625 0.38359375 0.046875
3 0.79375 0.3125 0.26875 0.046875
0 0.5400390625 0.3140625 0.245703125 0.146875
8 0.02265625 0.314453125 0.0453125 0.07265625
3 0.5453125 0.4244140625 0.0375 0.114453125
5 0.5357421875 0.500390625 0.102734375 0.15078125
