3 0.43984375 0.7171875 0.0453125 0.215625
3 0.5890625 0.72421875 0.134375 0.1890625
3 0.71953125 0.74140625 0.0265625 0.1828125
0 0.48125 0.86015625 0.165625 0.0984375
11 0.715625 0.87421875 0.0625 0.1953125
0 0.82734375 0.96171875 0.1171875 0.0765625
10 0.78984375 0.11171875 0.0515625 0.2234375
3 0.82734375 0.12578125 0.0578125 0.0421875
0 0.92265625 0.1390625 0.1546875 0.1125
0 0.1640625 0.14765625 0.1625 0.0984375
3 0.76484375 0.1859375 0.0359375 0.11875
0 0.4140625 0.20390625 0.109375 0.0984375
0 0.5375 0.20625 0.10625 0.090625
0 0.6609375 0.20625 0.109375 0.090625
3 0.89609375 0.21328125 0.0203125 0.0765625
11 0.31875 0.2171875 0.06875 0.140625
11 0.7546875 0.27265625 0.071875 0.1265625
3 0.27890625 0.28359375 0.0609375 0.1890625
8 0.896875 0.28671875 0.0375 0.0703125
3 0.103125 0.28671875 0.075 0.2515625
3 0.1734375 0.29453125 0.04375 0.2234375
3 0.48828125 0.31484375 0.3390625 0.1109375
3 0.68515625 0.34609375 0.0828125 0.0359375
5 0.253125 0.41640625 0.071875 0.1328125
0 0.3640625 0.0421875 0.196875 0.084375
9 0.06484375 0.434375 0.0484375 0.2375
10 0.19453125 0.43671875 0.0453125 0.2453125
3 0.0390625 0.440625 0.04375 0.05625
3 0.8171875 0.44140625 0.1 0.3921875
17 0.0125 0.43984375 0.025 0.0828125
3 0.71640625 0.45546875 0.0140625 0.2796875
3 0.33828125 0.45859375 0.1328125 0.1328125
0 0.53671875 0.51015625 0.1578125 0.0984375
3 0.16796875 0.53125 0.0453125 0.140625
9 0.41015625 0.53515625 0.0515625 0.2453125
3 0.103125 0.5421875 0.06875 0.146875
3 0.61875 0.58359375 0.075 0.0765625
10 0.65859375 0.6046875 0.0453125 0.23125
5 0.7140625 0.6234375 0.065625 0.140625
3 0.68359375 0.6328125 0.0453125 0.05
0 0.17890625 0.640625 0.1515625 0.090625
0 0.8296875 0.6828125 0.109375 0.090625
