3 0.438671875 0.7162109375 0.04609375 0.216796875
3 0.5884765625 0.723046875 0.133203125 0.18984375
3 0.7193359375 0.7412109375 0.026171875 0.182421875
0 0.48125 0.8599609375 0.165625 0.098046875
11 0.715625 0.8744140625 0.0625 0.195703125
0 0.82734375 0.96171875 0.1171875 0.0765625
10 0.788671875 0.11171875 0.05234375 0.2234375
3 0.8267578125 0.12578125 0.056640625 0.0421875
0 0.92265625 0.1390625 0.1546875 0.1125
0 0.1640625 0.1470703125 0.1625 0.097265625
3 0.7650390625 0.1859375 0.036328125 0.11875
0 0.4134765625 0.2033203125 0.108203125 0.097265625
0 0.5369140625 0.20625 0.105078125 0.090625
0 0.6607421875 0.20625 0.108984375 0.090625
3 0.89609375 0.21328125 0.0203125 0.0765625
11 0.31875 0.2166015625 0.06875 0.139453125
11 0.7541015625 0.2724609375 0.070703125 0.126171875
3 0.2783203125 0.28359375 0.059765625 0.1890625
8 0.8962890625 0.28671875 0.036328125 0.0703125
3 0.1025390625 0.28671875 0.073828125 0.2515625
3 0.1728515625 0.293359375 0.042578125 0.22421875
3 0.48828125 0.3150390625 0.3390625 0.111328125
3 0.68515625 0.3458984375 0.0828125 0.035546875
5 0.2525390625 0.41640625 0.070703125 0.1328125
0 0.3640625 0.0419921875 0.196875 0.083984375
9 0.064453125 0.434375 0.04765625 0.2375
10 0.194140625 0.4365234375 0.04453125 0.244921875
3 0.0384765625 0.440625 0.042578125 0.05625
3 0.8171875 0.4408203125 0.1 0.391015625
17 0.0125 0.43984375 0.025 0.0828125
3 0.71640625 0.455078125 0.0140625 0.27890625
3 0.3373046875 0.457421875 0.133984375 0.13359375
0 0.5365234375 0.5099609375 0.157421875 0.098046875
3 0.16796875 0.5310546875 0.0453125 0.140234375
9 0.41015625 0.5349609375 0.0515625 0.244921875
3 0.103125 0.5421875 0.06875 0.146875
3 0.6181640625 0.58359375 0.073828125 0.0765625
10 0.657421875 0.6044921875 0.04609375 0.230859375
5 0.7140625 0.6228515625 0.065625 0.139453125
3 0.68359375 0.6326171875 0.0453125 0.049609375
0 0.1783203125 0.640625 0.150390625 0.090625
0 0.8291015625 0.6828125 0.108203125 0.090625
