3 0.446875 0.499609375 0.028125 0.27734375
3 0.15859375 0.556640625 0.0359375 0.39140625
0 0.89609375 0.631640625 0.2078125 0.10390625
3 0.615234375 0.633984375 0.36796875 0.03984375
0 0.15234375 0.802734375 0.2640625 0.10859375
3 0.16171875 0.898828125 0.0359375 0.10390625
3 0.167578125 0.09375 0.03203125 0.059375
8 0.156640625 0.967578125 0.04765625 0.04453125
0 0.169921875 0.17578125 0.33984375 0.1234375
3 0.530078125 0.25 0.74765625 0.034375
3 0.159765625 0.2703125 0.04765625 0.09375
5 0.16015625 0.32890625 0.0796875 0.1234375
0 0.77109375 0.3421875 0.2203125 0.11875
3 0.56484375 0.34375 0.1921875 0.034375
3 0.30390625 0.34375 0.2640625 0.034375
5 0.443359375 0.346484375 0.09609375 0.10859375
17 0.169921875 0.04296875 0.05234375 0.0640625
3 0.896484375 0.40390625 0.02421875 0.3515625
3 0.859765625 0.482421875 0.03203125 0.19296875
