3 0.446875 0.5 0.028125 0.278125
3 0.15859375 0.55703125 0.0359375 0.3921875
0 0.89609375 0.63203125 0.2078125 0.1046875
3 0.615625 0.63359375 0.36875 0.0390625
0 0.15234375 0.803125 0.2640625 0.109375
3 0.16171875 0.89921875 0.0359375 0.1046875
3 0.16796875 0.09375 0.0328125 0.059375
8 0.15703125 0.96796875 0.0484375 0.0453125
0 0.1703125 0.17578125 0.340625 0.1234375
3 0.53046875 0.25 0.7484375 0.034375
3 0.16015625 0.2703125 0.0484375 0.09375
5 0.16015625 0.32890625 0.0796875 0.1234375
0 0.77109375 0.3421875 0.2203125 0.11875
3 0.56484375 0.34375 0.1921875 0.034375
3 0.30390625 0.34375 0.2640625 0.034375
5 0.44375 0.346875 0.096875 0.109375
17 0.1703125 0.04296875 0.053125 0.0640625
3 0.896875 0.40390625 0.025 0.3515625
3 0.86015625 0.48359375 0.0328125 0.1921875
