3 0.446875 0.4998046875 0.028125 0.277734375
3 0.158203125 0.5568359375 0.03515625 0.391796875
0 0.89609375 0.6314453125 0.2078125 0.103515625
3 0.6154296875 0.6337890625 0.368359375 0.039453125
0 0.15234375 0.8025390625 0.2640625 0.108203125
3 0.16171875 0.8986328125 0.0359375 0.103515625
3 0.1677734375 0.09375 0.032421875 0.059375
8 0.1564453125 0.9677734375 0.047265625 0.044921875
0 0.1701171875 0.17578125 0.340234375 0.1234375
3 0.5298828125 0.25 0.747265625 0.034375
3 0.1599609375 0.2703125 0.048046875 0.09375
5 0.16015625 0.32890625 0.0796875 0.1234375
0 0.769921875 0.3421875 0.22109375 0.11875
3 0.564453125 0.34375 0.19140625 0.034375
3 0.30390625 0.34375 0.2640625 0.034375
5 0.4435546875 0.3466796875 0.096484375 0.108984375
17 0.1701171875 0.041796875 0.052734375 0.06484375
3 0.8962890625 0.403515625 0.023828125 0.35078125
3 0.8599609375 0.4826171875 0.032421875 0.193359375
