3 0.446875 0.5 0.028125 0.278125
3 0.158203125 0.55703125 0.03515625 0.3921875
0 0.89609375 0.630859375 0.2078125 0.10546875
3 0.615625 0.63359375 0.36875 0.0390625
0 0.15234375 0.803125 0.2640625 0.109375
3 0.16171875 0.898828125 0.0359375 0.10390625
3 0.16796875 0.09375 0.0328125 0.059375
8 0.155859375 0.96796875 0.04921875 0.0453125
0 0.1703125 0.17578125 0.340625 0.1234375
3 0.530078125 0.25 0.74765625 0.034375
3 0.16015625 0.2703125 0.0484375 0.09375
5 0.16015625 0.32890625 0.0796875 0.1234375
0 0.769921875 0.3421875 0.22109375 0.11875
3 0.564453125 0.34375 0.19140625 0.034375
3 0.30390625 0.34375 0.2640625 0.034375
5 0.44375 0.346875 0.096875 0.109375
17 0.1703125 0.041796875 0.053125 0.06484375
3 0.896875 0.403515625 0.025 0.35078125
3 0.86015625 0.483203125 0.0328125 0.19140625
