3 0.96484375 0.478515625 0.0265625 0.56640625
3 0.3890625 0.5296875 0.03125 0.075
5 0.38359375 0.584375 0.1296875 0.10625
3 0.468359375 0.650390625 0.12109375 0.08828125
3 0.31484375 0.65078125 0.1078125 0.0796875
3 0.883203125 0.7421875 0.19765625 0.03125
1 0.628125 0.74765625 0.340625 0.1328125
1 0.16171875 0.767578125 0.3140625 0.17265625
3 0.16171875 0.8828125 0.0359375 0.075
8 0.1625 0.953515625 0.071875 0.06640625
3 0.384375 0.101953125 0.03125 0.08828125
3 0.771875 0.20546875 0.4125 0.0484375
1 0.384375 0.20859375 0.371875 0.1328125
17 0.390625 0.03359375 0.071875 0.0578125
3 0.384375 0.314453125 0.03125 0.09765625
1 0.386328125 0.425390625 0.46640625 0.15078125
