3 0.963671875 0.4783203125 0.02734375 0.566015625
3 0.3890625 0.5296875 0.03125 0.075
5 0.38359375 0.584375 0.1296875 0.10625
3 0.4685546875 0.6505859375 0.121484375 0.088671875
3 0.313671875 0.65078125 0.10859375 0.0796875
3 0.8833984375 0.7421875 0.198046875 0.03125
1 0.628125 0.74765625 0.340625 0.1328125
1 0.16171875 0.7677734375 0.3140625 0.173046875
3 0.16171875 0.8828125 0.0359375 0.075
8 0.1625 0.9537109375 0.071875 0.066796875
3 0.384375 0.1017578125 0.03125 0.087890625
3 0.771875 0.20546875 0.4125 0.0484375
1 0.384375 0.207421875 0.371875 0.13359375
17 0.390625 0.032421875 0.071875 0.05859375
3 0.384375 0.3142578125 0.03125 0.097265625
1 0.3861328125 0.4251953125 0.466015625 0.150390625
