3 0.963671875 0.477734375 0.02734375 0.56796875
3 0.3890625 0.5296875 0.03125 0.075
5 0.38359375 0.584375 0.1296875 0.10625
3 0.46875 0.65078125 0.121875 0.0890625
3 0.313671875 0.65078125 0.10859375 0.0796875
3 0.88359375 0.7421875 0.1984375 0.03125
1 0.628125 0.74765625 0.340625 0.1328125
1 0.16171875 0.76796875 0.3140625 0.1734375
3 0.16171875 0.8828125 0.0359375 0.075
8 0.1625 0.95390625 0.071875 0.0671875
3 0.384375 0.101171875 0.03125 0.08984375
3 0.771875 0.20546875 0.4125 0.0484375
1 0.384375 0.207421875 0.371875 0.13359375
17 0.390625 0.032421875 0.071875 0.05859375
3 0.384375 0.314453125 0.03125 0.09765625
1 0.386328125 0.425390625 0.46640625 0.15078125
