17 0.4548828125 0.0400390625 0.059765625 0.055078125
3 0.45234375 0.398046875 0.0453125 0.17109375
9 0.4896484375 0.4896484375 0.910546875 0.076171875
3 0.237890625 0.53984375 0.04453125 0.0953125
3 0.691796875 0.5416015625 0.04609375 0.098828125
1 0.2353515625 0.6330078125 0.239453125 0.106640625
1 0.687890625 0.6359375 0.24453125 0.103125
3 0.230078125 0.7244140625 0.02890625 0.098828125
3 0.68515625 0.7265625 0.0296875 0.103125
10 0.4876953125 0.7818359375 0.934765625 0.063671875
3 0.4474609375 0.86328125 0.035546875 0.1703125
8 0.4455078125 0.96640625 0.059765625 0.0515625
3 0.4544921875 0.14453125 0.040234375 0.1703125
1 0.46484375 0.2734375 0.2703125 0.103125
