17 0.455078125 0.040234375 0.06015625 0.05546875
3 0.45234375 0.39921875 0.0453125 0.1703125
9 0.489453125 0.489453125 0.91015625 0.07578125
3 0.23828125 0.53984375 0.0453125 0.0953125
3 0.69296875 0.541796875 0.0453125 0.09921875
1 0.235546875 0.633203125 0.23984375 0.10703125
1 0.68828125 0.6359375 0.2453125 0.103125
3 0.23046875 0.724609375 0.0296875 0.09921875
3 0.68515625 0.7265625 0.0296875 0.103125
10 0.487890625 0.781640625 0.93515625 0.06328125
3 0.447265625 0.86328125 0.03515625 0.1703125
8 0.445703125 0.96640625 0.06015625 0.0515625
3 0.454296875 0.14453125 0.03984375 0.1703125
1 0.46484375 0.2734375 0.2703125 0.103125
