17 0.45546875 0.03984375 0.0609375 0.0546875
3 0.45234375 0.39921875 0.0453125 0.1703125
9 0.48984375 0.48984375 0.9109375 0.0765625
3 0.23828125 0.53984375 0.0453125 0.0953125
3 0.69296875 0.54140625 0.0453125 0.0984375
1 0.2359375 0.63359375 0.240625 0.1078125
1 0.68828125 0.6359375 0.2453125 0.103125
3 0.23046875 0.72421875 0.0296875 0.0984375
3 0.68515625 0.7265625 0.0296875 0.103125
10 0.48828125 0.78203125 0.9359375 0.0640625
3 0.44765625 0.86328125 0.0359375 0.1703125
8 0.44609375 0.96640625 0.0609375 0.0515625
3 0.4546875 0.14453125 0.040625 0.1703125
1 0.46484375 0.2734375 0.2703125 0.103125
