3 0.57890625 0.53046875 0.3859375 0.1109375
1 0.2484375 0.56875 0.290625 0.10625
3 0.4375 0.65625 0.425 0.090625
1 0.740625 0.68203125 0.196875 0.1015625
3 0.734375 0.755078125 0.028125 0.05390625
8 0.7328125 0.8234375 0.071875 0.08125
17 0.25625 0.1671875 0.071875 0.08125
3 0.258203125 0.22734375 0.03515625 0.0515625
1 0.25625 0.2953125 0.165625 0.10625
3 0.25625 0.36328125 0.03125 0.0515625
3 0.47421875 0.43203125 0.2484375 0.0359375
1 0.75390625 0.4328125 0.3265625 0.10625
1 0.2484375 0.4328125 0.2125 0.10625
