3 0.57890625 0.53046875 0.3859375 0.1109375
1 0.2474609375 0.56875 0.291796875 0.10625
3 0.4375 0.65625 0.425 0.090625
1 0.740625 0.6818359375 0.196875 0.101171875
3 0.7341796875 0.7544921875 0.027734375 0.055859375
8 0.7322265625 0.8232421875 0.070703125 0.080859375
17 0.2560546875 0.1666015625 0.071484375 0.080078125
3 0.2580078125 0.2271484375 0.034765625 0.051171875
1 0.25625 0.2953125 0.165625 0.10625
3 0.25625 0.3630859375 0.03125 0.051171875
3 0.4740234375 0.4318359375 0.248046875 0.035546875
1 0.75390625 0.4328125 0.3265625 0.10625
1 0.2484375 0.4328125 0.2125 0.10625
