9 0.51953125 0.45 0.8421875 0.053125
3 0.266015625 0.492578125 0.03828125 0.07265625
3 0.7765625 0.49375 0.04375 0.06875
15 0.2421875 0.055859375 0.39375 0.10546875
0 0.773828125 0.5703125 0.40390625 0.09375
0 0.269140625 0.5734375 0.38828125 0.096875
3 0.778515625 0.651171875 0.03828125 0.07734375
3 0.26875 0.651171875 0.034375 0.07734375
10 0.515625 0.69140625 0.871875 0.0609375
3 0.266015625 0.73203125 0.03828125 0.0765625
0 0.271875 0.81484375 0.39375 0.1046875
3 0.266015625 0.89140625 0.03828125 0.0734375
8 0.265625 0.951953125 0.06875 0.04765625
3 0.265625 0.1296875 0.05 0.08125
0 0.271875 0.2140625 0.39375 0.096875
3 0.2640625 0.28046875 0.034375 0.0609375
5 0.265234375 0.3265625 0.14921875 0.096875
3 0.44296875 0.333984375 0.2859375 0.04921875
8 0.5671875 0.38671875 0.06875 0.0484375
3 0.266015625 0.3953125 0.03828125 0.096875
