9 0.51953125 0.45 0.8421875 0.053125
3 0.26640625 0.49296875 0.0390625 0.0734375
3 0.7765625 0.49375 0.04375 0.06875
15 0.2421875 0.05703125 0.39375 0.1046875
0 0.77421875 0.5703125 0.4046875 0.09375
0 0.26953125 0.5734375 0.3890625 0.096875
3 0.77890625 0.65234375 0.0390625 0.0765625
3 0.26875 0.65234375 0.034375 0.0765625
10 0.515625 0.69140625 0.871875 0.0609375
3 0.26640625 0.73203125 0.0390625 0.0765625
0 0.271875 0.81484375 0.39375 0.1046875
3 0.26640625 0.89140625 0.0390625 0.0734375
8 0.265625 0.95234375 0.06875 0.0484375
3 0.265625 0.1296875 0.05 0.08125
0 0.271875 0.2140625 0.39375 0.096875
3 0.2640625 0.28046875 0.034375 0.0609375
5 0.26640625 0.3265625 0.1484375 0.096875
3 0.44296875 0.33515625 0.2859375 0.0484375
8 0.5671875 0.38671875 0.06875 0.0484375
3 0.26640625 0.3953125 0.0390625 0.096875
