3 0.710546875 0.439453125 0.03984375 0.06640625
3 0.47890625 0.4984375 0.2078125 0.034375
0 0.243359375 0.49765625 0.28046875 0.0921875
0 0.70859375 0.50234375 0.2796875 0.0921875
3 0.24609375 0.575 0.0390625 0.096875
0 0.24140625 0.659375 0.3984375 0.096875
3 0.24375 0.746875 0.04375 0.0875
0 0.24140625 0.828515625 0.3890625 0.10078125
3 0.48828125 0.83125 0.1234375 0.0375
0 0.7328125 0.83125 0.384375 0.096875
3 0.734765625 0.9015625 0.03828125 0.0625
8 0.7328125 0.95625 0.071875 0.0625
17 0.234375 0.096875 0.0625 0.05
3 0.229296875 0.1546875 0.03359375 0.084375
0 0.7109375 0.23046875 0.275 0.0921875
0 0.228125 0.2328125 0.275 0.0875
3 0.46953125 0.2328125 0.2171875 0.0375
3 0.70859375 0.29921875 0.0328125 0.0703125
0 0.70859375 0.37265625 0.2703125 0.0921875
