3 0.7111328125 0.439453125 0.037890625 0.06640625
3 0.4791015625 0.4978515625 0.208203125 0.033203125
0 0.243359375 0.49765625 0.28046875 0.0921875
0 0.70859375 0.50234375 0.2796875 0.0921875
3 0.2458984375 0.5748046875 0.038671875 0.096484375
0 0.24140625 0.6591796875 0.3984375 0.096484375
3 0.2435546875 0.746875 0.043359375 0.0875
0 0.2412109375 0.8283203125 0.388671875 0.100390625
3 0.48828125 0.83125 0.1234375 0.0375
0 0.7322265625 0.8306640625 0.383203125 0.095703125
3 0.7345703125 0.9015625 0.037890625 0.0625
8 0.7322265625 0.95625 0.070703125 0.0625
17 0.2341796875 0.096875 0.062109375 0.05
3 0.229296875 0.1544921875 0.03359375 0.083984375
0 0.7109375 0.23046875 0.275 0.0921875
0 0.228125 0.2328125 0.275 0.0875
3 0.4697265625 0.2328125 0.217578125 0.0375
3 0.70859375 0.2994140625 0.0328125 0.070703125
0 0.70859375 0.37265625 0.2703125 0.0921875
