3 0.711328125 0.43984375 0.03828125 0.0671875
3 0.479296875 0.498046875 0.20859375 0.03359375
0 0.24453125 0.49765625 0.2796875 0.0921875
0 0.70859375 0.50234375 0.2796875 0.0921875
3 0.245703125 0.574609375 0.03828125 0.09609375
0 0.24140625 0.658984375 0.3984375 0.09609375
3 0.243359375 0.746875 0.04296875 0.0875
0 0.241015625 0.828515625 0.38828125 0.10078125
3 0.48828125 0.83125 0.1234375 0.0375
0 0.732421875 0.830859375 0.38359375 0.09609375
3 0.734765625 0.9015625 0.03828125 0.0625
8 0.732421875 0.95625 0.07109375 0.0625
17 0.233984375 0.096875 0.06171875 0.05
3 0.23046875 0.154296875 0.0328125 0.08359375
0 0.7109375 0.23046875 0.275 0.0921875
0 0.228125 0.2328125 0.275 0.0875
3 0.469921875 0.2328125 0.21796875 0.0375
3 0.70859375 0.299609375 0.0328125 0.07109375
0 0.70859375 0.37265625 0.2703125 0.0921875
