5 0.4998046875 0.49296875 0.149609375 0.1578125
3 0.6125 0.5095703125 0.153125 0.050390625
0 0.793359375 0.5142578125 0.21796875 0.097265625
18 0.4619140625 0.0580078125 0.267578125 0.050390625
18 0.096875 0.0580078125 0.165625 0.059765625
3 0.49375 0.5740234375 0.034375 0.051171875
18 0.734765625 0.0603515625 0.18203125 0.064453125
0 0.4912109375 0.6396484375 0.251171875 0.098046875
3 0.496875 0.7048828125 0.046875 0.050390625
3 0.7921875 0.7453125 0.034375 0.390625
0 0.496875 0.7669921875 0.234375 0.093359375
3 0.496875 0.8466796875 0.046875 0.083984375
3 0.6677734375 0.918359375 0.273046875 0.04296875
8 0.4962890625 0.9236328125 0.080078125 0.078515625
0 0.496875 0.1833984375 0.165625 0.088671875
3 0.3453125 0.1859375 0.153125 0.046875
17 0.23828125 0.1904296875 0.0765625 0.093359375
3 0.4958984375 0.2697265625 0.038671875 0.083203125
0 0.49609375 0.3505859375 0.2171875 0.098046875
3 0.49765625 0.4255859375 0.0421875 0.079296875
