1 0.65703125 0.5240234375 0.1609375 0.098046875
1 0.4359375 0.534765625 0.153125 0.10703125
1 0.9095703125 0.5375 0.156640625 0.103125
3 0.5423828125 0.6396484375 0.141015625 0.123046875
3 0.6640625 0.63984375 0.028125 0.1421875
3 0.7841796875 0.6466796875 0.149609375 0.127734375
1 0.659375 0.7484375 0.165625 0.103125
1 0.6595703125 0.0859375 0.156640625 0.103125
3 0.6607421875 0.8552734375 0.024609375 0.123046875
3 0.5306640625 0.08828125 0.108203125 0.0390625
3 0.2857421875 0.08828125 0.080859375 0.0390625
1 0.4015625 0.0884765625 0.165625 0.117578125
1 0.1798828125 0.090625 0.156640625 0.103125
17 0.0203125 0.091015625 0.040625 0.06328125
3 0.0685546875 0.09296875 0.080859375 0.0390625
8 0.6591796875 0.9462890625 0.052734375 0.058203125
3 0.658984375 0.1796875 0.03671875 0.103125
1 0.65703125 0.271875 0.1609375 0.103125
3 0.659765625 0.4 0.01953125 0.171875
3 0.7818359375 0.40234375 0.169921875 0.1765625
3 0.54453125 0.40703125 0.1609375 0.1765625
