3 0.4494140625 0.490234375 0.270703125 0.04296875
0 0.7095703125 0.490234375 0.275390625 0.08046875
0 0.2240234375 0.491015625 0.194921875 0.06953125
3 0.7076171875 0.555859375 0.033984375 0.08046875
5 0.70625 0.598828125 0.10625 0.09765625
3 0.784375 0.626953125 0.084375 0.06015625
3 0.635546875 0.6390625 0.07734375 0.046875
0 0.5716796875 0.6859375 0.187109375 0.075
0 0.862890625 0.687890625 0.23203125 0.06953125
3 0.39375 0.687890625 0.178125 0.03203125
0 0.21875 0.690625 0.190625 0.075
3 0.7953125 0.748046875 0.071875 0.07109375
3 0.48125 0.765625 0.309375 0.075
17 0.2181640625 0.0796875 0.055078125 0.05625
0 0.2291015625 0.8125 0.186328125 0.075
3 0.4666015625 0.81484375 0.305078125 0.0328125
0 0.731640625 0.81484375 0.23203125 0.0890625
3 0.2291015625 0.86171875 0.033203125 0.0515625
8 0.2267578125 0.915625 0.062890625 0.05625
3 0.22265625 0.11953125 0.0296875 0.0515625
0 0.2224609375 0.1734375 0.241796875 0.075
0 0.678515625 0.17578125 0.21953125 0.0796875
3 0.4552734375 0.178125 0.241796875 0.0375
3 0.671484375 0.2296875 0.03046875 0.05625
0 0.6736328125 0.283984375 0.194140625 0.08046875
3 0.6755859375 0.3296875 0.038671875 0.0375
0 0.225 0.371875 0.2375 0.075
3 0.4517578125 0.373046875 0.241015625 0.03359375
0 0.6734375 0.373828125 0.2375 0.07890625
3 0.2244140625 0.430078125 0.033203125 0.06015625
