3 0.45 0.490234375 0.271875 0.04296875
0 0.709765625 0.490234375 0.27578125 0.08046875
0 0.22421875 0.491015625 0.1953125 0.06953125
3 0.7078125 0.555859375 0.034375 0.08046875
5 0.70625 0.598828125 0.10625 0.09765625
3 0.784375 0.626953125 0.084375 0.06015625
3 0.635546875 0.6390625 0.07734375 0.046875
0 0.571875 0.6859375 0.1875 0.075
0 0.862890625 0.687890625 0.23203125 0.06953125
3 0.39375 0.687890625 0.178125 0.03203125
0 0.21875 0.690625 0.190625 0.075
3 0.7953125 0.748046875 0.071875 0.07109375
3 0.48125 0.765625 0.309375 0.075
17 0.21875 0.0796875 0.05625 0.05625
0 0.2296875 0.8125 0.1875 0.075
3 0.46640625 0.81484375 0.3046875 0.0328125
0 0.731640625 0.81484375 0.23203125 0.0890625
3 0.2296875 0.86171875 0.034375 0.0515625
8 0.226171875 0.915625 0.06484375 0.05625
3 0.22265625 0.11953125 0.0296875 0.0515625
0 0.22265625 0.1734375 0.2421875 0.075
0 0.678515625 0.17578125 0.21953125 0.0796875
3 0.45546875 0.178125 0.2421875 0.0375
3 0.671484375 0.2296875 0.03046875 0.05625
0 0.673046875 0.283984375 0.19609375 0.08046875
3 0.67578125 0.3296875 0.0390625 0.0375
0 0.225 0.371875 0.2375 0.075
3 0.451953125 0.373046875 0.24140625 0.03359375
0 0.6734375 0.373828125 0.2375 0.07890625
3 0.225 0.430078125 0.034375 0.06015625
