3 0.45 0.49140625 0.271875 0.0421875
0 0.71015625 0.49140625 0.2765625 0.0796875
0 0.22421875 0.49140625 0.1953125 0.0703125
3 0.7078125 0.55703125 0.034375 0.0796875
5 0.70625 0.59921875 0.10625 0.0984375
3 0.784375 0.62734375 0.084375 0.0609375
3 0.63671875 0.6390625 0.0765625 0.046875
0 0.571875 0.6859375 0.1875 0.075
0 0.86328125 0.68828125 0.2328125 0.0703125
3 0.39375 0.68828125 0.178125 0.0328125
0 0.21875 0.690625 0.190625 0.075
3 0.7953125 0.74921875 0.071875 0.0703125
3 0.48125 0.765625 0.309375 0.075
17 0.21875 0.0796875 0.05625 0.05625
0 0.2296875 0.8125 0.1875 0.075
3 0.46640625 0.81484375 0.3046875 0.0328125
0 0.73203125 0.81484375 0.2328125 0.0890625
3 0.2296875 0.86171875 0.034375 0.0515625
8 0.22734375 0.915625 0.0640625 0.05625
3 0.22265625 0.11953125 0.0296875 0.0515625
0 0.22265625 0.1734375 0.2421875 0.075
0 0.67890625 0.17578125 0.2203125 0.0796875
3 0.45546875 0.178125 0.2421875 0.0375
3 0.67265625 0.2296875 0.0296875 0.05625
0 0.67421875 0.28515625 0.1953125 0.0796875
3 0.67578125 0.3296875 0.0390625 0.0375
0 0.225 0.371875 0.2375 0.075
3 0.45234375 0.37421875 0.2421875 0.0328125
0 0.6734375 0.37421875 0.2375 0.0796875
3 0.225 0.43046875 0.034375 0.0609375
