0 0.23125 0.50703125 0.225 0.0796875
3 0.231640625 0.58203125 0.03828125 0.0796875
0 0.231640625 0.6546875 0.23203125 0.084375
3 0.226171875 0.725 0.03984375 0.075
0 0.2296875 0.8 0.2375 0.084375
3 0.2328125 0.866796875 0.034375 0.07109375
8 0.2296875 0.92734375 0.059375 0.0609375
17 0.2359375 0.1078125 0.046875 0.05625
3 0.238671875 0.165234375 0.03984375 0.08046875
0 0.237109375 0.241015625 0.23046875 0.08828125
3 0.2328125 0.311328125 0.034375 0.07890625
5 0.2328125 0.3609375 0.11875 0.1125
8 0.9265625 0.362109375 0.05625 0.06171875
0 0.6125 0.3703125 0.215625 0.084375
3 0.8078125 0.3703125 0.190625 0.0375
3 0.3875 0.372265625 0.225 0.03203125
3 0.2328125 0.43203125 0.034375 0.0890625
