0 0.23125 0.50703125 0.225 0.0796875
3 0.23203125 0.58203125 0.0390625 0.0796875
0 0.23203125 0.6546875 0.2328125 0.084375
3 0.22734375 0.725 0.0390625 0.075
0 0.2296875 0.8 0.2375 0.084375
3 0.2328125 0.86796875 0.034375 0.0703125
8 0.2296875 0.92734375 0.059375 0.0609375
17 0.2359375 0.1078125 0.046875 0.05625
3 0.23984375 0.16640625 0.0390625 0.0796875
0 0.23828125 0.24140625 0.2296875 0.0890625
3 0.2328125 0.31171875 0.034375 0.0796875
5 0.2328125 0.3609375 0.11875 0.1125
8 0.9265625 0.36328125 0.05625 0.0609375
0 0.6125 0.3703125 0.215625 0.084375
3 0.8078125 0.3703125 0.190625 0.0375
3 0.3875 0.37265625 0.225 0.0328125
3 0.2328125 0.43203125 0.034375 0.0890625
