3 0.458984375 0.515625 0.17421875 0.134375
5 0.746875 0.5421875 0.115625 0.103125
0 0.3330078125 0.6134765625 0.219140625 0.092578125
3 0.7462890625 0.6267578125 0.030078125 0.097265625
3 0.32890625 0.68046875 0.0265625 0.0515625
0 0.748828125 0.7083984375 0.24140625 0.098046875
8 0.3263671875 0.7345703125 0.046484375 0.056640625
17 0.283203125 0.0794921875 0.04140625 0.046484375
3 0.74609375 0.780859375 0.0234375 0.06796875
8 0.751953125 0.8427734375 0.04140625 0.057421875
3 0.282421875 0.1310546875 0.02734375 0.077734375
5 0.28125 0.18828125 0.115625 0.1390625
3 0.199609375 0.281640625 0.12421875 0.13828125
3 0.3408203125 0.284375 0.087890625 0.134375
0 0.88125 0.38125 0.215625 0.103125
5 0.596875 0.3865234375 0.115625 0.113671875
0 0.40546875 0.3892578125 0.1578125 0.097265625
3 0.5208984375 0.3888671875 0.088671875 0.046484375
3 0.7076171875 0.389453125 0.146484375 0.03515625
0 0.1234375 0.3892578125 0.2 0.097265625
3 0.2703125 0.3912109375 0.115625 0.041796875
3 0.265625 0.4384765625 0.115625 0.061328125
3 0.8017578125 0.4798828125 0.087890625 0.112890625
3 0.623046875 0.5123046875 0.17734375 0.077734375
