3 0.7734375 0.7287109375 0.01875 0.219921875
5 0.77265625 0.8775390625 0.1046875 0.180078125
8 0.9525390625 0.88125 0.045703125 0.096875
3 0.8693359375 0.88671875 0.126171875 0.0453125
3 0.6044921875 0.891015625 0.262109375 0.03828125
17 0.1029296875 0.0966796875 0.033984375 0.077734375
3 0.1 0.1833984375 0.021875 0.123046875
5 0.292578125 0.305859375 0.10390625 0.14921875
3 0.379296875 0.309765625 0.08359375 0.03828125
0 0.1017578125 0.308984375 0.147265625 0.15546875
0 0.4923828125 0.31328125 0.141015625 0.1484375
3 0.215234375 0.31328125 0.09296875 0.0453125
3 0.6302734375 0.31640625 0.141796875 0.0515625
0 0.7708984375 0.31640625 0.151171875 0.1546875
3 0.7703125 0.448828125 0.01875 0.16015625
3 0.296875 0.4482421875 0.015625 0.187109375
5 0.76640625 0.56875 0.0921875 0.19375
8 0.9509765625 0.56875 0.048828125 0.090625
3 0.86796875 0.57421875 0.1234375 0.0390625
8 0.2935546875 0.584375 0.046484375 0.096875
3 0.490625 0.6349609375 0.021875 0.523046875
