3 0.7734375 0.728515625 0.01875 0.21953125
5 0.77265625 0.877734375 0.1046875 0.18046875
8 0.952734375 0.88125 0.04609375 0.096875
3 0.869140625 0.88671875 0.12578125 0.0453125
3 0.604296875 0.89140625 0.26171875 0.0390625
17 0.102734375 0.096484375 0.03359375 0.07734375
3 0.1 0.183203125 0.021875 0.12265625
5 0.29296875 0.30703125 0.1046875 0.1484375
3 0.38046875 0.31015625 0.0828125 0.0390625
0 0.101953125 0.31015625 0.14765625 0.1546875
0 0.492578125 0.31328125 0.14140625 0.1484375
3 0.21640625 0.31328125 0.0921875 0.0453125
3 0.630078125 0.31640625 0.14140625 0.0515625
0 0.770703125 0.31640625 0.15078125 0.1546875
3 0.7703125 0.44921875 0.01875 0.1609375
3 0.296875 0.448046875 0.015625 0.18671875
5 0.76640625 0.56875 0.0921875 0.19375
8 0.951171875 0.56875 0.04921875 0.090625
3 0.86796875 0.57421875 0.1234375 0.0390625
8 0.293359375 0.584375 0.04609375 0.096875
3 0.490625 0.634765625 0.021875 0.52265625
