3 0.89375 0.3806640625 0.053125 0.148828125
17 0.31640625 0.40078125 0.0796875 0.0484375
3 0.31953125 0.440625 0.0421875 0.0375
5 0.3138671875 0.4703125 0.127734375 0.075
1 0.88515625 0.4953125 0.2296875 0.096875
3 0.2365234375 0.51484375 0.101171875 0.1046875
3 0.3958984375 0.5162109375 0.101171875 0.101171875
1 0.5345703125 0.5482421875 0.175390625 0.090234375
1 0.1005859375 0.549609375 0.191796875 0.08671875
3 0.188671875 0.6154296875 0.20859375 0.052734375
3 0.44453125 0.6154296875 0.2078125 0.052734375
8 0.3216796875 0.62109375 0.058984375 0.0484375
3 0.61171875 0.0630859375 0.0421875 0.044921875
3 0.765625 0.6416015625 0.265625 0.223828125
3 0.4333984375 0.7072265625 0.282421875 0.092578125
10 0.6015625 0.7556640625 0.265625 0.070703125
3 0.6140625 0.8025390625 0.0375 0.051953125
1 0.6142578125 0.8697265625 0.228515625 0.089453125
3 0.6095703125 0.9326171875 0.047265625 0.052734375
8 0.61171875 0.9755859375 0.0640625 0.041796875
1 0.609375 0.1248046875 0.25 0.093359375
3 0.6125 0.180859375 0.053125 0.04921875
9 0.613671875 0.2125 0.23984375 0.059375
17 0.609375 0.02421875 0.090625 0.0484375
3 0.715625 0.2578125 0.14375 0.059375
3 0.4998046875 0.261328125 0.149609375 0.06640625
1 0.88515625 0.26953125 0.2296875 0.0921875
1 0.3203125 0.2701171875 0.234375 0.093359375
3 0.3203125 0.328125 0.053125 0.0375
