2 0.8427734375 0.4501953125 0.257421875 0.116015625
5 0.2404296875 0.4501953125 0.252734375 0.141015625
3 0.4796875 0.453125 0.28125 0.0375
8 0.6451171875 0.4521484375 0.062109375 0.054296875
3 0.2427734375 0.5478515625 0.038671875 0.120703125
1 0.2568359375 0.6541015625 0.457421875 0.108203125
3 0.2451171875 0.734375 0.033984375 0.075
17 0.2380859375 0.0791015625 0.066796875 0.058203125
0 0.2568359375 0.7935546875 0.266796875 0.071484375
2 0.521875 0.0853515625 0.28125 0.120703125
3 0.2404296875 0.859375 0.043359375 0.075
8 0.2404296875 0.9125 0.062109375 0.05
2 0.5662109375 0.921875 0.266796875 0.125
3 0.2404296875 0.1541015625 0.043359375 0.108203125
1 0.2380859375 0.2458984375 0.266796875 0.091796875
3 0.2404296875 0.3474609375 0.043359375 0.129296875
