2 0.84296875 0.449609375 0.2578125 0.11796875
5 0.240625 0.449609375 0.253125 0.14296875
3 0.4796875 0.453125 0.28125 0.0375
8 0.6453125 0.45234375 0.0625 0.0546875
3 0.24296875 0.5484375 0.0390625 0.121875
1 0.25703125 0.6546875 0.4578125 0.109375
3 0.2453125 0.734375 0.034375 0.075
17 0.23828125 0.0796875 0.0671875 0.059375
0 0.25703125 0.79375 0.2671875 0.071875
2 0.521875 0.0859375 0.28125 0.121875
3 0.240625 0.859375 0.04375 0.075
8 0.240625 0.9125 0.0625 0.05
2 0.56640625 0.921875 0.2671875 0.125
3 0.240625 0.1546875 0.04375 0.109375
1 0.23828125 0.24609375 0.2671875 0.0921875
3 0.240625 0.34765625 0.04375 0.1296875
