10 0.48984375 0.68828125 0.9671875 0.1546875
3 0.498828125 0.78203125 0.03515625 0.1140625
8 0.4982421875 0.8990234375 0.077734375 0.188671875
17 0.5015625 0.111328125 0.065625 0.15390625
3 0.4970703125 0.215625 0.037890625 0.09375
9 0.5001953125 0.2791015625 0.981640625 0.126953125
3 0.6302734375 0.344921875 0.044921875 0.11484375
3 0.8564453125 0.344921875 0.050390625 0.11484375
3 0.36640625 0.3490234375 0.0328125 0.107421875
3 0.1548828125 0.35 0.041015625 0.09375
1 0.1501953125 0.4927734375 0.222265625 0.235546875
1 0.63046875 0.496875 0.2109375 0.228125
1 0.37265625 0.4998046875 0.2109375 0.221484375
1 0.844921875 0.5001953125 0.20859375 0.234765625
3 0.3662109375 0.641015625 0.044921875 0.11328125
3 0.6318359375 0.641015625 0.048046875 0.11328125
3 0.8515625 0.6408203125 0.053125 0.100390625
3 0.1486328125 0.6443359375 0.041015625 0.107421875
