10 0.48984375 0.68828125 0.9671875 0.1546875
3 0.49921875 0.78203125 0.0359375 0.1140625
8 0.4984375 0.89921875 0.078125 0.1890625
17 0.5015625 0.11171875 0.065625 0.1546875
3 0.49765625 0.215625 0.0390625 0.09375
9 0.50078125 0.27890625 0.9828125 0.1265625
3 0.63125 0.34609375 0.04375 0.1140625
3 0.85703125 0.34609375 0.0515625 0.1140625
3 0.36640625 0.34921875 0.0328125 0.1078125
3 0.1546875 0.35 0.040625 0.09375
1 0.15078125 0.49296875 0.2234375 0.2359375
1 0.63046875 0.496875 0.2109375 0.228125
1 0.37265625 0.5 0.2109375 0.221875
1 0.84609375 0.50078125 0.2078125 0.2359375
3 0.36640625 0.64140625 0.0453125 0.1140625
3 0.6328125 0.64140625 0.046875 0.1140625
3 0.8515625 0.64140625 0.053125 0.1015625
3 0.14921875 0.64453125 0.0421875 0.1078125
