10 0.48984375 0.68828125 0.9671875 0.1546875
3 0.498828125 0.78203125 0.03515625 0.1140625
8 0.4984375 0.89921875 0.078125 0.1890625
17 0.5015625 0.111328125 0.065625 0.15390625
3 0.497265625 0.215625 0.03828125 0.09375
9 0.500390625 0.27890625 0.98203125 0.1265625
3 0.63125 0.344921875 0.04375 0.11484375
3 0.856640625 0.344921875 0.05078125 0.11484375
3 0.36640625 0.34921875 0.0328125 0.1078125
3 0.1546875 0.35 0.040625 0.09375
1 0.149609375 0.49296875 0.22421875 0.2359375
1 0.63046875 0.496875 0.2109375 0.228125
1 0.37265625 0.5 0.2109375 0.221875
1 0.844921875 0.499609375 0.20859375 0.23671875
3 0.36640625 0.641015625 0.0453125 0.11328125
3 0.6328125 0.641015625 0.046875 0.11328125
3 0.8515625 0.641015625 0.053125 0.10078125
3 0.148828125 0.64453125 0.04140625 0.1078125
