10 0.48984375 0.68828125 0.9671875 0.1546875
3 0.49921875 0.78203125 0.0359375 0.1140625
8 0.498046875 0.898828125 0.07734375 0.18828125
17 0.5015625 0.11171875 0.065625 0.1546875
3 0.497265625 0.215625 0.03828125 0.09375
9 0.500390625 0.279296875 0.98203125 0.12734375
3 0.630078125 0.34609375 0.04453125 0.1140625
3 0.856640625 0.34609375 0.05078125 0.1140625
3 0.36640625 0.348828125 0.0328125 0.10703125
3 0.155078125 0.35 0.04140625 0.09375
1 0.150390625 0.492578125 0.22265625 0.23515625
1 0.63046875 0.496875 0.2109375 0.228125
1 0.37265625 0.499609375 0.2109375 0.22109375
1 0.84609375 0.500390625 0.2078125 0.23515625
3 0.366015625 0.64140625 0.04453125 0.1140625
3 0.631640625 0.64140625 0.04765625 0.1140625
3 0.8515625 0.641015625 0.053125 0.10078125
3 0.148828125 0.644140625 0.04140625 0.10703125
