3 0.5171875 0.593359375 0.025 0.09921875
3 0.637890625 0.665625 0.18828125 0.04375
3 0.371484375 0.667578125 0.22109375 0.03828125
1 0.853515625 0.66875 0.25703125 0.115625
1 0.182421875 0.66875 0.17734375 0.115625
5 0.51015625 0.669921875 0.1046875 0.12109375
3 0.1828125 0.7421875 0.025 0.065625
3 0.85 0.774609375 0.025 0.12109375
1 0.186328125 0.823828125 0.34453125 0.11015625
8 0.85390625 0.86875 0.0546875 0.065625
3 0.1828125 0.893359375 0.025 0.04921875
8 0.1828125 0.9453125 0.046875 0.065625
3 0.5171875 0.09921875 0.025 0.0765625
1 0.51484375 0.18515625 0.2390625 0.1265625
3 0.51640625 0.255859375 0.0328125 0.04921875
1 0.51640625 0.334765625 0.1484375 0.11015625
17 0.5125 0.041015625 0.046875 0.06015625
3 0.517578125 0.415234375 0.02890625 0.07109375
1 0.512109375 0.500390625 0.22109375 0.11015625
