3 0.5171875 0.5935546875 0.025 0.099609375
3 0.6376953125 0.665625 0.187890625 0.04375
3 0.3712890625 0.6677734375 0.220703125 0.038671875
1 0.8533203125 0.66875 0.256640625 0.115625
1 0.1826171875 0.66875 0.177734375 0.115625
5 0.508984375 0.6701171875 0.10546875 0.121484375
3 0.1828125 0.7421875 0.025 0.065625
3 0.85 0.7748046875 0.025 0.121484375
1 0.1865234375 0.8240234375 0.344921875 0.110546875
8 0.852734375 0.86875 0.05546875 0.065625
3 0.1828125 0.8931640625 0.025 0.048828125
8 0.1828125 0.9453125 0.046875 0.065625
3 0.5171875 0.09921875 0.025 0.0765625
1 0.51484375 0.184765625 0.2390625 0.12578125
3 0.51640625 0.2556640625 0.0328125 0.048828125
1 0.51640625 0.3349609375 0.1484375 0.110546875
17 0.5125 0.0412109375 0.046875 0.060546875
3 0.5177734375 0.4150390625 0.029296875 0.070703125
1 0.5123046875 0.5001953125 0.221484375 0.109765625
