17 0.1611328125 0.055078125 0.050390625 0.05390625
5 0.5599609375 0.7283203125 0.113671875 0.119140625
3 0.43984375 0.7310546875 0.1421875 0.049609375
3 0.684765625 0.7310546875 0.16328125 0.049609375
0 0.8546875 0.7337890625 0.175 0.130078125
3 0.8552734375 0.8109375 0.026171875 0.04375
8 0.85234375 0.8734375 0.0546875 0.08125
3 0.1626953125 0.1064453125 0.025390625 0.059765625
0 0.8267578125 0.1685546875 0.178515625 0.130859375
3 0.6736328125 0.175 0.134765625 0.04375
0 0.5265625 0.1765625 0.175 0.125
3 0.3671875 0.1818359375 0.15 0.038671875
0 0.1638671875 0.19375 0.277734375 0.125
3 0.73515625 0.3103515625 0.1859375 0.173828125
0 0.523046875 0.3419921875 0.25234375 0.130859375
3 0.3328125 0.341796875 0.153125 0.03359375
0 0.162109375 0.3478515625 0.18671875 0.130078125
3 0.2921875 0.48125 0.284375 0.16875
0 0.5162109375 0.5326171875 0.179296875 0.130859375
