17 0.16171875 0.05546875 0.0515625 0.0546875
5 0.56015625 0.72890625 0.1140625 0.1203125
3 0.43984375 0.73125 0.1421875 0.05
3 0.68515625 0.73125 0.1640625 0.05
0 0.8546875 0.73359375 0.175 0.1296875
3 0.85546875 0.8109375 0.0265625 0.04375
8 0.85234375 0.8734375 0.0546875 0.08125
3 0.1625 0.10703125 0.025 0.0609375
0 0.82734375 0.16953125 0.1796875 0.1296875
3 0.67421875 0.175 0.1359375 0.04375
0 0.5265625 0.1765625 0.175 0.125
3 0.3671875 0.18203125 0.15 0.0390625
0 0.1640625 0.19375 0.278125 0.125
3 0.73515625 0.31015625 0.1859375 0.1734375
0 0.52421875 0.3421875 0.2515625 0.13125
3 0.3328125 0.34296875 0.153125 0.0328125
0 0.16328125 0.3484375 0.1859375 0.13125
3 0.2921875 0.48125 0.284375 0.16875
0 0.51640625 0.5328125 0.1796875 0.13125
