17 0.160546875 0.055078125 0.05234375 0.05390625
5 0.56015625 0.728515625 0.1140625 0.11953125
3 0.43984375 0.73125 0.1421875 0.05
3 0.684765625 0.73125 0.16328125 0.05
0 0.8546875 0.73359375 0.175 0.1296875
3 0.85546875 0.8109375 0.0265625 0.04375
8 0.85234375 0.8734375 0.0546875 0.08125
3 0.1625 0.105859375 0.025 0.06171875
0 0.826953125 0.168359375 0.17890625 0.13046875
3 0.673828125 0.175 0.13515625 0.04375
0 0.5265625 0.1765625 0.175 0.125
3 0.3671875 0.18203125 0.15 0.0390625
0 0.1640625 0.19375 0.278125 0.125
3 0.73515625 0.31015625 0.1859375 0.1734375
0 0.523046875 0.3421875 0.25234375 0.13125
3 0.3328125 0.341796875 0.153125 0.03359375
0 0.162109375 0.3484375 0.18671875 0.13125
3 0.2921875 0.48125 0.284375 0.16875
0 0.51640625 0.5328125 0.1796875 0.13125
