3 0.128125 0.5953125 0.046875 0.21875
1 0.5109375 0.66875 0.10625 0.153125
1 0.199609375 0.668359375 0.11796875 0.14296875
3 0.61875 0.671484375 0.125 0.04296875
3 0.459375 0.828125 0.121875 0.178125
3 0.234375 0.84296875 0.090625 0.1359375
1 0.35078125 0.89609375 0.1171875 0.1484375
1 0.867578125 0.10078125 0.11015625 0.1546875
3 0.7359375 0.106640625 0.18125 0.09453125
15 0.5875 0.115625 0.128125 0.159375
3 0.9546875 0.191796875 0.078125 0.20859375
3 0.53515625 0.195703125 0.4671875 0.03515625
3 0.75859375 0.221875 0.0203125 0.1125
3 0.30546875 0.228125 0.0203125 0.125
3 0.66875 0.305078125 0.046875 0.02890625
3 0.5359375 0.308203125 0.04375 0.03515625
1 0.60234375 0.3234375 0.1046875 0.159375
5 0.751953125 0.3234375 0.07265625 0.1125
3 0.796875 0.32265625 0.04375 0.0296875
1 0.19609375 0.32265625 0.1109375 0.1484375
10 0.69453125 0.3265625 0.0546875 0.165625
1 0.867578125 0.32578125 0.11015625 0.1546875
3 0.1265625 0.32578125 0.04375 0.0359375
5 0.30390625 0.32578125 0.0703125 0.1171875
3 0.345703125 0.327734375 0.05390625 0.03046875
1 0.41796875 0.327734375 0.1109375 0.14921875
17 0.092578125 0.328125 0.02890625 0.053125
8 0.975 0.328515625 0.04375 0.07578125
3 0.265625 0.327734375 0.046875 0.04296875
3 0.4859375 0.330859375 0.04375 0.03671875
9 0.519140625 0.334765625 0.06953125 0.19453125
3 0.5296875 0.4375 0.03125 0.165625
3 0.3203125 0.48515625 0.440625 0.0484375
3 0.6734375 0.51875 0.03125 0.35
