3 0.128125 0.5953125 0.046875 0.21875
1 0.5109375 0.66875 0.10625 0.153125
1 0.20078125 0.66953125 0.1171875 0.1421875
3 0.61875 0.67265625 0.125 0.0421875
3 0.459375 0.828125 0.121875 0.178125
3 0.234375 0.84296875 0.090625 0.1359375
1 0.35078125 0.89609375 0.1171875 0.1484375
1 0.86796875 0.10078125 0.1109375 0.1546875
3 0.7359375 0.10703125 0.18125 0.0953125
15 0.5875 0.115625 0.128125 0.159375
3 0.9546875 0.19296875 0.078125 0.2078125
3 0.53515625 0.19609375 0.4671875 0.0359375
3 0.75859375 0.221875 0.0203125 0.1125
3 0.30546875 0.228125 0.0203125 0.125
3 0.66875 0.30546875 0.046875 0.0296875
3 0.5359375 0.30859375 0.04375 0.0359375
1 0.60234375 0.3234375 0.1046875 0.159375
5 0.75234375 0.3234375 0.0734375 0.1125
3 0.796875 0.32265625 0.04375 0.0296875
1 0.19609375 0.32265625 0.1109375 0.1484375
10 0.69453125 0.3265625 0.0546875 0.165625
1 0.86796875 0.32578125 0.1109375 0.1546875
3 0.1265625 0.32578125 0.04375 0.0359375
5 0.30390625 0.32578125 0.0703125 0.1171875
3 0.34609375 0.32890625 0.0546875 0.0296875
1 0.41796875 0.32890625 0.1109375 0.1484375
17 0.09296875 0.328125 0.0296875 0.053125
8 0.975 0.32890625 0.04375 0.0765625
3 0.265625 0.32890625 0.046875 0.0421875
3 0.4859375 0.33203125 0.04375 0.0359375
9 0.51953125 0.33515625 0.0703125 0.1953125
3 0.5296875 0.4375 0.03125 0.165625
3 0.3203125 0.48515625 0.440625 0.0484375
3 0.6734375 0.51875 0.03125 0.35
