3 0.771484375 0.52265625 0.20546875 0.2171875
3 0.6361328125 0.5509765625 0.034765625 0.161328125
3 0.2462890625 0.5708984375 0.026953125 0.182421875
3 0.45859375 0.6943359375 0.0984375 0.035546875
1 0.6083984375 0.7 0.216796875 0.15625
1 0.2435546875 0.69921875 0.346484375 0.0859375
1 0.8525390625 0.70703125 0.223828125 0.1515625
3 0.8638671875 0.7849609375 0.027734375 0.035546875
8 0.8671875 0.83359375 0.046875 0.0609375
17 0.2478515625 0.1337890625 0.055078125 0.055078125
3 0.2462890625 0.1765625 0.026953125 0.040625
18 0.7396484375 0.0224609375 0.063671875 0.035546875
3 0.4890625 0.2251953125 0.2125 0.034765625
1 0.2525390625 0.2318359375 0.283203125 0.101171875
1 0.7265625 0.2353515625 0.2875 0.095703125
18 0.2375 0.025 0.209375 0.05
3 0.5787109375 0.31875 0.323046875 0.090625
1 0.23984375 0.34609375 0.3703125 0.0859375
3 0.24375 0.3912109375 0.015625 0.035546875
3 0.4369140625 0.4447265625 0.314453125 0.030078125
5 0.6294921875 0.4447265625 0.118359375 0.120703125
11 0.2435546875 0.447265625 0.102734375 0.12578125
