3 0.771484375 0.52265625 0.20546875 0.2171875
3 0.636328125 0.5515625 0.03515625 0.1625
3 0.246875 0.57109375 0.028125 0.1828125
3 0.45859375 0.69453125 0.0984375 0.0359375
1 0.609375 0.7 0.215625 0.15625
1 0.24375 0.69921875 0.346875 0.0859375
1 0.853125 0.70703125 0.225 0.1515625
3 0.8640625 0.78515625 0.028125 0.0359375
8 0.8671875 0.83359375 0.046875 0.0609375
17 0.2484375 0.134375 0.05625 0.05625
3 0.246875 0.1765625 0.028125 0.040625
18 0.73984375 0.02265625 0.0640625 0.0359375
3 0.4890625 0.224609375 0.2125 0.03671875
1 0.25234375 0.23203125 0.2828125 0.1015625
1 0.7265625 0.23515625 0.2875 0.0953125
18 0.2375 0.025 0.209375 0.05
3 0.57890625 0.31875 0.3234375 0.090625
1 0.23984375 0.34609375 0.3703125 0.0859375
3 0.24375 0.39140625 0.015625 0.0359375
3 0.4375 0.4453125 0.315625 0.03125
5 0.630078125 0.4453125 0.11640625 0.121875
11 0.24375 0.447265625 0.103125 0.12578125
