1 0.51875 0.46796875 0.2 0.1078125
3 0.728125 0.53515625 0.2375 0.2140625
1 0.51640625 0.61953125 0.1953125 0.1109375
3 0.39140625 0.7078125 0.2796875 0.090625
1 0.1796875 0.7203125 0.1625 0.08125
3 0.17890625 0.79296875 0.0328125 0.0734375
8 0.18125 0.84609375 0.065625 0.0515625
17 0.18125 0.13359375 0.05625 0.0515625
3 0.18359375 0.18359375 0.0328125 0.0609375
1 0.51640625 0.259375 0.2234375 0.115625
1 0.1796875 0.259375 0.246875 0.115625
3 0.353125 0.25859375 0.13125 0.0390625
3 0.7328125 0.296875 0.21875 0.115625
5 0.82421875 0.3875 0.1296875 0.115625
3 0.640625 0.40234375 0.284375 0.0515625
