3 0.4765625 0.50078125 0.028125 0.1046875
3 0.3609375 0.5109375 0.06875 0.303125
3 0.2140625 0.56484375 0.028125 0.0546875
1 0.47421875 0.596875 0.1671875 0.109375
3 0.30703125 0.64453125 0.0546875 0.0359375
3 0.19921875 0.06796875 0.0328125 0.0546875
1 0.2171875 0.64765625 0.15625 0.1296875
5 0.47578125 0.7359375 0.1390625 0.15
3 0.61640625 0.79375 0.1640625 0.125
3 0.28671875 0.809375 0.0640625 0.075
3 0.4453125 0.81953125 0.06875 0.0453125
0 0.19609375 0.8640625 0.1671875 0.075
0 0.3921875 0.86875 0.15625 0.075
0 0.7734375 0.878125 0.159375 0.084375
3 0.44296875 0.93125 0.0640625 0.059375
3 0.6015625 0.94296875 0.2 0.0953125
8 0.48984375 0.97734375 0.0328125 0.0453125
1 0.2 0.1515625 0.159375 0.134375
17 0.196875 0.02265625 0.04375 0.0453125
3 0.209375 0.24140625 0.028125 0.0546875
3 0.38515625 0.25234375 0.2265625 0.0953125
1 0.20546875 0.33125 0.1640625 0.134375
11 0.4765625 0.3640625 0.203125 0.2
3 0.2109375 0.40859375 0.025 0.0296875
1 0.21171875 0.48359375 0.1921875 0.1296875
