3 0.4765625 0.499609375 0.028125 0.10546875
3 0.3607421875 0.5109375 0.068359375 0.303125
3 0.2140625 0.56484375 0.028125 0.0546875
1 0.47421875 0.596875 0.1671875 0.109375
3 0.3072265625 0.6443359375 0.055078125 0.035546875
3 0.1990234375 0.067578125 0.032421875 0.05390625
1 0.2169921875 0.646484375 0.155859375 0.13046875
5 0.47578125 0.7357421875 0.1390625 0.149609375
3 0.6158203125 0.7935546875 0.162890625 0.124609375
3 0.28671875 0.809375 0.0640625 0.075
3 0.4447265625 0.8189453125 0.067578125 0.044140625
0 0.195703125 0.8640625 0.16640625 0.075
0 0.3919921875 0.86875 0.155859375 0.075
0 0.7734375 0.878125 0.159375 0.084375
3 0.441796875 0.93125 0.06484375 0.059375
3 0.6013671875 0.9427734375 0.199609375 0.094921875
8 0.4896484375 0.9771484375 0.032421875 0.044921875
1 0.2 0.1515625 0.159375 0.134375
17 0.196875 0.0224609375 0.04375 0.044921875
3 0.209375 0.24140625 0.028125 0.0546875
3 0.3841796875 0.2517578125 0.227734375 0.094140625
1 0.2052734375 0.33125 0.163671875 0.134375
11 0.4765625 0.3634765625 0.203125 0.198828125
3 0.2107421875 0.408203125 0.024609375 0.02890625
1 0.2111328125 0.483203125 0.191015625 0.12890625
