3 0.4765625 0.50078125 0.028125 0.1046875
3 0.360546875 0.5109375 0.06796875 0.303125
3 0.2140625 0.56484375 0.028125 0.0546875
1 0.47421875 0.596875 0.1671875 0.109375
3 0.307421875 0.644140625 0.05546875 0.03515625
3 0.198828125 0.06796875 0.03203125 0.0546875
1 0.216796875 0.64765625 0.15546875 0.1296875
5 0.47578125 0.735546875 0.1390625 0.14921875
3 0.616015625 0.793359375 0.16328125 0.12421875
3 0.28671875 0.809375 0.0640625 0.075
3 0.444921875 0.819140625 0.06796875 0.04453125
0 0.19609375 0.8640625 0.1671875 0.075
0 0.391796875 0.86875 0.15546875 0.075
0 0.7734375 0.878125 0.159375 0.084375
3 0.44296875 0.93125 0.0640625 0.059375
3 0.601171875 0.942578125 0.19921875 0.09453125
8 0.489453125 0.976953125 0.03203125 0.04453125
1 0.2 0.1515625 0.159375 0.134375
17 0.196875 0.022265625 0.04375 0.04453125
3 0.209375 0.24140625 0.028125 0.0546875
3 0.383984375 0.251953125 0.22734375 0.09453125
1 0.205078125 0.33125 0.16328125 0.134375
11 0.4765625 0.363671875 0.203125 0.19921875
3 0.210546875 0.40859375 0.02421875 0.0296875
1 0.211328125 0.48359375 0.19140625 0.1296875
