3 0.65703125 0.587890625 0.0234375 0.11328125
0 0.65625 0.680859375 0.13125 0.09296875
3 0.65703125 0.760546875 0.0234375 0.07734375
8 0.659375 0.822265625 0.05 0.05703125
18 0.3203125 0.12890625 0.525 0.0515625
0 0.654296875 0.324609375 0.12734375 0.09296875
3 0.65703125 0.4109375 0.0234375 0.0875
0 0.52890625 0.490625 0.1234375 0.103125
3 0.451171875 0.49296875 0.04609375 0.0359375
17 0.235546875 0.492578125 0.04609375 0.05703125
0 0.37109375 0.492578125 0.1234375 0.09765625
3 0.60859375 0.4953125 0.0421875 0.03125
5 0.6515625 0.494140625 0.096875 0.11328125
3 0.282421875 0.4953125 0.06171875 0.03125
