3 0.655859375 0.5876953125 0.02421875 0.112890625
0 0.65625 0.6806640625 0.13125 0.092578125
3 0.655859375 0.7603515625 0.02421875 0.076953125
8 0.659375 0.8220703125 0.05 0.056640625
18 0.3203125 0.12890625 0.525 0.0515625
0 0.6544921875 0.3248046875 0.127734375 0.093359375
3 0.655859375 0.4109375 0.02421875 0.0875
0 0.52890625 0.490625 0.1234375 0.103125
3 0.4513671875 0.492578125 0.046484375 0.03515625
17 0.2353515625 0.4923828125 0.045703125 0.056640625
0 0.370703125 0.4923828125 0.12265625 0.097265625
3 0.608203125 0.4953125 0.04140625 0.03125
5 0.6515625 0.4943359375 0.096875 0.113671875
3 0.2822265625 0.4953125 0.061328125 0.03125
