3 0.5484375 0.5515625 0.26875 0.196875
3 0.2560546875 0.553515625 0.124609375 0.18203125
1 0.78515625 0.69921875 0.4296875 0.1296875
1 0.1421875 0.7015625 0.284375 0.134375
3 0.4328125 0.7044921875 0.29375 0.043359375
3 0.2275390625 0.8484375 0.189453125 0.196875
8 0.3681640625 0.9421875 0.098828125 0.115625
3 0.3677734375 0.1318359375 0.041796875 0.101171875
1 0.36953125 0.24296875 0.3015625 0.1296875
3 0.36796875 0.352734375 0.0328125 0.11171875
17 0.36484375 0.0453125 0.0953125 0.090625
5 0.36796875 0.4470703125 0.1484375 0.162890625
