3 0.495703125 0.517578125 0.04140625 0.10390625
5 0.4859375 0.58671875 0.20625 0.0859375
3 0.4890625 0.6671875 0.028125 0.109375
1 0.49296875 0.744921875 0.2015625 0.08359375
3 0.49375 0.80859375 0.0375 0.1046875
8 0.48828125 0.883203125 0.0640625 0.06015625
3 0.60078125 0.883203125 0.1953125 0.03515625
2 0.75 0.882421875 0.1375 0.09609375
2 0.12109375 0.155078125 0.1421875 0.11640625
17 0.490625 0.155859375 0.059375 0.06171875
1 0.49296875 0.28515625 0.2015625 0.0828125
3 0.72578125 0.32421875 0.3015625 0.1265625
3 0.491015625 0.34765625 0.03203125 0.1140625
5 0.485546875 0.425 0.27109375 0.153125
1 0.85 0.427734375 0.2 0.09296875
3 0.6734375 0.43125 0.178125 0.04375
