3 0.495703125 0.51796875 0.04140625 0.1046875
5 0.485546875 0.587109375 0.20546875 0.08671875
3 0.488671875 0.666796875 0.02734375 0.10859375
1 0.492578125 0.74609375 0.20078125 0.0828125
3 0.493359375 0.80859375 0.03671875 0.1046875
8 0.48828125 0.88359375 0.0640625 0.0609375
3 0.601171875 0.883203125 0.19609375 0.03515625
2 0.749609375 0.88359375 0.13671875 0.0953125
2 0.120703125 0.15546875 0.14140625 0.1171875
17 0.490625 0.15703125 0.059375 0.0609375
1 0.492578125 0.28515625 0.20078125 0.0828125
3 0.72578125 0.323828125 0.3015625 0.12578125
3 0.491015625 0.347265625 0.03203125 0.11328125
5 0.486328125 0.424609375 0.26953125 0.15234375
1 0.848828125 0.428515625 0.20078125 0.09140625
3 0.6734375 0.43125 0.178125 0.04375
