3 0.4955078125 0.517578125 0.041015625 0.10390625
5 0.4857421875 0.5869140625 0.205859375 0.086328125
3 0.4884765625 0.6669921875 0.026953125 0.108984375
1 0.4927734375 0.744921875 0.201171875 0.08359375
3 0.4931640625 0.80859375 0.036328125 0.1046875
8 0.48828125 0.883203125 0.0640625 0.06015625
3 0.6009765625 0.8830078125 0.195703125 0.034765625
2 0.7494140625 0.882421875 0.136328125 0.09609375
2 0.1208984375 0.155078125 0.141796875 0.11640625
17 0.490625 0.155859375 0.059375 0.06171875
1 0.4927734375 0.28515625 0.201171875 0.0828125
3 0.72578125 0.3240234375 0.3015625 0.126171875
3 0.4908203125 0.3474609375 0.031640625 0.113671875
5 0.4861328125 0.4244140625 0.269140625 0.151953125
1 0.8490234375 0.4283203125 0.201171875 0.091015625
3 0.6734375 0.43125 0.178125 0.04375
