3 0.49609375 0.51796875 0.0421875 0.1046875
5 0.4859375 0.58671875 0.20625 0.0859375
3 0.4890625 0.6671875 0.028125 0.109375
1 0.49296875 0.74609375 0.2015625 0.0828125
3 0.49375 0.80859375 0.0375 0.1046875
8 0.48828125 0.88359375 0.0640625 0.0609375
3 0.60078125 0.88359375 0.1953125 0.0359375
2 0.75 0.88359375 0.1375 0.0953125
2 0.12109375 0.15546875 0.1421875 0.1171875
17 0.490625 0.15703125 0.059375 0.0609375
1 0.49296875 0.28515625 0.2015625 0.0828125
3 0.72578125 0.32421875 0.3015625 0.1265625
3 0.49140625 0.34765625 0.0328125 0.1140625
5 0.48671875 0.425 0.2703125 0.153125
1 0.85 0.42890625 0.2 0.0921875
3 0.6734375 0.43125 0.178125 0.04375
