3 0.1291015625 0.63203125 0.033203125 0.1640625
5 0.8744140625 0.65078125 0.220703125 0.3171875
17 0.1255859375 0.0744140625 0.063671875 0.073828125
0 0.1255859375 0.7482421875 0.176171875 0.090234375
3 0.12890625 0.8384765625 0.0265625 0.089453125
3 0.7451171875 0.8603515625 0.277734375 0.173828125
3 0.3255859375 0.915234375 0.232421875 0.04296875
0 0.5298828125 0.9177734375 0.175390625 0.101171875
0 0.1259765625 0.9232421875 0.183203125 0.090234375
3 0.1271484375 0.1958984375 0.023046875 0.169921875
0 0.8689453125 0.22734375 0.172265625 0.0953125
3 0.6701171875 0.29609375 0.240234375 0.1796875
3 0.8689453125 0.381640625 0.022265625 0.23203125
5 0.128125 0.4109375 0.225 0.34375
3 0.3822265625 0.412109375 0.314453125 0.04296875
8 0.56328125 0.4126953125 0.0484375 0.062890625
3 0.6796875 0.5265625 0.190625 0.259375
