3 0.1296875 0.63203125 0.034375 0.1640625
5 0.875 0.65078125 0.221875 0.3171875
17 0.12578125 0.075 0.0640625 0.075
0 0.12578125 0.7484375 0.1765625 0.090625
3 0.12890625 0.8390625 0.0265625 0.090625
3 0.7453125 0.8609375 0.278125 0.175
3 0.32578125 0.91640625 0.2328125 0.0421875
0 0.53046875 0.91796875 0.1765625 0.1015625
0 0.1265625 0.9234375 0.184375 0.090625
3 0.12734375 0.196875 0.0234375 0.16875
0 0.86953125 0.22734375 0.1734375 0.0953125
3 0.67109375 0.29609375 0.2390625 0.1796875
3 0.86953125 0.38203125 0.0234375 0.2328125
5 0.128125 0.4109375 0.225 0.34375
3 0.3828125 0.41328125 0.315625 0.0421875
8 0.56328125 0.41328125 0.0484375 0.0640625
3 0.6796875 0.5265625 0.190625 0.259375
