3 0.129296875 0.63203125 0.03359375 0.1640625
5 0.874609375 0.65078125 0.22109375 0.3171875
17 0.125390625 0.074609375 0.06328125 0.07421875
0 0.125390625 0.748046875 0.17578125 0.08984375
3 0.12890625 0.838671875 0.0265625 0.08984375
3 0.744921875 0.860546875 0.27734375 0.17421875
3 0.325390625 0.91640625 0.23203125 0.0421875
0 0.530078125 0.917578125 0.17578125 0.10078125
0 0.126171875 0.923046875 0.18359375 0.08984375
3 0.126953125 0.195703125 0.02265625 0.16953125
0 0.869140625 0.22734375 0.17265625 0.0953125
3 0.669921875 0.29609375 0.23984375 0.1796875
3 0.869140625 0.38203125 0.02265625 0.2328125
5 0.128125 0.4109375 0.225 0.34375
3 0.382421875 0.41328125 0.31484375 0.0421875
8 0.56328125 0.412890625 0.0484375 0.06328125
3 0.6796875 0.5265625 0.190625 0.259375
