3 0.62421875 0.56953125 0.0421875 0.0984375
3 0.19296875 0.6546875 0.0234375 0.690625
18 0.14140625 0.0671875 0.2046875 0.071875
0 0.61953125 0.678125 0.2828125 0.11875
18 0.60234375 0.071875 0.6640625 0.0625
3 0.446875 0.74765625 0.08125 0.1859375
3 0.6140625 0.7609375 0.046875 0.078125
5 0.61171875 0.81171875 0.1359375 0.1296875
3 0.48828125 0.82578125 0.1671875 0.0421875
3 0.8359375 0.8296875 0.328125 0.03125
3 0.61953125 0.8921875 0.0421875 0.09375
17 0.61796875 0.1265625 0.0546875 0.05625
18 0.12421875 0.134375 0.1546875 0.0625
3 0.61953125 0.2125 0.0421875 0.134375
0 0.6296875 0.3328125 0.2625 0.11875
3 0.34765625 0.3328125 0.3171875 0.046875
3 0.8765625 0.35546875 0.246875 0.0421875
3 0.8515625 0.4125 0.18125 0.215625
3 0.621875 0.428125 0.046875 0.09375
5 0.62421875 0.48984375 0.1203125 0.1140625
3 0.80078125 0.50234375 0.2671875 0.0359375
