3 0.623828125 0.5693359375 0.04140625 0.098046875
3 0.19296875 0.6546875 0.0234375 0.690625
18 0.140234375 0.0671875 0.20546875 0.071875
0 0.6193359375 0.678125 0.282421875 0.11875
18 0.60234375 0.0716796875 0.6640625 0.062109375
3 0.446875 0.74765625 0.08125 0.1859375
3 0.6138671875 0.7603515625 0.046484375 0.076953125
5 0.6115234375 0.8115234375 0.135546875 0.129296875
3 0.4880859375 0.8251953125 0.166796875 0.041015625
3 0.8359375 0.8296875 0.328125 0.03125
3 0.61953125 0.8916015625 0.0421875 0.092578125
17 0.6177734375 0.1267578125 0.054296875 0.056640625
18 0.123828125 0.1341796875 0.15390625 0.062109375
3 0.61953125 0.2125 0.0421875 0.134375
0 0.6296875 0.3328125 0.2625 0.11875
3 0.3474609375 0.3326171875 0.316796875 0.046484375
3 0.8765625 0.3552734375 0.246875 0.041796875
3 0.8515625 0.4126953125 0.18125 0.216015625
3 0.6216796875 0.4279296875 0.046484375 0.093359375
5 0.6236328125 0.4896484375 0.119140625 0.113671875
3 0.8005859375 0.50234375 0.266796875 0.0359375
