17 0.5671875 0.04453125 0.04375 0.0453125
1 0.879296875 0.44453125 0.17109375 0.1515625
1 0.28984375 0.44453125 0.1703125 0.1421875
3 0.2921875 0.534375 0.03125 0.0625
3 0.8828125 0.542578125 0.03125 0.07890625
5 0.285546875 0.573828125 0.07109375 0.07890625
3 0.24140625 0.584375 0.0703125 0.03125
3 0.33515625 0.584375 0.0703125 0.03125
1 0.11171875 0.64453125 0.2140625 0.1421875
1 0.87734375 0.64453125 0.2015625 0.1421875
1 0.4609375 0.646875 0.196875 0.146875
3 0.34609375 0.709375 0.0578125 0.03125
3 0.24140625 0.7140625 0.0984375 0.040625
11 0.30390625 0.721875 0.0890625 0.084375
3 0.69453125 0.778125 0.1921875 0.16875
3 0.4109375 0.78671875 0.1875 0.1515625
10 0.55390625 0.86015625 0.1953125 0.0765625
3 0.57109375 0.92421875 0.0359375 0.0890625
3 0.567578125 0.09765625 0.03515625 0.0796875
8 0.5703125 0.98203125 0.05 0.0359375
1 0.577734375 0.199609375 0.19296875 0.14296875
3 0.5828125 0.294921875 0.03125 0.07734375
9 0.58671875 0.34453125 0.1296875 0.0765625
3 0.721875 0.36640625 0.175 0.0578125
3 0.4421875 0.36875 0.178125 0.053125
