17 0.5673828125 0.0443359375 0.044140625 0.044921875
1 0.8798828125 0.4443359375 0.169140625 0.151171875
1 0.2896484375 0.44453125 0.169921875 0.1421875
3 0.2921875 0.534375 0.03125 0.0625
3 0.8828125 0.542578125 0.03125 0.07890625
5 0.2857421875 0.573828125 0.071484375 0.07890625
3 0.2416015625 0.584375 0.070703125 0.03125
3 0.3353515625 0.584375 0.070703125 0.03125
1 0.11171875 0.64453125 0.2140625 0.1421875
1 0.8771484375 0.64453125 0.201171875 0.1421875
1 0.4603515625 0.646875 0.195703125 0.146875
3 0.34609375 0.709375 0.0578125 0.03125
3 0.24140625 0.7134765625 0.0984375 0.039453125
11 0.30390625 0.721875 0.0890625 0.084375
3 0.69453125 0.778125 0.1921875 0.16875
3 0.4109375 0.7865234375 0.1875 0.151171875
10 0.5541015625 0.8599609375 0.195703125 0.076171875
3 0.57109375 0.92421875 0.0359375 0.0890625
3 0.567578125 0.09765625 0.03515625 0.0796875
8 0.5697265625 0.98203125 0.048828125 0.0359375
1 0.577734375 0.199609375 0.19296875 0.14296875
3 0.5828125 0.2955078125 0.03125 0.075390625
9 0.58671875 0.3443359375 0.1296875 0.076171875
3 0.7212890625 0.36640625 0.173828125 0.0578125
3 0.4423828125 0.36875 0.178515625 0.053125
