1 0.846875 0.36875 0.30625 0.11875
1 0.206640625 0.3697265625 0.25703125 0.098828125
3 0.0419921875 0.37109375 0.083984375 0.0359375
3 0.5083984375 0.37109375 0.407421875 0.0296875
3 0.2005859375 0.447265625 0.054296875 0.08203125
5 0.19140625 0.509375 0.1796875 0.11875
3 0.06875 0.51328125 0.1375 0.0234375
3 0.2005859375 0.571875 0.054296875 0.059375
1 0.20625 0.648046875 0.29375 0.08984375
3 0.1974609375 0.72421875 0.060546875 0.0828125
1 0.1912109375 0.8072265625 0.335546875 0.095703125
3 0.2046875 0.0904296875 0.071875 0.102734375
3 0.2064453125 0.9009765625 0.053515625 0.098828125
8 0.19453125 0.9716796875 0.1015625 0.049609375
1 0.19765625 0.179296875 0.2515625 0.08984375
17 0.1978515625 0.0263671875 0.095703125 0.046484375
3 0.2005859375 0.275 0.054296875 0.1125
