1 0.846875 0.36875 0.30625 0.11875
1 0.20703125 0.369921875 0.2578125 0.09921875
3 0.041796875 0.37109375 0.08359375 0.0359375
3 0.508203125 0.37109375 0.40703125 0.0296875
3 0.200390625 0.44765625 0.05390625 0.0828125
5 0.19140625 0.509375 0.1796875 0.11875
3 0.06875 0.51328125 0.1375 0.0234375
3 0.200390625 0.571875 0.05390625 0.059375
1 0.20625 0.64921875 0.29375 0.0890625
3 0.197265625 0.72421875 0.06015625 0.0828125
1 0.191015625 0.807421875 0.33515625 0.09609375
3 0.2046875 0.090234375 0.071875 0.10234375
3 0.206640625 0.901171875 0.05390625 0.09921875
8 0.19453125 0.971484375 0.1015625 0.04921875
1 0.19765625 0.18046875 0.2515625 0.0890625
17 0.198046875 0.026171875 0.09609375 0.04609375
3 0.200390625 0.275 0.05390625 0.1125
