1 0.846875 0.36875 0.30625 0.11875
1 0.206640625 0.3703125 0.25703125 0.1
3 0.0421875 0.37109375 0.084375 0.0359375
3 0.509375 0.37109375 0.40625 0.0296875
3 0.20078125 0.447265625 0.0546875 0.08203125
5 0.19140625 0.509375 0.1796875 0.11875
3 0.06875 0.51328125 0.1375 0.0234375
3 0.20078125 0.571875 0.0546875 0.059375
1 0.20625 0.648046875 0.29375 0.08984375
3 0.19765625 0.72421875 0.0609375 0.0828125
1 0.19140625 0.8078125 0.3359375 0.096875
3 0.2046875 0.090625 0.071875 0.103125
3 0.205859375 0.9015625 0.05546875 0.1
8 0.19453125 0.971875 0.1015625 0.05
1 0.19765625 0.179296875 0.2515625 0.08984375
17 0.1984375 0.0265625 0.096875 0.046875
3 0.20078125 0.275 0.0546875 0.1125
