1 0.553515625 0.39296875 0.20703125 0.0671875
2 0.31875 0.04375 0.165625 0.078125
17 0.5515625 0.046875 0.075 0.040625
3 0.5515625 0.446875 0.04375 0.05625
1 0.5484375 0.50546875 0.209375 0.0640625
2 0.77578125 0.52421875 0.1828125 0.0859375
3 0.5515625 0.55703125 0.04375 0.0484375
5 0.553125 0.584375 0.1125 0.078125
3 0.653125 0.6109375 0.15 0.059375
3 0.451171875 0.615625 0.14609375 0.059375
1 0.70078125 0.675 0.2140625 0.075
1 0.398046875 0.67421875 0.22109375 0.0671875
2 0.7734375 0.0703125 0.165625 0.08125
3 0.4015625 0.7265625 0.053125 0.059375
1 0.39609375 0.780859375 0.2140625 0.06796875
3 0.6421875 0.79453125 0.15 0.1890625
3 0.4515625 0.8515625 0.134375 0.075
11 0.5484375 0.870703125 0.165625 0.06640625
3 0.5515625 0.089453125 0.053125 0.06640625
3 0.55625 0.90703125 0.04375 0.0671875
2 0.2328125 0.959375 0.165625 0.08125
2 0.775 0.9625 0.171875 0.075
8 0.5484375 0.96640625 0.08125 0.0515625
2 0.2328125 0.159375 0.165625 0.08125
1 0.55078125 0.168359375 0.2140625 0.09296875
3 0.548828125 0.2296875 0.04765625 0.059375
1 0.5484375 0.28671875 0.209375 0.0703125
3 0.5515625 0.33515625 0.053125 0.0484375
