0 0.63671875 0.5798828125 0.2390625 0.159765625
3 0.6390625 0.6986328125 0.034375 0.097265625
3 0.815625 0.8169921875 0.13125 0.046484375
0 0.6349609375 0.8197265625 0.235546875 0.164453125
8 0.9140625 0.8197265625 0.08125 0.092578125
18 0.4546875 0.1783203125 0.2125 0.097265625
18 0.2453125 0.1806640625 0.196875 0.092578125
18 0.68125 0.1826171875 0.228125 0.108984375
0 0.6392578125 0.3427734375 0.234765625 0.160546875
3 0.484375 0.3455078125 0.08125 0.041015625
3 0.1546875 0.3453125 0.13125 0.03125
0 0.328515625 0.3451171875 0.23828125 0.165234375
17 0.075390625 0.34765625 0.05703125 0.0671875
3 0.6390625 0.4640625 0.034375 0.103125
