0 0.63671875 0.58046875 0.2390625 0.1609375
3 0.6390625 0.69921875 0.034375 0.0984375
3 0.815625 0.8171875 0.13125 0.046875
0 0.63515625 0.81953125 0.2359375 0.1640625
8 0.9140625 0.8203125 0.08125 0.09375
18 0.4546875 0.17890625 0.2125 0.0984375
18 0.2453125 0.18046875 0.196875 0.0921875
18 0.68125 0.1828125 0.228125 0.109375
0 0.63984375 0.34296875 0.2359375 0.1609375
3 0.484375 0.3453125 0.08125 0.040625
3 0.1546875 0.3453125 0.13125 0.03125
0 0.32890625 0.34609375 0.2390625 0.1640625
17 0.07578125 0.34765625 0.0578125 0.0671875
3 0.6390625 0.4640625 0.034375 0.103125
