1 0.609375 0.47265625 0.184375 0.0828125
3 0.6046875 0.534375 0.028125 0.059375
5 0.6015625 0.56953125 0.096875 0.0859375
3 0.503125 0.61953125 0.1375 0.0984375
3 0.7078125 0.6203125 0.125 0.078125
3 0.60703125 0.63125 0.0234375 0.065625
1 0.825 0.68984375 0.175 0.0859375
1 0.609375 0.69609375 0.165625 0.0828125
1 0.3875 0.69609375 0.165625 0.0828125
3 0.92421875 0.7484375 0.0515625 0.16875
3 0.290625 0.75234375 0.046875 0.1515625
3 0.71171875 0.75703125 0.0515625 0.1515625
3 0.60859375 0.7640625 0.0359375 0.078125
3 0.8296875 0.7640625 0.028125 0.078125
3 0.3875 0.76328125 0.028125 0.0859375
5 0.60625 0.81328125 0.10625 0.0734375
5 0.83046875 0.815625 0.1203125 0.06875
5 0.38359375 0.81796875 0.0921875 0.0828125
3 0.684375 0.81953125 0.0875 0.0265625
3 0.9015625 0.81953125 0.0875 0.0265625
3 0.30625 0.81953125 0.096875 0.0265625
3 0.6046875 0.8671875 0.028125 0.078125
3 0.825 0.86875 0.0375 0.065625
3 0.3875 0.8703125 0.0375 0.078125
8 0.6046875 0.92421875 0.05625 0.0390625
8 0.82734375 0.92421875 0.0515625 0.0484375
8 0.38515625 0.9265625 0.0609375 0.04375
17 0.609375 0.12109375 0.046875 0.0515625
3 0.609375 0.16484375 0.028125 0.0609375
1 0.609375 0.225 0.184375 0.078125
3 0.70703125 0.290625 0.0421875 0.159375
3 0.60703125 0.2984375 0.0234375 0.078125
5 0.60703125 0.34921875 0.1140625 0.0859375
3 0.68203125 0.3578125 0.0921875 0.025
3 0.609375 0.40390625 0.028125 0.0734375
