1 0.609375 0.472265625 0.184375 0.08203125
3 0.604296875 0.534765625 0.02734375 0.06015625
5 0.6015625 0.56953125 0.096875 0.0859375
3 0.501953125 0.618359375 0.13828125 0.09921875
3 0.707421875 0.619921875 0.12421875 0.07734375
3 0.606640625 0.630859375 0.02265625 0.06484375
1 0.825 0.68984375 0.175 0.0859375
1 0.609375 0.695703125 0.165625 0.08203125
1 0.3875 0.695703125 0.165625 0.08203125
3 0.923828125 0.748046875 0.05078125 0.16796875
3 0.290234375 0.751953125 0.04609375 0.15078125
3 0.711328125 0.756640625 0.05078125 0.15078125
3 0.608984375 0.763671875 0.03671875 0.07734375
3 0.829296875 0.763671875 0.02734375 0.07734375
3 0.387109375 0.76328125 0.02734375 0.0859375
5 0.60625 0.81328125 0.10625 0.0734375
5 0.830078125 0.815625 0.11953125 0.06875
5 0.38359375 0.817578125 0.0921875 0.08203125
3 0.684375 0.819140625 0.0875 0.02578125
3 0.9015625 0.819140625 0.0875 0.02578125
3 0.30625 0.819140625 0.096875 0.02578125
3 0.604296875 0.866796875 0.02734375 0.07734375
3 0.824609375 0.868359375 0.03671875 0.06484375
3 0.387109375 0.869921875 0.03671875 0.07734375
8 0.604296875 0.92421875 0.05546875 0.0390625
8 0.826953125 0.923828125 0.05078125 0.04765625
8 0.384765625 0.926171875 0.06015625 0.04296875
17 0.608984375 0.12109375 0.04609375 0.0515625
3 0.608984375 0.164453125 0.02734375 0.06015625
1 0.609375 0.224609375 0.184375 0.07734375
3 0.706640625 0.290625 0.04140625 0.159375
3 0.606640625 0.298046875 0.02265625 0.07734375
5 0.605859375 0.34921875 0.11484375 0.0859375
3 0.68203125 0.358203125 0.0921875 0.02578125
3 0.608984375 0.40390625 0.02734375 0.0734375
