1 0.609375 0.472265625 0.184375 0.08203125
3 0.6046875 0.534375 0.028125 0.059375
5 0.6015625 0.568359375 0.096875 0.08671875
3 0.503125 0.618359375 0.1375 0.09921875
3 0.7078125 0.6203125 0.125 0.078125
3 0.605859375 0.63125 0.02421875 0.065625
1 0.825 0.68984375 0.175 0.0859375
1 0.609375 0.69609375 0.165625 0.0828125
1 0.3875 0.69609375 0.165625 0.0828125
3 0.92421875 0.7484375 0.0515625 0.16875
3 0.290625 0.75234375 0.046875 0.1515625
3 0.71171875 0.756640625 0.0515625 0.15078125
3 0.60859375 0.7640625 0.0359375 0.078125
3 0.8296875 0.7640625 0.028125 0.078125
3 0.3875 0.76328125 0.028125 0.0859375
5 0.60625 0.812109375 0.10625 0.07421875
5 0.829296875 0.815625 0.12109375 0.06875
5 0.383203125 0.816796875 0.09140625 0.08359375
3 0.684375 0.819140625 0.0875 0.02578125
3 0.9015625 0.819140625 0.0875 0.02578125
3 0.30625 0.819140625 0.096875 0.02578125
3 0.6046875 0.8671875 0.028125 0.078125
3 0.825 0.86875 0.0375 0.065625
3 0.3875 0.8703125 0.0375 0.078125
8 0.6046875 0.92421875 0.05625 0.0390625
8 0.82734375 0.92421875 0.0515625 0.0484375
8 0.38515625 0.9265625 0.0609375 0.04375
17 0.609375 0.119921875 0.046875 0.05234375
3 0.609375 0.164453125 0.028125 0.06015625
1 0.609375 0.225 0.184375 0.078125
3 0.70703125 0.290625 0.0421875 0.159375
3 0.605859375 0.2984375 0.02421875 0.078125
5 0.606640625 0.34921875 0.11328125 0.0859375
3 0.68203125 0.3578125 0.0921875 0.025
3 0.609375 0.402734375 0.028125 0.07421875
