1 0.609375 0.4720703125 0.184375 0.081640625
3 0.6041015625 0.5345703125 0.026953125 0.059765625
5 0.6015625 0.568359375 0.096875 0.08671875
3 0.5021484375 0.6185546875 0.138671875 0.099609375
3 0.7072265625 0.6201171875 0.123828125 0.077734375
3 0.6064453125 0.6310546875 0.022265625 0.065234375
1 0.825 0.68984375 0.175 0.0859375
1 0.609375 0.6958984375 0.165625 0.082421875
1 0.3875 0.6958984375 0.165625 0.082421875
3 0.9240234375 0.7478515625 0.051171875 0.167578125
3 0.2904296875 0.7521484375 0.046484375 0.151171875
3 0.7115234375 0.7564453125 0.051171875 0.150390625
3 0.6087890625 0.7634765625 0.036328125 0.076953125
3 0.8294921875 0.7634765625 0.027734375 0.076953125
3 0.3869140625 0.76328125 0.026953125 0.0859375
5 0.60625 0.812109375 0.10625 0.07421875
5 0.8298828125 0.815625 0.119140625 0.06875
5 0.383203125 0.8173828125 0.09140625 0.081640625
3 0.684375 0.8189453125 0.0875 0.025390625
3 0.9015625 0.8189453125 0.0875 0.025390625
3 0.30625 0.8189453125 0.096875 0.025390625
3 0.6041015625 0.8666015625 0.026953125 0.076953125
3 0.8248046875 0.8685546875 0.037109375 0.065234375
3 0.3869140625 0.8701171875 0.036328125 0.077734375
8 0.6041015625 0.92421875 0.055078125 0.0390625
8 0.8271484375 0.9240234375 0.051171875 0.048046875
8 0.3849609375 0.9263671875 0.060546875 0.043359375
17 0.6087890625 0.119921875 0.045703125 0.05234375
3 0.6087890625 0.1642578125 0.026953125 0.059765625
1 0.609375 0.2244140625 0.184375 0.076953125
3 0.7068359375 0.290625 0.041796875 0.159375
3 0.6064453125 0.2978515625 0.022265625 0.076953125
5 0.6060546875 0.34921875 0.115234375 0.0859375
3 0.68203125 0.3580078125 0.0921875 0.025390625
3 0.6087890625 0.402734375 0.026953125 0.07421875
