0 0.47890625 0.3041015625 0.8171875 0.089453125
17 0.4611328125 0.0349609375 0.147265625 0.054296875
3 0.465625 0.373046875 0.084375 0.07109375
0 0.4611328125 0.4419921875 0.809765625 0.090234375
3 0.4748046875 0.51015625 0.077734375 0.0734375
0 0.471484375 0.5826171875 0.81796875 0.090234375
3 0.4677734375 0.64921875 0.063671875 0.0703125
0 0.4748046875 0.7203125 0.824609375 0.0875
3 0.4822265625 0.7900390625 0.076953125 0.064453125
0 0.47890625 0.8619140625 0.8171875 0.095703125
3 0.4796875 0.925 0.084375 0.05625
3 0.465625 0.0943359375 0.05625 0.076171875
8 0.4748046875 0.9705078125 0.133984375 0.053515625
0 0.4537109375 0.1666015625 0.810546875 0.089453125
3 0.4677734375 0.2328125 0.091796875 0.059375
