0 0.47890625 0.3046875 0.8171875 0.090625
17 0.46171875 0.03515625 0.1484375 0.0546875
3 0.465625 0.37421875 0.084375 0.0703125
0 0.46171875 0.4421875 0.8109375 0.090625
3 0.475 0.51015625 0.078125 0.0734375
0 0.47265625 0.5828125 0.8171875 0.090625
3 0.46796875 0.64921875 0.0640625 0.0703125
0 0.475 0.7203125 0.825 0.0875
3 0.4828125 0.790625 0.078125 0.065625
0 0.47890625 0.8625 0.8171875 0.096875
3 0.4796875 0.925 0.084375 0.05625
3 0.465625 0.09453125 0.05625 0.0765625
8 0.475 0.97109375 0.134375 0.0546875
0 0.45390625 0.1671875 0.8109375 0.090625
3 0.46796875 0.2328125 0.0921875 0.059375
