0 0.47890625 0.304296875 0.8171875 0.08984375
17 0.461328125 0.034765625 0.14765625 0.05390625
3 0.465625 0.37421875 0.084375 0.0703125
0 0.461328125 0.441796875 0.81015625 0.08984375
3 0.474609375 0.51015625 0.07734375 0.0734375
0 0.47265625 0.582421875 0.8171875 0.08984375
3 0.467578125 0.64921875 0.06328125 0.0703125
0 0.474609375 0.7203125 0.82421875 0.0875
3 0.482421875 0.790234375 0.07734375 0.06484375
0 0.47890625 0.862109375 0.8171875 0.09609375
3 0.4796875 0.925 0.084375 0.05625
3 0.465625 0.094140625 0.05625 0.07578125
8 0.474609375 0.970703125 0.13359375 0.05390625
0 0.453515625 0.166796875 0.81015625 0.08984375
3 0.467578125 0.2328125 0.09140625 0.059375
