3 0.1298828125 0.77421875 0.028515625 0.0546875
3 0.6287109375 0.8044921875 0.148046875 0.130859375
3 0.8048828125 0.8216796875 0.147265625 0.137109375
8 0.7171875 0.83203125 0.034375 0.0890625
8 0.1296875 0.8328125 0.034375 0.075
3 0.2517578125 0.8322265625 0.225390625 0.061328125
18 0.7228515625 0.95546875 0.236328125 0.0890625
18 0.16875 0.95546875 0.26875 0.0890625
3 0.1287109375 0.09609375 0.032421875 0.0546875
1 0.13125 0.2390625 0.2625 0.275
3 0.3126953125 0.2427734375 0.103515625 0.048046875
1 0.715625 0.24296875 0.26875 0.2671875
17 0.71875 0.0375 0.0375 0.075
17 0.1296875 0.0375 0.034375 0.075
3 0.8005859375 0.4279296875 0.029296875 0.130859375
3 0.6376953125 0.4279296875 0.031640625 0.130859375
3 0.1287109375 0.4279296875 0.032421875 0.130859375
3 0.35703125 0.5421875 0.0203125 0.64375
1 0.5634765625 0.6171875 0.276953125 0.2875
1 0.86796875 0.615625 0.2640625 0.275
1 0.13125 0.615625 0.2625 0.275
