5 0.6625 0.3375 0.2375 0.134375
3 0.39140625 0.35 0.4140625 0.040625
3 0.66875 0.42265625 0.059375 0.0703125
3 0.21640625 0.47578125 0.0765625 0.2703125
0 0.665625 0.50234375 0.384375 0.1078125
17 0.67265625 0.0578125 0.1359375 0.08125
3 0.66875 0.57890625 0.059375 0.0671875
0 0.66640625 0.65859375 0.3734375 0.1109375
0 0.22578125 0.66171875 0.3546875 0.1046875
3 0.66875 0.73203125 0.059375 0.0640625
3 0.4 0.7703125 0.409375 0.13125
11 0.6578125 0.796875 0.296875 0.1375
3 0.671875 0.87734375 0.065625 0.0640625
8 0.671875 0.94296875 0.125 0.0671875
3 0.671875 0.12109375 0.065625 0.0609375
0 0.66640625 0.19921875 0.3734375 0.1078125
3 0.665625 0.27890625 0.065625 0.0640625
