5 0.6625 0.3375 0.2375 0.134375
3 0.391015625 0.35 0.41328125 0.040625
3 0.66875 0.42265625 0.059375 0.0703125
3 0.216015625 0.475390625 0.07578125 0.26953125
0 0.665625 0.501171875 0.384375 0.10859375
17 0.671484375 0.0578125 0.13671875 0.08125
3 0.66875 0.57890625 0.059375 0.0671875
0 0.665234375 0.65859375 0.37421875 0.1109375
0 0.224609375 0.66171875 0.35546875 0.1046875
3 0.66875 0.73203125 0.059375 0.0640625
3 0.4 0.7703125 0.409375 0.13125
11 0.6578125 0.796875 0.296875 0.1375
3 0.671875 0.87734375 0.065625 0.0640625
8 0.671875 0.94296875 0.125 0.0671875
3 0.671875 0.12109375 0.065625 0.0609375
0 0.665234375 0.198046875 0.37421875 0.10859375
3 0.665625 0.278515625 0.065625 0.06328125
