5 0.6623046875 0.3375 0.237109375 0.134375
3 0.391015625 0.35 0.41328125 0.040625
3 0.66875 0.4228515625 0.059375 0.070703125
3 0.216015625 0.4751953125 0.07578125 0.269140625
0 0.665625 0.501171875 0.384375 0.10859375
17 0.671484375 0.0572265625 0.13671875 0.080078125
3 0.66875 0.57890625 0.059375 0.0671875
0 0.6658203125 0.65859375 0.372265625 0.1109375
0 0.224609375 0.66171875 0.35546875 0.1046875
3 0.66875 0.73203125 0.059375 0.0640625
3 0.3994140625 0.7703125 0.408203125 0.13125
11 0.6572265625 0.7958984375 0.295703125 0.138671875
3 0.6716796875 0.87734375 0.065234375 0.0640625
8 0.6716796875 0.94296875 0.124609375 0.0671875
3 0.6716796875 0.12109375 0.065234375 0.0609375
0 0.6658203125 0.198046875 0.372265625 0.10859375
3 0.6654296875 0.278515625 0.065234375 0.06328125
