3 0.7625 0.47890625 0.034375 0.6234375
10 0.435546875 0.486328125 0.58359375 0.07890625
3 0.1296875 0.48828125 0.0375 0.5671875
3 0.421875 0.53125 0.034375 0.065625
3 0.866015625 0.53515625 0.03828125 0.3078125
1 0.42109375 0.591015625 0.1703125 0.10078125
18 0.494140625 0.0609375 0.33203125 0.0375
3 0.4265625 0.65 0.034375 0.059375
9 0.521875 0.6890625 0.3875 0.065625
3 0.38515625 0.719140625 0.0296875 0.05078125
1 0.863671875 0.72578125 0.17109375 0.1015625
3 0.682421875 0.75078125 0.15859375 0.1078125
11 0.38515625 0.7625 0.1328125 0.103125
3 0.236328125 0.7671875 0.28515625 0.0375
3 0.8625 0.7953125 0.021875 0.065625
3 0.387890625 0.80234375 0.02578125 0.0515625
10 0.6328125 0.83046875 0.575 0.0796875
3 0.4765625 0.876953125 0.034375 0.07890625
8 0.48046875 0.9265625 0.0765625 0.075
18 0.452734375 0.103125 0.09921875 0.028125
18 0.78046875 0.105078125 0.2078125 0.04140625
18 0.176953125 0.104296875 0.19140625 0.03359375
17 0.547265625 0.166796875 0.06328125 0.06484375
3 0.810546875 0.1671875 0.13359375 0.028125
3 0.282421875 0.21875 0.32109375 0.0375
10 0.452734375 0.23046875 0.12421875 0.0796875
3 0.858203125 0.23046875 0.02890625 0.1453125
9 0.44921875 0.2796875 0.5921875 0.075
3 0.67890625 0.314453125 0.0203125 0.06015625
3 0.21953125 0.32109375 0.0296875 0.0546875
1 0.86171875 0.35078125 0.1578125 0.1171875
1 0.675 0.38828125 0.175 0.1171875
1 0.217578125 0.390625 0.17890625 0.103125
3 0.22109375 0.4515625 0.0265625 0.05625
3 0.67890625 0.4609375 0.0296875 0.046875
