3 0.7625 0.47890625 0.034375 0.6234375
10 0.43671875 0.48671875 0.5828125 0.0796875
3 0.1296875 0.48828125 0.0375 0.5671875
3 0.421875 0.53125 0.034375 0.065625
3 0.86640625 0.53515625 0.0390625 0.3078125
1 0.42109375 0.59140625 0.1703125 0.1015625
18 0.49453125 0.0609375 0.3328125 0.0375
3 0.4265625 0.65 0.034375 0.059375
9 0.521875 0.6890625 0.3875 0.065625
3 0.38515625 0.71953125 0.0296875 0.0515625
1 0.86484375 0.72578125 0.1703125 0.1015625
3 0.68359375 0.75078125 0.1578125 0.1078125
11 0.38515625 0.7625 0.1328125 0.103125
3 0.23671875 0.7671875 0.2859375 0.0375
3 0.8625 0.7953125 0.021875 0.065625
3 0.38828125 0.80234375 0.0265625 0.0515625
10 0.6328125 0.83046875 0.575 0.0796875
3 0.4765625 0.87734375 0.034375 0.0796875
8 0.48046875 0.9265625 0.0765625 0.075
18 0.45390625 0.103125 0.0984375 0.028125
18 0.78046875 0.10546875 0.2078125 0.0421875
18 0.17734375 0.10546875 0.1921875 0.0328125
17 0.54765625 0.16796875 0.0640625 0.0640625
3 0.81171875 0.1671875 0.1328125 0.028125
3 0.28359375 0.21875 0.3203125 0.0375
10 0.45390625 0.23046875 0.1234375 0.0796875
3 0.85859375 0.23046875 0.0296875 0.1453125
9 0.44921875 0.2796875 0.5921875 0.075
3 0.67890625 0.31484375 0.0203125 0.0609375
3 0.21953125 0.32109375 0.0296875 0.0546875
1 0.86171875 0.35078125 0.1578125 0.1171875
1 0.675 0.38828125 0.175 0.1171875
1 0.21796875 0.390625 0.1796875 0.103125
3 0.22109375 0.4515625 0.0265625 0.05625
3 0.67890625 0.4609375 0.0296875 0.046875
