13 0.16328125 0.50234375 0.0953125 0.0953125
13 0.525390625 0.53359375 0.10703125 0.1015625
3 0.526171875 0.59375 0.02109375 0.046875
1 0.153125 0.6625 0.115625 0.090625
13 0.27265625 0.662890625 0.1078125 0.10078125
5 0.5296875 0.66484375 0.1 0.1328125
3 0.205078125 0.665625 0.02890625 0.01875
3 0.3265625 0.665625 0.025 0.028125
3 0.465625 0.667578125 0.0625 0.02265625
1 0.3921875 0.666796875 0.115625 0.10234375
3 0.877734375 0.684375 0.03046875 0.459375
3 0.5234375 0.748046875 0.028125 0.10234375
3 0.4625 0.840625 0.025 0.025
1 0.525 0.83984375 0.125 0.1015625
1 0.2859375 0.841796875 0.115625 0.09609375
13 0.409765625 0.841796875 0.10703125 0.09609375
3 0.34921875 0.8453125 0.0296875 0.025
8 0.878125 0.9453125 0.078125 0.071875
1 0.29765625 0.10625 0.1484375 0.125
3 0.4203125 0.1078125 0.11875 0.04375
1 0.86953125 0.107421875 0.1453125 0.13984375
3 0.756640625 0.11015625 0.13203125 0.0390625
5 0.5890625 0.1171875 0.29375 0.225
3 0.293359375 0.225 0.04296875 0.14375
3 0.63828125 0.24609375 0.6078125 0.1484375
5 0.039453125 0.316015625 0.05390625 0.07578125
3 0.0953125 0.320703125 0.090625 0.02890625
5 0.160546875 0.3203125 0.10859375 0.134375
3 0.217578125 0.32265625 0.05390625 0.0234375
1 0.2859375 0.33046875 0.125 0.0953125
3 0.36953125 0.34453125 0.0703125 0.0765625
3 0.646875 0.3609375 0.484375 0.04375
3 0.167578125 0.4125 0.02890625 0.10625
13 0.648046875 0.42109375 0.10859375 0.0953125
1 0.7671875 0.42109375 0.103125 0.0953125
1 0.5296875 0.4234375 0.115625 0.090625
3 0.5890625 0.4265625 0.0375 0.01875
13 0.878125 0.42578125 0.1125 0.0859375
3 0.465625 0.428515625 0.0375 0.01328125
3 0.7046875 0.428125 0.0375 0.025
3 0.81875 0.428125 0.025 0.025
1 0.390625 0.43125 0.1375 0.115625
3 0.06875 0.4484375 0.1125 0.20625
