13 0.16328125 0.50234375 0.0953125 0.0953125
13 0.525390625 0.5333984375 0.10703125 0.101171875
3 0.526171875 0.5927734375 0.02109375 0.048046875
1 0.153125 0.6625 0.115625 0.090625
13 0.27265625 0.6626953125 0.1078125 0.100390625
5 0.5291015625 0.6650390625 0.098828125 0.133203125
3 0.2048828125 0.665625 0.028515625 0.01875
3 0.3265625 0.6646484375 0.025 0.029296875
3 0.4650390625 0.6669921875 0.061328125 0.024609375
1 0.3921875 0.6673828125 0.115625 0.100390625
3 0.8783203125 0.684375 0.028515625 0.459375
3 0.5224609375 0.7486328125 0.029296875 0.100390625
3 0.4625 0.8400390625 0.025 0.023828125
1 0.5248046875 0.8396484375 0.124609375 0.101171875
1 0.2859375 0.841796875 0.115625 0.09609375
13 0.409765625 0.841796875 0.10703125 0.09609375
3 0.3490234375 0.8447265625 0.029296875 0.023828125
8 0.878125 0.9453125 0.078125 0.071875
1 0.29765625 0.1056640625 0.1484375 0.123828125
3 0.4193359375 0.1076171875 0.119921875 0.043359375
1 0.8693359375 0.107421875 0.144921875 0.13984375
3 0.7564453125 0.1099609375 0.131640625 0.038671875
5 0.5890625 0.1171875 0.29375 0.225
3 0.2939453125 0.225 0.041015625 0.14375
3 0.63828125 0.24609375 0.6078125 0.1484375
5 0.0392578125 0.316015625 0.053515625 0.07578125
3 0.0953125 0.3205078125 0.090625 0.028515625
5 0.160546875 0.3201171875 0.10859375 0.133984375
3 0.2173828125 0.3228515625 0.053515625 0.023828125
1 0.2853515625 0.33046875 0.123828125 0.0953125
3 0.36953125 0.34453125 0.0703125 0.0765625
3 0.6466796875 0.3607421875 0.483984375 0.043359375
3 0.1673828125 0.4119140625 0.028515625 0.105078125
13 0.648046875 0.42109375 0.10859375 0.0953125
1 0.7671875 0.42109375 0.103125 0.0953125
1 0.5296875 0.4234375 0.115625 0.090625
3 0.5890625 0.4265625 0.0375 0.01875
13 0.8779296875 0.42578125 0.112109375 0.0859375
3 0.465625 0.428515625 0.0375 0.01328125
3 0.7046875 0.4279296875 0.0375 0.024609375
3 0.81875 0.4279296875 0.025 0.024609375
1 0.3904296875 0.4306640625 0.137109375 0.114453125
3 0.0681640625 0.4478515625 0.111328125 0.205078125
