3 0.517578125 0.358984375 0.02578125 0.04296875
0 0.119140625 0.394140625 0.12890625 0.06640625
3 0.415234375 0.394921875 0.09609375 0.02421875
0 0.517578125 0.3953125 0.11953125 0.05
3 0.215234375 0.396875 0.08984375 0.025
0 0.31328125 0.396484375 0.1171875 0.04921875
3 0.517578125 0.4359375 0.02578125 0.046875
17 0.518359375 0.04765625 0.04296875 0.0390625
0 0.5171875 0.48203125 0.115625 0.0640625
3 0.515234375 0.529296875 0.02734375 0.03671875
0 0.514453125 0.56171875 0.11953125 0.0484375
3 0.625390625 0.561328125 0.10390625 0.02265625
0 0.86796875 0.5625 0.1203125 0.059375
3 0.76328125 0.562109375 0.1046875 0.02421875
5 0.691015625 0.566015625 0.09140625 0.06328125
3 0.694140625 0.600390625 0.02578125 0.04765625
0 0.69609375 0.659765625 0.1234375 0.07890625
3 0.6921875 0.71796875 0.028125 0.0515625
5 0.69453125 0.752734375 0.0828125 0.06796875
0 0.407421875 0.7546875 0.12109375 0.078125
3 0.502734375 0.75859375 0.08046875 0.0296875
3 0.518359375 0.075390625 0.02109375 0.04140625
5 0.562890625 0.762109375 0.07265625 0.05859375
3 0.694921875 0.80703125 0.01796875 0.0640625
3 0.5640625 0.807421875 0.028125 0.06484375
0 0.694140625 0.855078125 0.11640625 0.04453125
0 0.560546875 0.859375 0.12421875 0.05
3 0.6921875 0.90859375 0.028125 0.0703125
8 0.694140625 0.952734375 0.03203125 0.02734375
0 0.516015625 0.11640625 0.11953125 0.0484375
3 0.516015625 0.14921875 0.01953125 0.0359375
0 0.514453125 0.18203125 0.11953125 0.0453125
3 0.516015625 0.217578125 0.01640625 0.04140625
0 0.51484375 0.253515625 0.1203125 0.04765625
3 0.516796875 0.286328125 0.01796875 0.03515625
0 0.5171875 0.323046875 0.121875 0.04609375
