3 0.5173828125 0.3591796875 0.025390625 0.043359375
0 0.1193359375 0.3943359375 0.129296875 0.066796875
3 0.4150390625 0.3947265625 0.095703125 0.023828125
0 0.5177734375 0.3953125 0.119921875 0.05
3 0.2154296875 0.396875 0.090234375 0.025
0 0.312109375 0.3962890625 0.11796875 0.048828125
3 0.5173828125 0.4359375 0.025390625 0.046875
17 0.5185546875 0.04765625 0.043359375 0.0390625
0 0.5171875 0.48203125 0.115625 0.0640625
3 0.5154296875 0.5291015625 0.027734375 0.036328125
0 0.5146484375 0.561328125 0.119921875 0.04765625
3 0.6251953125 0.5611328125 0.103515625 0.022265625
0 0.866796875 0.5625 0.12109375 0.059375
3 0.76328125 0.5623046875 0.1046875 0.024609375
5 0.6912109375 0.5658203125 0.091796875 0.062890625
3 0.6943359375 0.6005859375 0.026171875 0.048046875
0 0.69609375 0.6595703125 0.1234375 0.078515625
3 0.6921875 0.71796875 0.028125 0.0515625
5 0.694140625 0.7529296875 0.08203125 0.068359375
0 0.4072265625 0.7546875 0.120703125 0.078125
3 0.5029296875 0.758203125 0.080859375 0.02890625
3 0.5181640625 0.0755859375 0.020703125 0.041796875
5 0.5626953125 0.7619140625 0.072265625 0.058203125
3 0.6951171875 0.806640625 0.018359375 0.06328125
3 0.5640625 0.8076171875 0.028125 0.065234375
0 0.6939453125 0.8552734375 0.116015625 0.044921875
0 0.5607421875 0.859375 0.124609375 0.05
3 0.6921875 0.90859375 0.028125 0.0703125
8 0.6939453125 0.9529296875 0.031640625 0.027734375
0 0.5162109375 0.115234375 0.119921875 0.04921875
3 0.5162109375 0.148828125 0.019921875 0.03515625
0 0.5146484375 0.18203125 0.119921875 0.0453125
3 0.5162109375 0.2177734375 0.016796875 0.041796875
0 0.51484375 0.2533203125 0.1203125 0.047265625
3 0.5166015625 0.2865234375 0.017578125 0.035546875
0 0.5171875 0.3228515625 0.121875 0.045703125
