3 0.516796875 0.359375 0.02734375 0.04375
0 0.11953125 0.39453125 0.1296875 0.0671875
3 0.415625 0.3953125 0.096875 0.025
0 0.51796875 0.3953125 0.1203125 0.05
3 0.215625 0.396875 0.090625 0.025
0 0.312109375 0.39609375 0.11796875 0.0484375
3 0.516796875 0.4359375 0.02734375 0.046875
17 0.51875 0.04765625 0.04375 0.0390625
0 0.5171875 0.48203125 0.115625 0.0640625
3 0.515625 0.52890625 0.028125 0.0359375
0 0.51484375 0.561328125 0.1203125 0.04765625
3 0.624609375 0.561328125 0.10546875 0.02265625
0 0.866796875 0.5625 0.12109375 0.059375
3 0.76328125 0.5625 0.1046875 0.025
5 0.69140625 0.565625 0.0921875 0.0625
3 0.69453125 0.6015625 0.0265625 0.046875
0 0.69609375 0.659375 0.1234375 0.078125
3 0.6921875 0.71796875 0.028125 0.0515625
5 0.694140625 0.752734375 0.08203125 0.06796875
0 0.4078125 0.7546875 0.121875 0.078125
3 0.503125 0.758203125 0.08125 0.02890625
3 0.51796875 0.07578125 0.0203125 0.0421875
5 0.562109375 0.7625 0.07421875 0.059375
3 0.6953125 0.806640625 0.01875 0.06328125
3 0.5640625 0.8078125 0.028125 0.065625
0 0.693359375 0.85546875 0.11796875 0.0453125
0 0.5609375 0.859375 0.125 0.05
3 0.6921875 0.90859375 0.028125 0.0703125
8 0.694140625 0.953125 0.03203125 0.028125
0 0.51640625 0.115234375 0.1203125 0.04921875
3 0.51640625 0.148828125 0.0203125 0.03515625
0 0.51484375 0.18203125 0.1203125 0.0453125
3 0.5171875 0.21796875 0.015625 0.0421875
0 0.51484375 0.253125 0.1203125 0.046875
3 0.5171875 0.28671875 0.01875 0.0359375
0 0.5171875 0.3234375 0.121875 0.046875
