17 0.35703125 0.26484375 0.0671875 0.0453125
3 0.3578125 0.290625 0.021875 0.053125
3 0.46328125 0.33359375 0.0484375 0.0234375
1 0.51484375 0.3359375 0.0828125 0.071875
1 0.3578125 0.3359375 0.171875 0.065625
3 0.5171875 0.37421875 0.0125 0.0359375
1 0.66796875 0.4140625 0.0734375 0.059375
3 0.59453125 0.41484375 0.1046875 0.0234375
1 0.51640625 0.4171875 0.0515625 0.05625
3 0.66953125 0.46015625 0.0171875 0.0390625
1 0.3375 0.49765625 0.1125 0.0734375
3 0.50078125 0.4984375 0.2484375 0.028125
3 0.33515625 0.5359375 0.0140625 0.0375
1 0.528125 0.5796875 0.109375 0.06875
3 0.41875 0.58125 0.125 0.01875
1 0.671875 0.58203125 0.06875 0.0671875
1 0.334375 0.5828125 0.0625 0.065625
3 0.60546875 0.58359375 0.0765625 0.0203125
3 0.66875 0.621875 0.015625 0.0375
1 0.534375 0.6640625 0.09375 0.065625
3 0.60703125 0.665625 0.0640625 0.028125
3 0.5984375 0.7234375 0.15625 0.06875
1 0.6703125 0.78359375 0.096875 0.0671875
3 0.66875 0.83046875 0.009375 0.0578125
1 0.54140625 0.8625 0.0828125 0.06875
1 0.6703125 0.86640625 0.096875 0.0671875
3 0.603125 0.86796875 0.071875 0.0328125
8 0.5390625 0.9359375 0.04375 0.046875
