17 0.355859375 0.263671875 0.06796875 0.04609375
3 0.3578125 0.2904296875 0.021875 0.052734375
3 0.4630859375 0.33359375 0.048046875 0.0234375
1 0.51484375 0.3359375 0.0828125 0.071875
1 0.3578125 0.3357421875 0.171875 0.065234375
3 0.5171875 0.3740234375 0.0125 0.035546875
1 0.667578125 0.4134765625 0.07265625 0.058203125
3 0.59453125 0.414453125 0.1046875 0.02265625
1 0.5158203125 0.4171875 0.050390625 0.05625
3 0.6693359375 0.459765625 0.016796875 0.03828125
1 0.3375 0.4974609375 0.1125 0.073046875
3 0.50078125 0.4982421875 0.2484375 0.027734375
3 0.33515625 0.5359375 0.0140625 0.0375
1 0.528125 0.5796875 0.109375 0.06875
3 0.4185546875 0.5806640625 0.124609375 0.017578125
1 0.671875 0.5814453125 0.06875 0.066015625
1 0.3345703125 0.5822265625 0.062890625 0.064453125
3 0.604296875 0.5837890625 0.07734375 0.020703125
3 0.66875 0.6212890625 0.015625 0.036328125
1 0.5341796875 0.6638671875 0.093359375 0.065234375
3 0.6068359375 0.6650390625 0.063671875 0.026953125
3 0.5984375 0.7228515625 0.15625 0.067578125
1 0.6703125 0.7830078125 0.096875 0.066015625
3 0.66875 0.8302734375 0.009375 0.057421875
1 0.54140625 0.8625 0.0828125 0.06875
1 0.6703125 0.8662109375 0.096875 0.066796875
3 0.603125 0.86796875 0.071875 0.0328125
8 0.5390625 0.9359375 0.04375 0.046875
