17 0.35703125 0.26484375 0.0671875 0.0453125
3 0.3578125 0.290234375 0.021875 0.05234375
3 0.462890625 0.33359375 0.04765625 0.0234375
1 0.51484375 0.3359375 0.0828125 0.071875
1 0.3578125 0.335546875 0.171875 0.06484375
3 0.5171875 0.373828125 0.0125 0.03515625
1 0.66796875 0.413671875 0.0734375 0.05859375
3 0.59453125 0.41484375 0.1046875 0.0234375
1 0.516015625 0.4171875 0.05078125 0.05625
3 0.669140625 0.46015625 0.01640625 0.0390625
1 0.3375 0.497265625 0.1125 0.07265625
3 0.50078125 0.498046875 0.2484375 0.02734375
3 0.33515625 0.5359375 0.0140625 0.0375
1 0.528125 0.5796875 0.109375 0.06875
3 0.418359375 0.580859375 0.12421875 0.01796875
1 0.671875 0.581640625 0.06875 0.06640625
1 0.334765625 0.582421875 0.06328125 0.06484375
3 0.60546875 0.583984375 0.0765625 0.02109375
3 0.66875 0.621484375 0.015625 0.03671875
1 0.533984375 0.663671875 0.09296875 0.06484375
3 0.606640625 0.665234375 0.06328125 0.02734375
3 0.5984375 0.723046875 0.15625 0.06796875
1 0.6703125 0.783203125 0.096875 0.06640625
3 0.66875 0.830078125 0.009375 0.05703125
1 0.54140625 0.8625 0.0828125 0.06875
1 0.6703125 0.866015625 0.096875 0.06640625
3 0.603125 0.86796875 0.071875 0.0328125
8 0.5390625 0.9359375 0.04375 0.046875
