3 0.50234375 0.105859375 0.0203125 0.03046875
1 0.4984375 0.148046875 0.11875 0.05234375
3 0.60390625 0.1515625 0.0984375 0.021875
3 0.4984375 0.176171875 0.01875 0.03359375
3 0.64140625 0.21640625 0.0234375 0.1671875
1 0.50078125 0.221875 0.2015625 0.05
3 0.5 0.253125 0.021875 0.03125
3 0.496875 0.291796875 0.140625 0.04609375
3 0.609375 0.296875 0.10625 0.01875
3 0.5015625 0.3296875 0.01875 0.03125
9 0.49765625 0.3484375 0.7109375 0.059375
3 0.369921875 0.3765625 0.02109375 0.040625
3 0.191015625 0.37890625 0.09453125 0.0453125
3 0.58046875 0.3796875 0.0328125 0.04375
18 0.524609375 0.040625 0.64921875 0.0375
0 0.3671875 0.4234375 0.171875 0.053125
0 0.577734375 0.4234375 0.18046875 0.046875
0 0.159375 0.423046875 0.171875 0.05234375
3 0.7421875 0.4234375 0.171875 0.125
3 0.3875 0.4625 0.05 0.04375
3 0.2046875 0.46328125 0.059375 0.0390625
3 0.3109375 0.46328125 0.075 0.0390625
3 0.11953125 0.4640625 0.0484375 0.04375
3 0.583203125 0.4640625 0.02265625 0.046875
0 0.10703125 0.5046875 0.1453125 0.059375
0 0.58125 0.50546875 0.14375 0.0578125
0 0.407421875 0.50625 0.17109375 0.0625
0 0.83125 0.50625 0.14375 0.05625
0 0.249609375 0.506640625 0.14296875 0.05703125
3 0.63046875 0.53671875 0.0640625 0.0265625
3 0.50625 0.5390625 0.0625 0.01875
3 0.8640625 0.553125 0.0875 0.05625
3 0.5828125 0.558203125 0.028125 0.06640625
0 0.4703125 0.56875 0.15 0.05625
0 0.6828125 0.56875 0.171875 0.05625
0 0.8953125 0.6 0.153125 0.05625
0 0.56875 0.6109375 0.134375 0.059375
3 0.465625 0.621875 0.078125 0.059375
0 0.7375 0.63125 0.125 0.05625
3 0.5546875 0.6421875 0.015625 0.015625
0 0.84140625 0.653125 0.0984375 0.05625
3 0.128125 0.6671875 0.15625 0.284375
3 0.31328125 0.66953125 0.1078125 0.2796875
3 0.240625 0.6703125 0.025 0.2875
0 0.528125 0.674609375 0.178125 0.05546875
3 0.526953125 0.70703125 0.01640625 0.0203125
0 0.541015625 0.7390625 0.25078125 0.059375
3 0.53984375 0.78515625 0.0171875 0.0515625
10 0.503125 0.81171875 0.7125 0.0578125
3 0.5015625 0.83984375 0.015625 0.0296875
17 0.50234375 0.087890625 0.0359375 0.03203125
1 0.500390625 0.87578125 0.12578125 0.0546875
3 0.50234375 0.91015625 0.0203125 0.0265625
8 0.49765625 0.9484375 0.0609375 0.053125
