3 0.5021484375 0.105859375 0.019921875 0.03046875
1 0.4982421875 0.1486328125 0.118359375 0.050390625
3 0.6037109375 0.1509765625 0.098046875 0.020703125
3 0.4984375 0.1767578125 0.01875 0.031640625
3 0.6416015625 0.21640625 0.023828125 0.1671875
1 0.50078125 0.221875 0.2015625 0.05
3 0.4994140625 0.2533203125 0.020703125 0.031640625
3 0.496875 0.2923828125 0.140625 0.044140625
3 0.6083984375 0.296875 0.107421875 0.01875
3 0.5015625 0.3298828125 0.01875 0.031640625
9 0.4974609375 0.3478515625 0.710546875 0.058203125
3 0.3705078125 0.3765625 0.019140625 0.040625
3 0.191015625 0.37890625 0.09453125 0.0453125
3 0.58046875 0.3796875 0.0328125 0.04375
18 0.5251953125 0.0404296875 0.647265625 0.037109375
0 0.3669921875 0.4234375 0.171484375 0.053125
0 0.5783203125 0.4236328125 0.178515625 0.047265625
0 0.1587890625 0.4236328125 0.170703125 0.050390625
3 0.7419921875 0.4234375 0.171484375 0.125
3 0.3875 0.4625 0.05 0.04375
3 0.2046875 0.46328125 0.059375 0.0390625
3 0.3103515625 0.46328125 0.073828125 0.0390625
3 0.1193359375 0.4640625 0.048046875 0.04375
3 0.5826171875 0.4640625 0.024609375 0.046875
0 0.10703125 0.5044921875 0.1453125 0.058984375
0 0.5810546875 0.5052734375 0.143359375 0.057421875
0 0.4080078125 0.50625 0.169140625 0.0625
0 0.8306640625 0.5060546875 0.142578125 0.055859375
0 0.2501953125 0.5064453125 0.141015625 0.056640625
3 0.6302734375 0.5365234375 0.063671875 0.026171875
3 0.50625 0.5390625 0.0625 0.01875
3 0.8640625 0.553125 0.0875 0.05625
3 0.5830078125 0.5580078125 0.028515625 0.066015625
0 0.4703125 0.56875 0.15 0.05625
0 0.6826171875 0.5685546875 0.171484375 0.055859375
0 0.8947265625 0.6 0.151953125 0.05625
0 0.5685546875 0.6109375 0.133984375 0.059375
3 0.465625 0.6212890625 0.078125 0.058203125
0 0.7369140625 0.63125 0.123828125 0.05625
3 0.5544921875 0.6421875 0.015234375 0.015625
0 0.8416015625 0.653125 0.098828125 0.05625
3 0.128125 0.6669921875 0.15625 0.283984375
3 0.3130859375 0.66953125 0.107421875 0.2796875
3 0.2400390625 0.6701171875 0.023828125 0.287109375
0 0.5279296875 0.6751953125 0.177734375 0.053515625
3 0.526953125 0.70703125 0.01640625 0.0203125
0 0.541015625 0.7390625 0.25078125 0.059375
3 0.53984375 0.7849609375 0.0171875 0.051171875
10 0.503125 0.8115234375 0.7125 0.057421875
3 0.5013671875 0.83984375 0.015234375 0.0296875
17 0.5025390625 0.087890625 0.036328125 0.03203125
1 0.5001953125 0.8755859375 0.125390625 0.054296875
3 0.5025390625 0.91015625 0.020703125 0.0265625
8 0.49765625 0.9484375 0.0609375 0.053125
