17 0.196875 0.02265625 0.04375 0.0453125
3 0.20625 0.24296875 0.025 0.0640625
3 0.37890625 0.25078125 0.2234375 0.0984375
1 0.20703125 0.328125 0.1546875 0.14375
11 0.471875 0.36875 0.190625 0.21875
3 0.21171875 0.40546875 0.0234375 0.0328125
1 0.2125 0.4765625 0.209375 0.13125
3 0.47734375 0.49140625 0.0296875 0.1140625
3 0.33984375 0.50625 0.1234375 0.290625
3 0.21328125 0.56171875 0.0234375 0.0734375
1 0.47421875 0.5984375 0.1796875 0.125
1 0.21328125 0.6484375 0.1671875 0.13125
3 0.478125 0.67109375 0.01875 0.0546875
3 0.2015625 0.06953125 0.025 0.0546875
5 0.4765625 0.74453125 0.15625 0.1421875
3 0.34140625 0.7890625 0.1546875 0.103125
3 0.6203125 0.79296875 0.16875 0.1109375
3 0.4453125 0.81953125 0.06875 0.0390625
0 0.196875 0.86640625 0.165625 0.0859375
0 0.39140625 0.86796875 0.1546875 0.0796875
0 0.775 0.87890625 0.165625 0.0859375
3 0.4484375 0.928125 0.0625 0.06875
3 0.6078125 0.9375 0.2 0.084375
8 0.48984375 0.96796875 0.0828125 0.0578125
1 0.20234375 0.15390625 0.1640625 0.1359375
