17 0.196875 0.02265625 0.04375 0.0453125
3 0.2052734375 0.2427734375 0.026171875 0.063671875
3 0.37890625 0.25078125 0.2234375 0.0984375
1 0.2060546875 0.3275390625 0.155859375 0.142578125
11 0.471875 0.3689453125 0.190625 0.219140625
3 0.211328125 0.4048828125 0.02265625 0.031640625
1 0.2123046875 0.4765625 0.208984375 0.13125
3 0.4767578125 0.49140625 0.028515625 0.1140625
3 0.3396484375 0.5060546875 0.123046875 0.290234375
3 0.21328125 0.56171875 0.0234375 0.0734375
1 0.4740234375 0.5982421875 0.179296875 0.124609375
1 0.2126953125 0.6484375 0.166015625 0.13125
3 0.478125 0.67109375 0.01875 0.0546875
3 0.2009765625 0.06953125 0.023828125 0.0546875
5 0.4759765625 0.7439453125 0.155078125 0.141015625
3 0.3408203125 0.7888671875 0.153515625 0.102734375
3 0.6193359375 0.79296875 0.169921875 0.1109375
3 0.4447265625 0.819140625 0.067578125 0.03828125
0 0.1966796875 0.8658203125 0.165234375 0.084765625
0 0.3908203125 0.86796875 0.153515625 0.0796875
0 0.7744140625 0.8787109375 0.164453125 0.085546875
3 0.4484375 0.9279296875 0.0625 0.068359375
3 0.6072265625 0.9373046875 0.198828125 0.083984375
8 0.4896484375 0.96796875 0.082421875 0.0578125
1 0.201171875 0.152734375 0.16484375 0.13671875
