17 0.196875 0.02265625 0.04375 0.0453125
3 0.205078125 0.242578125 0.02578125 0.06328125
3 0.37890625 0.25078125 0.2234375 0.0984375
1 0.205859375 0.327734375 0.15546875 0.14296875
11 0.471875 0.369140625 0.190625 0.21953125
3 0.21171875 0.405078125 0.0234375 0.03203125
1 0.212109375 0.4765625 0.20859375 0.13125
3 0.476953125 0.49140625 0.02890625 0.1140625
3 0.339453125 0.505859375 0.12265625 0.28984375
3 0.21328125 0.56171875 0.0234375 0.0734375
1 0.473828125 0.598046875 0.17890625 0.12421875
1 0.212890625 0.6484375 0.16640625 0.13125
3 0.478125 0.67109375 0.01875 0.0546875
3 0.201171875 0.06953125 0.02421875 0.0546875
5 0.476171875 0.744140625 0.15546875 0.14140625
3 0.341015625 0.788671875 0.15390625 0.10234375
3 0.619140625 0.79296875 0.16953125 0.1109375
3 0.444921875 0.81953125 0.06796875 0.0390625
0 0.196484375 0.866015625 0.16484375 0.08515625
0 0.391015625 0.86796875 0.15390625 0.0796875
0 0.774609375 0.878515625 0.16484375 0.08515625
3 0.4484375 0.927734375 0.0625 0.06796875
3 0.607421875 0.937109375 0.19921875 0.08359375
8 0.489453125 0.96796875 0.08203125 0.0578125
1 0.20234375 0.15390625 0.1640625 0.1359375
