17 0.196875 0.02265625 0.04375 0.0453125
3 0.20625 0.24296875 0.025 0.0640625
3 0.37890625 0.25078125 0.2234375 0.0984375
1 0.205859375 0.328125 0.15546875 0.14375
11 0.471875 0.36875 0.190625 0.21875
3 0.211328125 0.404296875 0.02265625 0.03359375
1 0.2125 0.4765625 0.209375 0.13125
3 0.476953125 0.49140625 0.02890625 0.1140625
3 0.33984375 0.50625 0.1234375 0.290625
3 0.21328125 0.56171875 0.0234375 0.0734375
1 0.47421875 0.5984375 0.1796875 0.125
1 0.212109375 0.6484375 0.16796875 0.13125
3 0.478125 0.67109375 0.01875 0.0546875
3 0.2015625 0.06953125 0.025 0.0546875
5 0.4765625 0.743359375 0.15625 0.14296875
3 0.340234375 0.7890625 0.15546875 0.103125
3 0.6203125 0.79296875 0.16875 0.1109375
3 0.4453125 0.819140625 0.06875 0.03828125
0 0.196875 0.865234375 0.165625 0.08671875
0 0.390234375 0.86796875 0.15546875 0.0796875
0 0.775 0.87890625 0.165625 0.0859375
3 0.4484375 0.928125 0.0625 0.06875
3 0.6078125 0.9375 0.2 0.084375
8 0.48984375 0.96796875 0.0828125 0.0578125
1 0.201171875 0.152734375 0.16484375 0.13671875
