3 0.8560546875 0.271875 0.146484375 0.078125
9 0.9208984375 0.3412109375 0.123046875 0.119921875
14 0.6552734375 0.3609375 0.026171875 0.125
3 0.8755859375 0.409375 0.079296875 0.146875
17 0.6578125 0.0455078125 0.06875 0.075390625
1 0.664453125 0.4669921875 0.32890625 0.127734375
3 0.4126953125 0.4986328125 0.137890625 0.131640625
3 0.9337890625 0.5177734375 0.017578125 0.366796875
9 0.33046875 0.5794921875 0.0609375 0.171484375
1 0.1119140625 0.589453125 0.214453125 0.11640625
14 0.6544921875 0.589453125 0.027734375 0.14140625
3 0.28046875 0.593359375 0.0984375 0.03046875
3 0.8904296875 0.6080078125 0.108984375 0.231640625
3 0.4083984375 0.65859375 0.138671875 0.1296875
1 0.658203125 0.70625 0.32890625 0.125
3 0.65625 0.82734375 0.0375 0.1296875
8 0.65546875 0.9240234375 0.0609375 0.063671875
14 0.659375 0.1279296875 0.03125 0.105859375
18 0.20390625 0.0232421875 0.4046875 0.046484375
1 0.6607421875 0.2375 0.221484375 0.146875
