17 0.658203125 0.04765625 0.04453125 0.0640625
8 0.657421875 0.921875 0.04296875 0.0625
9 0.923046875 0.3296875 0.09296875 0.040625
9 0.3328125 0.587109375 0.021875 0.10859375
1 0.66171875 0.244140625 0.2109375 0.12890625
0 0.660546875 0.46953125 0.31796875 0.1109375
0 0.658984375 0.71015625 0.31796875 0.1140625
0 0.11328125 0.59140625 0.2078125 0.1015625
3 0.655859375 0.132421875 0.01796875 0.09921875
3 0.66015625 0.361328125 0.0234375 0.12890625
3 0.658203125 0.5953125 0.02578125 0.1375
3 0.65703125 0.833203125 0.0171875 0.12578125
3 0.857421875 0.24765625 0.13671875 0.0234375
3 0.9171875 0.26640625 0.034375 0.0953125
3 0.90625 0.405078125 0.015625 0.13828125
3 0.87421875 0.46640625 0.0796875 0.0359375
3 0.933984375 0.5265625 0.01796875 0.38125
3 0.890625 0.70859375 0.1125 0.0234375
3 0.278125 0.59140625 0.09375 0.0234375
3 0.365625 0.559375 0.05 0.028125
3 0.434375 0.473828125 0.090625 0.03203125
3 0.390625 0.515234375 0.021875 0.11171875
3 0.364453125 0.612890625 0.04765625 0.02890625
3 0.38984375 0.654296875 0.0203125 0.11796875
3 0.4265625 0.705859375 0.10625 0.03671875
