3 0.855859375 0.271875 0.14609375 0.078125
9 0.920703125 0.341015625 0.12265625 0.11953125
14 0.655078125 0.3609375 0.02578125 0.125
3 0.875390625 0.409375 0.07890625 0.146875
17 0.6578125 0.045703125 0.06875 0.07578125
1 0.66484375 0.466796875 0.3296875 0.12734375
3 0.412890625 0.498828125 0.13828125 0.13203125
3 0.933984375 0.517578125 0.01796875 0.36640625
9 0.33046875 0.579296875 0.0609375 0.17109375
1 0.112109375 0.58984375 0.21484375 0.1171875
14 0.654296875 0.58984375 0.02734375 0.1421875
3 0.28046875 0.59453125 0.0984375 0.0296875
3 0.890234375 0.608203125 0.10859375 0.23203125
3 0.408203125 0.65859375 0.13828125 0.1296875
1 0.65859375 0.70625 0.3296875 0.125
3 0.65625 0.82734375 0.0375 0.1296875
8 0.65546875 0.923828125 0.0609375 0.06328125
14 0.659375 0.127734375 0.03125 0.10546875
18 0.20390625 0.023046875 0.4046875 0.04609375
1 0.660546875 0.2375 0.22109375 0.146875
