17 0.6580078125 0.047265625 0.044140625 0.06328125
8 0.6572265625 0.921875 0.042578125 0.0625
9 0.9228515625 0.3296875 0.092578125 0.040625
9 0.3328125 0.5873046875 0.021875 0.108984375
1 0.66171875 0.2439453125 0.2109375 0.128515625
0 0.6603515625 0.46953125 0.317578125 0.1109375
0 0.6587890625 0.71015625 0.317578125 0.1140625
0 0.112890625 0.59140625 0.20703125 0.1015625
3 0.6556640625 0.1326171875 0.017578125 0.099609375
3 0.658984375 0.3611328125 0.02421875 0.128515625
3 0.6580078125 0.5953125 0.025390625 0.1375
3 0.655859375 0.8333984375 0.01796875 0.126171875
3 0.8576171875 0.246484375 0.137109375 0.02421875
3 0.9171875 0.266015625 0.034375 0.09453125
3 0.90625 0.4048828125 0.015625 0.137890625
3 0.873828125 0.465234375 0.07890625 0.03671875
3 0.9341796875 0.5265625 0.018359375 0.38125
3 0.890625 0.70859375 0.1125 0.0234375
3 0.278125 0.59140625 0.09375 0.0234375
3 0.365625 0.559375 0.05 0.028125
3 0.434375 0.4736328125 0.090625 0.031640625
3 0.390625 0.5154296875 0.021875 0.112109375
3 0.3642578125 0.6126953125 0.047265625 0.028515625
3 0.388671875 0.6541015625 0.02109375 0.117578125
3 0.4265625 0.7060546875 0.10625 0.037109375
