3 0.85625 0.271875 0.146875 0.078125
9 0.92109375 0.3421875 0.1234375 0.11875
14 0.65546875 0.3609375 0.0265625 0.125
3 0.87578125 0.409375 0.0796875 0.146875
17 0.6578125 0.0453125 0.06875 0.075
1 0.66484375 0.4671875 0.3296875 0.128125
3 0.41328125 0.49921875 0.1390625 0.1328125
3 0.934375 0.51796875 0.01875 0.3671875
9 0.33046875 0.5796875 0.0609375 0.171875
1 0.1125 0.58984375 0.215625 0.1171875
14 0.6546875 0.58984375 0.028125 0.1421875
3 0.28046875 0.59453125 0.0984375 0.0296875
3 0.890625 0.6078125 0.109375 0.23125
3 0.40859375 0.65859375 0.1390625 0.1296875
1 0.65859375 0.70625 0.3296875 0.125
3 0.65625 0.82734375 0.0375 0.1296875
8 0.65546875 0.92421875 0.0609375 0.0640625
14 0.659375 0.128125 0.03125 0.10625
18 0.20390625 0.0234375 0.4046875 0.046875
1 0.6609375 0.2375 0.221875 0.146875
