0 0.2333984375 0.15703125 0.157421875 0.0703125
0 0.415234375 0.196875 0.16171875 0.06875
3 0.233203125 0.209765625 0.01640625 0.06953125
3 0.4171875 0.2328125 0.015625 0.025
5 0.4185546875 0.2490234375 0.065234375 0.076171875
5 0.2388671875 0.254296875 0.071484375 0.07109375
3 0.4431640625 0.271484375 0.023828125 0.03671875
3 0.284765625 0.291015625 0.08828125 0.06953125
3 0.23125 0.2953125 0.028125 0.059375
0 0.4455078125 0.3125 0.141015625 0.06875
0 0.2359375 0.35625 0.178125 0.06875
3 0.447265625 0.397265625 0.43203125 0.03203125
9 0.65234375 0.4125 0.2828125 0.078125
0 0.5869140625 0.4900390625 0.136328125 0.064453125
0 0.72421875 0.4916015625 0.1390625 0.064453125
3 0.7998046875 0.5322265625 0.168359375 0.042578125
0 0.8708984375 0.58203125 0.148046875 0.0703125
3 0.5892578125 0.5818359375 0.031640625 0.132421875
3 0.8041015625 0.6310546875 0.167578125 0.040234375
10 0.6541015625 0.6498046875 0.336328125 0.071484375
5 0.6615234375 0.7 0.079296875 0.05625
3 0.5939453125 0.7091796875 0.097265625 0.043359375
3 0.7060546875 0.7140625 0.071484375 0.034375
0 0.5861328125 0.757421875 0.134765625 0.07109375
0 0.7228515625 0.76015625 0.142578125 0.0703125
3 0.7232421875 0.8048828125 0.024609375 0.041015625
0 0.7185546875 0.8310546875 0.143359375 0.071484375
3 0.6125 0.8431640625 0.065625 0.105078125
3 0.7 0.873046875 0.065625 0.03359375
11 0.655859375 0.8798828125 0.06171875 0.053515625
8 0.65703125 0.9236328125 0.0609375 0.059765625
8 0.6578125 0.9248046875 0.071875 0.065234375
17 0.2306640625 0.101171875 0.036328125 0.03359375
