3 0.453125 0.4109375 0.028125 0.046875
5 0.453515625 0.44921875 0.19453125 0.0703125
3 0.359765625 0.45859375 0.14453125 0.0640625
9 0.72421875 0.471484375 0.2984375 0.06796875
0 0.311328125 0.502734375 0.17265625 0.04296875
0 0.6171875 0.5265625 0.1625 0.0375
0 0.8265625 0.5265625 0.1625 0.040625
3 0.2 0.0546875 0.028125 0.046875
3 0.403125 0.576953125 0.215625 0.11015625
10 0.72578125 0.584375 0.2921875 0.075
3 0.1109375 0.5890625 0.046875 0.40625
3 0.613671875 0.61484375 0.25234375 0.0359375
0 0.4984375 0.65625 0.2 0.046875
0 0.510546875 0.6578125 0.21484375 0.065625
5 0.5046875 0.719140625 0.196875 0.08203125
3 0.265234375 0.7859375 0.40546875 0.0625
10 0.2796875 0.7984375 0.5375 0.0875
0 0.20078125 0.08046875 0.1984375 0.0515625
3 0.35078125 0.081640625 0.1234375 0.03203125
0 0.694140625 0.83984375 0.19453125 0.0609375
3 0.2828125 0.84296875 0.03125 0.0484375
0 0.2875 0.88046875 0.196875 0.0578125
3 0.280859375 0.9265625 0.02421875 0.059375
8 0.284765625 0.96953125 0.10078125 0.0609375
3 0.198828125 0.125 0.02265625 0.046875
3 0.3984375 0.1421875 0.028125 0.171875
0 0.1984375 0.152734375 0.203125 0.04921875
3 0.3125 0.218359375 0.19375 0.02421875
5 0.20546875 0.2265625 0.1671875 0.078125
3 0.24765625 0.26875 0.1234375 0.065625
17 0.21015625 0.02734375 0.1234375 0.0546875
9 0.2765625 0.303515625 0.521875 0.06328125
3 0.11875 0.329296875 0.028125 0.04609375
3 0.454296875 0.331640625 0.02109375 0.04453125
0 0.45625 0.369140625 0.221875 0.04453125
0 0.1109375 0.3703125 0.203125 0.0625
