3 0.453125 0.4109375 0.028125 0.046875
5 0.45390625 0.44921875 0.1953125 0.0703125
3 0.36015625 0.45859375 0.1453125 0.0640625
9 0.72421875 0.47265625 0.2984375 0.0671875
0 0.31171875 0.50390625 0.1734375 0.0421875
0 0.6171875 0.5265625 0.1625 0.0375
0 0.8265625 0.5265625 0.1625 0.040625
3 0.2 0.0546875 0.028125 0.046875
3 0.403125 0.57734375 0.215625 0.1109375
10 0.72578125 0.584375 0.2921875 0.075
3 0.1109375 0.5890625 0.046875 0.40625
3 0.61484375 0.61484375 0.2515625 0.0359375
0 0.4984375 0.65625 0.2 0.046875
0 0.51171875 0.6578125 0.2140625 0.065625
5 0.5046875 0.71953125 0.196875 0.0828125
3 0.26640625 0.7859375 0.4046875 0.0625
10 0.2796875 0.7984375 0.5375 0.0875
0 0.20078125 0.08046875 0.1984375 0.0515625
3 0.35078125 0.08203125 0.1234375 0.0328125
0 0.69453125 0.83984375 0.1953125 0.0609375
3 0.2828125 0.84296875 0.03125 0.0484375
0 0.2875 0.88046875 0.196875 0.0578125
3 0.28203125 0.9265625 0.0234375 0.059375
8 0.28515625 0.96953125 0.1015625 0.0609375
3 0.19921875 0.125 0.0234375 0.046875
3 0.3984375 0.1421875 0.028125 0.171875
0 0.1984375 0.15390625 0.203125 0.0484375
3 0.3125 0.21953125 0.19375 0.0234375
5 0.20546875 0.2265625 0.1671875 0.078125
3 0.24765625 0.26875 0.1234375 0.065625
17 0.21015625 0.02734375 0.1234375 0.0546875
9 0.2765625 0.30390625 0.521875 0.0640625
3 0.11875 0.33046875 0.028125 0.0453125
3 0.45546875 0.33203125 0.0203125 0.0453125
0 0.45625 0.36953125 0.221875 0.0453125
0 0.1109375 0.3703125 0.203125 0.0625
