17 0.2341796875 0.0462890625 0.077734375 0.073828125
5 0.2322265625 0.58515625 0.326953125 0.3140625
3 0.4390625 0.5962890625 0.159375 0.030078125
3 0.2369140625 0.7771484375 0.036328125 0.113671875
1 0.6375 0.909375 0.3 0.165625
8 0.9384765625 0.909375 0.086328125 0.0875
1 0.2345703125 0.9083984375 0.322265625 0.157421875
3 0.440625 0.9083984375 0.109375 0.035546875
3 0.8369140625 0.91015625 0.126953125 0.0390625
3 0.2369140625 0.1291015625 0.036328125 0.117578125
1 0.2474609375 0.263671875 0.323046875 0.17109375
3 0.234375 0.4046875 0.040625 0.14375
3 0.4591796875 0.427734375 0.118359375 0.36796875
