17 0.234375 0.046875 0.078125 0.075
5 0.2328125 0.58515625 0.328125 0.3140625
3 0.4390625 0.596875 0.159375 0.03125
3 0.2375 0.77734375 0.0375 0.1140625
1 0.6375 0.909375 0.3 0.165625
8 0.9390625 0.909375 0.0875 0.0875
1 0.233984375 0.90859375 0.32421875 0.1578125
3 0.440625 0.90859375 0.109375 0.0359375
3 0.8375 0.91015625 0.128125 0.0390625
3 0.2375 0.1296875 0.0375 0.11875
1 0.24765625 0.263671875 0.3234375 0.17109375
3 0.234375 0.4046875 0.040625 0.14375
3 0.459375 0.427734375 0.11875 0.36796875
