3 0.6640625 0.570703125 0.05625 0.24765625
3 0.787890625 0.646484375 0.10078125 0.14296875
3 0.9109375 0.65 0.08125 0.146875
1 0.2109375 0.674609375 0.140625 0.13046875
3 0.114453125 0.68046875 0.07265625 0.0390625
11 0.853125 0.6921875 0.078125 0.096875
1 0.6671875 0.74296875 0.134375 0.1296875
3 0.5640625 0.746875 0.109375 0.034375
8 0.503125 0.7515625 0.059375 0.090625
3 0.5 0.8 0.025 0.084375
3 0.8578125 0.808203125 0.025 0.19140625
17 0.0875 0.8453125 0.05625 0.084375
1 0.501953125 0.90078125 0.14765625 0.1296875
3 0.714453125 0.9015625 0.30390625 0.040625
1 0.459765625 0.09921875 0.12578125 0.1296875
3 0.359375 0.125 0.0875 0.078125
3 0.559375 0.144140625 0.115625 0.09453125
1 0.090625 0.16640625 0.1375 0.1296875
9 0.30625 0.1671875 0.078125 0.265625
1 0.85234375 0.16953125 0.1203125 0.1359375
3 0.2640625 0.16953125 0.078125 0.0328125
3 0.7171875 0.1734375 0.171875 0.028125
5 0.21015625 0.175390625 0.0640625 0.11328125
10 0.615625 0.18046875 0.08125 0.2828125
3 0.56484375 0.240625 0.1203125 0.0625
3 0.36328125 0.24375 0.1015625 0.06875
1 0.4578125 0.24609375 0.115625 0.1296875
3 0.853125 0.2890625 0.028125 0.146875
3 0.21015625 0.30546875 0.0140625 0.2265625
5 0.855078125 0.366796875 0.06640625 0.11484375
1 0.4625 0.3796875 0.1375 0.125
3 0.357421875 0.384375 0.12734375 0.078125
3 0.5671875 0.390625 0.115625 0.06875
3 0.899609375 0.40703125 0.06796875 0.1140625
3 0.77734375 0.409375 0.1234375 0.11875
5 0.2109375 0.45234375 0.05625 0.1015625
5 0.6359375 0.4578125 0.078125 0.2375
10 0.3078125 0.4640625 0.0875 0.271875
3 0.57890625 0.5140625 0.1265625 0.05625
3 0.090625 0.516796875 0.03125 0.58359375
1 0.74765625 0.52265625 0.1265625 0.1296875
1 0.914453125 0.5234375 0.12890625 0.140625
3 0.358984375 0.53125 0.12421875 0.090625
1 0.46328125 0.53359375 0.1265625 0.1421875
3 0.2140625 0.53671875 0.021875 0.1578125
