3 0.6640625 0.57109375 0.05625 0.2484375
3 0.78828125 0.64765625 0.1015625 0.1421875
3 0.9109375 0.65 0.08125 0.146875
1 0.2109375 0.67578125 0.140625 0.1296875
3 0.11484375 0.68046875 0.0734375 0.0390625
11 0.853125 0.6921875 0.078125 0.096875
1 0.6671875 0.74296875 0.134375 0.1296875
3 0.5640625 0.746875 0.109375 0.034375
8 0.503125 0.7515625 0.059375 0.090625
3 0.5 0.8 0.025 0.084375
3 0.8578125 0.80859375 0.025 0.1921875
17 0.0875 0.8453125 0.05625 0.084375
1 0.50234375 0.90078125 0.1484375 0.1296875
3 0.71484375 0.9015625 0.3046875 0.040625
1 0.46015625 0.09921875 0.1265625 0.1296875
3 0.359375 0.125 0.0875 0.078125
3 0.559375 0.14453125 0.115625 0.0953125
1 0.090625 0.16640625 0.1375 0.1296875
9 0.30625 0.1671875 0.078125 0.265625
1 0.85234375 0.16953125 0.1203125 0.1359375
3 0.2640625 0.16953125 0.078125 0.0328125
3 0.7171875 0.1734375 0.171875 0.028125
5 0.21015625 0.17578125 0.0640625 0.1140625
10 0.615625 0.18046875 0.08125 0.2828125
3 0.56484375 0.240625 0.1203125 0.0625
3 0.36328125 0.24375 0.1015625 0.06875
1 0.4578125 0.24609375 0.115625 0.1296875
3 0.853125 0.2890625 0.028125 0.146875
3 0.21015625 0.30546875 0.0140625 0.2265625
5 0.85546875 0.36796875 0.0671875 0.1140625
1 0.4625 0.3796875 0.1375 0.125
3 0.35859375 0.384375 0.1265625 0.078125
3 0.5671875 0.390625 0.115625 0.06875
3 0.90078125 0.40703125 0.0671875 0.1140625
3 0.77734375 0.409375 0.1234375 0.11875
5 0.2109375 0.45234375 0.05625 0.1015625
5 0.6359375 0.4578125 0.078125 0.2375
10 0.3078125 0.4640625 0.0875 0.271875
3 0.57890625 0.5140625 0.1265625 0.05625
3 0.090625 0.51796875 0.03125 0.5828125
1 0.74765625 0.52265625 0.1265625 0.1296875
1 0.91484375 0.5234375 0.1296875 0.140625
3 0.36015625 0.53125 0.1234375 0.090625
1 0.46328125 0.53359375 0.1265625 0.1421875
3 0.2140625 0.53671875 0.021875 0.1578125
