3 0.48203125 0.4626953125 0.0359375 0.087890625
0 0.4875 0.5302734375 0.3875 0.066796875
3 0.4841796875 0.5943359375 0.049609375 0.079296875
0 0.4951171875 0.6634765625 0.405859375 0.083203125
3 0.49375 0.72265625 0.03125 0.0703125
0 0.5025390625 0.779296875 0.373828125 0.07109375
17 0.4775390625 0.08359375 0.089453125 0.0703125
3 0.508984375 0.83671875 0.03671875 0.0703125
8 0.5078125 0.9015625 0.121875 0.075
3 0.6220703125 0.14375 0.287890625 0.021875
3 0.4775390625 0.1451171875 0.026953125 0.062109375
0 0.4794921875 0.21328125 0.355859375 0.1015625
3 0.7572265625 0.2580078125 0.026953125 0.259765625
3 0.4796875 0.2908203125 0.040625 0.087890625
5 0.471875 0.3703125 0.346875 0.140625
3 0.6939453125 0.38125 0.144140625 0.021875
