3 0.48203125 0.462890625 0.0359375 0.08828125
0 0.4875 0.530078125 0.3875 0.06640625
3 0.483984375 0.594140625 0.04921875 0.07890625
0 0.494921875 0.663671875 0.40546875 0.08359375
3 0.49375 0.72265625 0.03125 0.0703125
0 0.502734375 0.78046875 0.37421875 0.0703125
17 0.477734375 0.08359375 0.08984375 0.0703125
3 0.51015625 0.83671875 0.0359375 0.0703125
8 0.5078125 0.9015625 0.121875 0.075
3 0.622265625 0.14375 0.28828125 0.021875
3 0.477734375 0.144921875 0.02734375 0.06171875
0 0.479296875 0.21328125 0.35546875 0.1015625
3 0.757421875 0.258203125 0.02734375 0.26015625
3 0.4796875 0.291015625 0.040625 0.08828125
5 0.471875 0.3703125 0.346875 0.140625
3 0.694140625 0.38125 0.14453125 0.021875
