3 0.21484375 0.11796875 0.0296875 0.0421875
0 0.21875 0.15390625 0.146875 0.0515625
3 0.21875 0.190625 0.021875 0.0375
0 0.21640625 0.2296875 0.1328125 0.05625
0 0.67109375 0.2296875 0.1453125 0.059375
3 0.4453125 0.23046875 0.353125 0.0171875
3 0.66953125 0.26640625 0.0390625 0.0390625
5 0.67421875 0.29453125 0.0984375 0.0578125
3 0.465625 0.29765625 0.390625 0.0265625
3 0.75390625 0.29765625 0.1609375 0.0265625
0 0.22265625 0.29765625 0.1453125 0.0546875
3 0.396875 0.35078125 0.378125 0.0640625
0 0.66953125 0.3640625 0.1796875 0.05625
3 0.66953125 0.39765625 0.0328125 0.0359375
5 0.67109375 0.428125 0.0984375 0.059375
3 0.72578125 0.43046875 0.1078125 0.0171875
9 0.21640625 0.43125 0.1328125 0.06875
3 0.45859375 0.43359375 0.4171875 0.0234375
18 0.7140625 0.0453125 0.053125 0.01875
18 0.42421875 0.04609375 0.1140625 0.0203125
3 0.4109375 0.4765625 0.38125 0.084375
18 0.21796875 0.04765625 0.0828125 0.0171875
3 0.209375 0.49375 0.025 0.1125
0 0.66796875 0.49453125 0.1671875 0.0578125
3 0.7765625 0.525 0.028125 0.2375
3 0.821875 0.53515625 0.03125 0.4953125
3 0.57265625 0.55234375 0.2265625 0.0734375
3 0.3421875 0.56796875 0.09375 0.0171875
10 0.42734375 0.56796875 0.1765625 0.0453125
0 0.2203125 0.56953125 0.18125 0.0578125
3 0.4265625 0.59296875 0.021875 0.0359375
11 0.43125 0.62578125 0.0875 0.0671875
3 0.603125 0.628125 0.34375 0.025
3 0.4265625 0.6578125 0.028125 0.04375
0 0.4265625 0.69921875 0.13125 0.0515625
3 0.4265625 0.7375 0.021875 0.046875
11 0.425 0.771875 0.103125 0.065625
3 0.6328125 0.778125 0.390625 0.028125
3 0.428125 0.8015625 0.021875 0.0375
0 0.2203125 0.84609375 0.11875 0.0546875
0 0.4265625 0.846875 0.1375 0.059375
3 0.3203125 0.8484375 0.10625 0.025
17 0.21796875 0.0859375 0.0609375 0.040625
3 0.2203125 0.88359375 0.025 0.0390625
8 0.2234375 0.9234375 0.071875 0.04375
