3 0.2146484375 0.11796875 0.029296875 0.0421875
0 0.21875 0.1537109375 0.146875 0.051171875
3 0.21875 0.1904296875 0.021875 0.037109375
0 0.21640625 0.2291015625 0.1328125 0.055078125
0 0.669921875 0.2296875 0.14609375 0.059375
3 0.4447265625 0.2302734375 0.351953125 0.016796875
3 0.6693359375 0.266015625 0.038671875 0.03828125
5 0.6744140625 0.2939453125 0.098828125 0.056640625
3 0.4650390625 0.297265625 0.389453125 0.02578125
3 0.7533203125 0.2970703125 0.159765625 0.025390625
0 0.2220703125 0.2974609375 0.144140625 0.054296875
3 0.396875 0.35078125 0.378125 0.0640625
0 0.6693359375 0.3640625 0.179296875 0.05625
3 0.66953125 0.3970703125 0.0328125 0.034765625
5 0.6708984375 0.428125 0.098046875 0.059375
3 0.72578125 0.430078125 0.1078125 0.01640625
9 0.21640625 0.43125 0.1328125 0.06875
3 0.45859375 0.4330078125 0.4171875 0.022265625
18 0.7140625 0.0453125 0.053125 0.01875
18 0.423046875 0.0462890625 0.11484375 0.020703125
3 0.4109375 0.4765625 0.38125 0.084375
18 0.2169921875 0.04765625 0.083984375 0.0171875
3 0.2087890625 0.4931640625 0.023828125 0.111328125
0 0.6673828125 0.4939453125 0.166015625 0.056640625
3 0.7755859375 0.525 0.029296875 0.2375
3 0.8216796875 0.53515625 0.030859375 0.4953125
3 0.57265625 0.5517578125 0.2265625 0.072265625
3 0.3412109375 0.5677734375 0.094921875 0.016796875
10 0.426171875 0.56796875 0.17734375 0.0453125
0 0.2197265625 0.5689453125 0.180078125 0.056640625
3 0.4259765625 0.5919921875 0.020703125 0.037109375
11 0.4314453125 0.62578125 0.087890625 0.0671875
3 0.6029296875 0.628125 0.343359375 0.025
3 0.4265625 0.6572265625 0.028125 0.042578125
0 0.4263671875 0.6982421875 0.130859375 0.052734375
3 0.4259765625 0.7376953125 0.020703125 0.047265625
11 0.425 0.7716796875 0.103125 0.065234375
3 0.6322265625 0.7783203125 0.389453125 0.028515625
3 0.4279296875 0.8013671875 0.021484375 0.037109375
0 0.2193359375 0.84609375 0.119921875 0.0546875
0 0.4265625 0.8462890625 0.1375 0.058203125
3 0.3197265625 0.8482421875 0.105078125 0.024609375
17 0.2173828125 0.0857421875 0.059765625 0.040234375
3 0.2197265625 0.88359375 0.023828125 0.0390625
8 0.2234375 0.9228515625 0.071875 0.042578125
