0 0.2828125 0.203125 0.128125 0.071875
1 0.101171875 0.2484375 0.12734375 0.103125
3 0.284375 0.251953125 0.028125 0.04765625
7 0.280859375 0.29140625 0.07421875 0.0765625
3 0.10234375 0.32890625 0.0265625 0.0828125
15 0.9234375 0.3703125 0.128125 0.128125
14 0.64921875 0.375 0.4515625 0.025
0 0.10078125 0.40625 0.1171875 0.075
14 0.436328125 0.41953125 0.02890625 0.1203125
3 0.10625 0.45703125 0.040625 0.0421875
5 0.103125 0.50859375 0.084375 0.1078125
16 0.43515625 0.5171875 0.1078125 0.103125
3 0.5203125 0.51640625 0.075 0.0359375
3 0.51875 0.5171875 0.06875 0.028125
3 0.375 0.51796875 0.0375 0.0328125
0 0.621875 0.51796875 0.153125 0.0703125
3 0.1796875 0.5203125 0.1125 0.01875
0 0.2875 0.51953125 0.15 0.0765625
3 0.1 0.5703125 0.021875 0.04375
11 0.109375 0.615625 0.1 0.1125
15 0.621875 0.6234375 0.125 0.103125
0 0.4 0.62578125 0.153125 0.0796875
16 0.925390625 0.6265625 0.11953125 0.103125
14 0.77109375 0.628125 0.1828125 0.040625
3 0.225 0.631640625 0.203125 0.03203125
3 0.51875 0.6328125 0.10625 0.075
3 0.103515625 0.67890625 0.01328125 0.0515625
1 0.104296875 0.755078125 0.15234375 0.09765625
0 0.38359375 0.759375 0.1609375 0.090625
15 0.6234375 0.758984375 0.134375 0.11171875
3 0.5140625 0.76328125 0.11875 0.0671875
3 0.10625 0.85390625 0.03125 0.1265625
3 0.125390625 0.090625 0.01953125 0.0375
9 0.117578125 0.11484375 0.09140625 0.0671875
3 0.20703125 0.14375 0.1640625 0.053125
3 0.10625 0.16015625 0.01875 0.0953125
