0 0.2828125 0.2025390625 0.128125 0.070703125
1 0.101171875 0.2484375 0.12734375 0.103125
3 0.2841796875 0.2517578125 0.027734375 0.047265625
7 0.2814453125 0.2912109375 0.072265625 0.076171875
3 0.1021484375 0.32890625 0.026171875 0.0828125
15 0.9234375 0.3703125 0.128125 0.128125
14 0.64921875 0.375 0.4515625 0.025
0 0.1005859375 0.4056640625 0.116796875 0.073828125
14 0.4361328125 0.41953125 0.028515625 0.1203125
3 0.1056640625 0.45703125 0.039453125 0.0421875
5 0.1025390625 0.50859375 0.083203125 0.1078125
16 0.4349609375 0.5171875 0.107421875 0.103125
3 0.5201171875 0.5162109375 0.074609375 0.035546875
3 0.51875 0.5169921875 0.06875 0.027734375
3 0.3744140625 0.5177734375 0.036328125 0.032421875
0 0.6216796875 0.5177734375 0.152734375 0.069921875
3 0.1796875 0.5203125 0.1125 0.01875
0 0.2875 0.5193359375 0.15 0.076171875
3 0.1 0.5703125 0.021875 0.04375
11 0.109375 0.6150390625 0.1 0.111328125
15 0.621875 0.6234375 0.125 0.103125
0 0.3994140625 0.62578125 0.151953125 0.0796875
16 0.9251953125 0.6265625 0.119140625 0.103125
14 0.77109375 0.628125 0.1828125 0.040625
3 0.225 0.6314453125 0.203125 0.031640625
3 0.5185546875 0.6322265625 0.105859375 0.073828125
3 0.103515625 0.6787109375 0.01328125 0.051171875
1 0.1048828125 0.7548828125 0.150390625 0.097265625
0 0.38359375 0.7591796875 0.1609375 0.090234375
15 0.6234375 0.7595703125 0.134375 0.109765625
3 0.5138671875 0.76328125 0.118359375 0.0671875
3 0.10625 0.85390625 0.03125 0.1265625
3 0.1251953125 0.090625 0.019140625 0.0375
9 0.117578125 0.11484375 0.09140625 0.0671875
3 0.2068359375 0.1431640625 0.163671875 0.051953125
3 0.1060546875 0.1599609375 0.018359375 0.094921875
