3 0.44453125 0.25703125 0.0203125 0.0765625
18 0.45625 0.03046875 0.475 0.0453125
5 0.4515625 0.331640625 0.240625 0.12890625
3 0.449609375 0.415625 0.02421875 0.078125
9 0.482421875 0.44296875 0.91171875 0.0953125
3 0.8546875 0.47578125 0.028125 0.0546875
3 0.108984375 0.474609375 0.02421875 0.05859375
3 0.67265625 0.47578125 0.0296875 0.0609375
3 0.29609375 0.476953125 0.0296875 0.05078125
3 0.480859375 0.47734375 0.02421875 0.0484375
0 0.103515625 0.5296875 0.18203125 0.078125
0 0.478515625 0.53203125 0.18203125 0.0859375
0 0.6671875 0.531640625 0.184375 0.08203125
0 0.293359375 0.53203125 0.18046875 0.0796875
0 0.858203125 0.53515625 0.18828125 0.0796875
3 0.85390625 0.586328125 0.0203125 0.05078125
0 0.851953125 0.64453125 0.18203125 0.0859375
3 0.669921875 0.658203125 0.02421875 0.19140625
3 0.297265625 0.66015625 0.03203125 0.2015625
3 0.48046875 0.6625 0.0296875 0.203125
3 0.103515625 0.662890625 0.03203125 0.20703125
3 0.85703125 0.717578125 0.0296875 0.08203125
10 0.510546875 0.75 0.93984375 0.09375
3 0.437109375 0.78515625 0.01796875 0.0703125
17 0.446484375 0.079296875 0.08046875 0.05859375
0 0.4375 0.845703125 0.190625 0.08203125
3 0.4375 0.90625 0.021875 0.05625
8 0.435546875 0.9640625 0.11796875 0.071875
3 0.44765625 0.133984375 0.0296875 0.05859375
0 0.44375 0.19140625 0.234375 0.0796875
