3 0.44453125 0.25703125 0.0203125 0.0765625
18 0.45625 0.03046875 0.475 0.0453125
5 0.4515625 0.33203125 0.240625 0.1296875
3 0.45 0.415625 0.025 0.078125
9 0.4828125 0.44296875 0.9125 0.0953125
3 0.8546875 0.47578125 0.028125 0.0546875
3 0.109375 0.475 0.025 0.059375
3 0.67265625 0.47578125 0.0296875 0.0609375
3 0.29609375 0.47734375 0.0296875 0.0515625
3 0.48125 0.47734375 0.025 0.0484375
0 0.10390625 0.5296875 0.1828125 0.078125
0 0.47890625 0.53203125 0.1828125 0.0859375
0 0.6671875 0.53203125 0.184375 0.0828125
0 0.29375 0.53203125 0.18125 0.0796875
0 0.85859375 0.53515625 0.1890625 0.0796875
3 0.85390625 0.58671875 0.0203125 0.0515625
0 0.85234375 0.64453125 0.1828125 0.0859375
3 0.6703125 0.65859375 0.025 0.1921875
3 0.29765625 0.66015625 0.0328125 0.2015625
3 0.48046875 0.6625 0.0296875 0.203125
3 0.10390625 0.66328125 0.0328125 0.2078125
3 0.85703125 0.71796875 0.0296875 0.0828125
10 0.5109375 0.75 0.940625 0.09375
3 0.4375 0.78515625 0.01875 0.0703125
17 0.446875 0.0796875 0.08125 0.059375
0 0.4375 0.84609375 0.190625 0.0828125
3 0.4375 0.90625 0.021875 0.05625
8 0.4359375 0.9640625 0.11875 0.071875
3 0.44765625 0.134375 0.0296875 0.059375
0 0.44375 0.19140625 0.234375 0.0796875
