3 0.44453125 0.25703125 0.0203125 0.0765625
18 0.45625 0.03046875 0.475 0.0453125
5 0.4515625 0.33203125 0.240625 0.1296875
3 0.45 0.415625 0.025 0.078125
9 0.4828125 0.441796875 0.9125 0.09609375
3 0.8546875 0.474609375 0.028125 0.05546875
3 0.109375 0.475 0.025 0.059375
3 0.67265625 0.47578125 0.0296875 0.0609375
3 0.295703125 0.476171875 0.02890625 0.05234375
3 0.48125 0.47734375 0.025 0.0484375
0 0.103515625 0.5296875 0.18203125 0.078125
0 0.478515625 0.530859375 0.18203125 0.08671875
0 0.6671875 0.531640625 0.184375 0.08203125
0 0.29375 0.53203125 0.18125 0.0796875
0 0.857421875 0.533984375 0.18984375 0.08046875
3 0.85390625 0.585546875 0.0203125 0.05234375
0 0.85234375 0.64453125 0.1828125 0.0859375
3 0.6703125 0.658203125 0.025 0.19140625
3 0.297265625 0.659765625 0.03203125 0.20078125
3 0.480078125 0.6625 0.02890625 0.203125
3 0.10390625 0.662890625 0.0328125 0.20703125
3 0.85703125 0.716796875 0.0296875 0.08359375
10 0.5109375 0.75 0.940625 0.09375
3 0.4375 0.78515625 0.01875 0.0703125
17 0.446875 0.0796875 0.08125 0.059375
0 0.4375 0.844921875 0.190625 0.08359375
3 0.4375 0.90625 0.021875 0.05625
8 0.4359375 0.9640625 0.11875 0.071875
3 0.44765625 0.134375 0.0296875 0.059375
0 0.44375 0.190234375 0.234375 0.08046875
