3 0.44453125 0.25703125 0.0203125 0.0765625
18 0.45625 0.03046875 0.475 0.0453125
5 0.4515625 0.3318359375 0.240625 0.129296875
3 0.4494140625 0.415625 0.023828125 0.078125
9 0.4822265625 0.441796875 0.911328125 0.09609375
3 0.8546875 0.474609375 0.028125 0.05546875
3 0.1087890625 0.4748046875 0.023828125 0.058984375
3 0.67265625 0.47578125 0.0296875 0.0609375
3 0.295703125 0.4767578125 0.02890625 0.050390625
3 0.4810546875 0.47734375 0.024609375 0.0484375
0 0.1033203125 0.5296875 0.181640625 0.078125
0 0.4783203125 0.530859375 0.181640625 0.08671875
0 0.6671875 0.5314453125 0.184375 0.081640625
0 0.2931640625 0.53203125 0.180078125 0.0796875
0 0.8580078125 0.533984375 0.187890625 0.08046875
3 0.85390625 0.5861328125 0.0203125 0.050390625
0 0.8521484375 0.64453125 0.182421875 0.0859375
3 0.6697265625 0.6580078125 0.023828125 0.191015625
3 0.2970703125 0.659765625 0.031640625 0.20078125
3 0.480078125 0.6625 0.02890625 0.203125
3 0.1037109375 0.6626953125 0.032421875 0.206640625
3 0.85703125 0.7173828125 0.0296875 0.081640625
10 0.5103515625 0.75 0.939453125 0.09375
3 0.4373046875 0.78515625 0.018359375 0.0703125
17 0.4466796875 0.0794921875 0.080859375 0.058984375
0 0.4375 0.8455078125 0.190625 0.081640625
3 0.4375 0.90625 0.021875 0.05625
8 0.4357421875 0.9640625 0.118359375 0.071875
3 0.44765625 0.1341796875 0.0296875 0.058984375
0 0.44375 0.190234375 0.234375 0.08046875
