3 0.21171875 0.11640625 0.0234375 0.0296875
0 0.21171875 0.153125 0.1328125 0.05625
3 0.2125 0.190625 0.01875 0.04375
0 0.6734375 0.228125 0.134375 0.053125
3 0.44375 0.22890625 0.340625 0.0140625
0 0.21015625 0.23046875 0.1359375 0.0484375
3 0.67265625 0.2625 0.0203125 0.034375
5 0.67734375 0.29375 0.0703125 0.053125
3 0.46875 0.29609375 0.39375 0.0171875
0 0.2078125 0.3 0.125 0.046875
3 0.3953125 0.34921875 0.384375 0.0640625
0 0.6734375 0.36171875 0.1875 0.0546875
3 0.67578125 0.4 0.0140625 0.034375
5 0.67421875 0.42578125 0.0703125 0.0609375
3 0.4546875 0.42890625 0.41875 0.0171875
3 0.7328125 0.42890625 0.10625 0.0171875
9 0.21171875 0.434375 0.1171875 0.05
18 0.20703125 0.04609375 0.0765625 0.0203125
18 0.7140625 0.04609375 0.05 0.0203125
3 0.40625 0.471875 0.3875 0.071875
18 0.42734375 0.04765625 0.1203125 0.0171875
3 0.20234375 0.4921875 0.0265625 0.103125
0 0.67265625 0.49453125 0.1609375 0.0578125
3 0.784375 0.528125 0.01875 0.2125
3 0.57265625 0.5453125 0.2234375 0.05625
10 0.425 0.56484375 0.1375 0.0421875
0 0.2109375 0.56796875 0.1875 0.0515625
3 0.340625 0.5703125 0.096875 0.01875
3 0.42265625 0.5953125 0.0234375 0.046875
11 0.42890625 0.6265625 0.0890625 0.065625
3 0.61015625 0.62890625 0.3546875 0.0171875
3 0.425 0.65703125 0.01875 0.0421875
0 0.42421875 0.69765625 0.1328125 0.0546875
3 0.42578125 0.740625 0.0140625 0.046875
11 0.42578125 0.7703125 0.0796875 0.065625
3 0.6390625 0.778125 0.403125 0.021875
3 0.421875 0.8046875 0.01875 0.0375
0 0.42578125 0.84453125 0.1328125 0.0515625
0 0.2109375 0.84609375 0.1375 0.0546875
3 0.31484375 0.8484375 0.1015625 0.021875
3 0.2125 0.88515625 0.01875 0.0390625
17 0.21171875 0.09140625 0.0546875 0.0296875
8 0.21171875 0.915625 0.0609375 0.05
