3 0.211328125 0.11640625 0.02265625 0.0296875
0 0.210546875 0.153125 0.13359375 0.05625
3 0.2125 0.190625 0.01875 0.04375
0 0.6734375 0.228125 0.134375 0.053125
3 0.44375 0.228515625 0.340625 0.01328125
0 0.208984375 0.23046875 0.13671875 0.0484375
3 0.67265625 0.2625 0.0203125 0.034375
5 0.676171875 0.29375 0.07109375 0.053125
3 0.46875 0.295703125 0.39375 0.01640625
0 0.2078125 0.3 0.125 0.046875
3 0.3953125 0.348046875 0.384375 0.06484375
0 0.6734375 0.361328125 0.1875 0.05390625
3 0.675390625 0.4 0.01328125 0.034375
5 0.673046875 0.42578125 0.07109375 0.0609375
3 0.4546875 0.42890625 0.41875 0.0171875
3 0.7328125 0.42890625 0.10625 0.0171875
9 0.21171875 0.434375 0.1171875 0.05
18 0.206640625 0.044921875 0.07578125 0.02109375
18 0.7140625 0.04609375 0.05 0.0203125
3 0.40625 0.471875 0.3875 0.071875
18 0.426171875 0.04765625 0.12109375 0.0171875
3 0.201171875 0.4921875 0.02734375 0.103125
0 0.67265625 0.494140625 0.1609375 0.05703125
3 0.784375 0.528125 0.01875 0.2125
3 0.571484375 0.5453125 0.22421875 0.05625
10 0.425 0.56484375 0.1375 0.0421875
0 0.2109375 0.566796875 0.1875 0.05234375
3 0.340625 0.5703125 0.096875 0.01875
3 0.42265625 0.5953125 0.0234375 0.046875
11 0.42890625 0.6265625 0.0890625 0.065625
3 0.608984375 0.627734375 0.35546875 0.01796875
3 0.425 0.655859375 0.01875 0.04296875
0 0.423046875 0.696484375 0.13359375 0.05546875
3 0.425390625 0.740625 0.01328125 0.046875
11 0.42578125 0.7703125 0.0796875 0.065625
3 0.6390625 0.778125 0.403125 0.021875
3 0.421875 0.8046875 0.01875 0.0375
0 0.42578125 0.844140625 0.1328125 0.05078125
0 0.2109375 0.845703125 0.1375 0.05390625
3 0.31484375 0.8484375 0.1015625 0.021875
3 0.2125 0.884765625 0.01875 0.03828125
17 0.211328125 0.09140625 0.05390625 0.0296875
8 0.211328125 0.915625 0.06015625 0.05
