1 0.3091796875 0.15703125 0.102734375 0.0921875
1 0.149609375 0.1578125 0.10546875 0.090625
17 0.0650390625 0.1578125 0.026953125 0.05625
3 0.088671875 0.15859375 0.03359375 0.0296875
3 0.4529296875 0.1623046875 0.190234375 0.037109375
11 0.56640625 0.16328125 0.0671875 0.1203125
3 0.7060546875 0.1666015625 0.258984375 0.058203125
3 0.2455078125 0.1708984375 0.031640625 0.063671875
3 0.21171875 0.1767578125 0.0328125 0.056640625
0 0.829296875 0.2365234375 0.10234375 0.098046875
0 0.2330078125 0.241796875 0.103515625 0.09609375
3 0.8306640625 0.2912109375 0.014453125 0.035546875
3 0.2384765625 0.3154296875 0.033203125 0.071484375
3 0.5625 0.3279296875 0.015625 0.290234375
3 0.794140625 0.3369140625 0.04453125 0.030078125
5 0.832421875 0.33828125 0.05234375 0.0953125
1 0.63359375 0.3392578125 0.1078125 0.087890625
1 0.3033203125 0.33984375 0.100390625 0.0953125
3 0.709765625 0.3412109375 0.05703125 0.023046875
3 0.3818359375 0.3412109375 0.060546875 0.048046875
5 0.751171875 0.3427734375 0.05234375 0.116796875
3 0.6427734375 0.375 0.007421875 0.003125
0 0.4041015625 0.401171875 0.101953125 0.09609375
3 0.635546875 0.4484375 0.01484375 0.15
3 0.40625 0.478125 0.015625 0.08125
3 0.75234375 0.4921875 0.0171875 0.25625
1 0.46171875 0.4998046875 0.1046875 0.102734375
5 0.559375 0.5009765625 0.05625 0.111328125
3 0.528515625 0.5037109375 0.03828125 0.032421875
0 0.6345703125 0.5572265625 0.100390625 0.098828125
3 0.5623046875 0.58828125 0.008984375 0.1046875
3 0.59765625 0.6189453125 0.0921875 0.031640625
1 0.753125 0.65625 0.10625 0.09375
3 0.778125 0.753125 0.0625 0.121875
0 0.851171875 0.7919921875 0.10234375 0.102734375
8 0.946875 0.79453125 0.03125 0.0703125
3 0.917578125 0.796484375 0.03515625 0.02421875
