1 0.308984375 0.15703125 0.10234375 0.0921875
1 0.15078125 0.1578125 0.1046875 0.090625
17 0.065234375 0.1578125 0.02734375 0.05625
3 0.08984375 0.15859375 0.0328125 0.0296875
3 0.452734375 0.162109375 0.18984375 0.03671875
11 0.56640625 0.16328125 0.0671875 0.1203125
3 0.705859375 0.166796875 0.25859375 0.05859375
3 0.245703125 0.170703125 0.03203125 0.06328125
3 0.21171875 0.176953125 0.0328125 0.05703125
0 0.83046875 0.236328125 0.1015625 0.09765625
0 0.233203125 0.24296875 0.10390625 0.0953125
3 0.830859375 0.291015625 0.01484375 0.03515625
3 0.238671875 0.315234375 0.03359375 0.07109375
3 0.5625 0.327734375 0.015625 0.28984375
3 0.79453125 0.337109375 0.0453125 0.03046875
5 0.83359375 0.33828125 0.0515625 0.0953125
1 0.63359375 0.339453125 0.1078125 0.08828125
1 0.303515625 0.33984375 0.10078125 0.0953125
3 0.71015625 0.341015625 0.0578125 0.02265625
3 0.381640625 0.341015625 0.06015625 0.04765625
5 0.75234375 0.342578125 0.0515625 0.11640625
3 0.642578125 0.375 0.00703125 0.003125
0 0.404296875 0.40234375 0.10234375 0.0953125
3 0.63671875 0.4484375 0.0140625 0.15
3 0.40625 0.478125 0.015625 0.08125
3 0.75234375 0.4921875 0.0171875 0.25625
1 0.46171875 0.499609375 0.1046875 0.10234375
5 0.559375 0.501171875 0.05625 0.11171875
3 0.52890625 0.503515625 0.0390625 0.03203125
0 0.634765625 0.557421875 0.10078125 0.09921875
3 0.562109375 0.58828125 0.00859375 0.1046875
3 0.59765625 0.619140625 0.0921875 0.03203125
1 0.753125 0.65625 0.10625 0.09375
3 0.778125 0.753125 0.0625 0.121875
0 0.85234375 0.791796875 0.1015625 0.10234375
8 0.946875 0.79453125 0.03125 0.0703125
3 0.91796875 0.79765625 0.0359375 0.0234375
