18 0.5015625 0.13125 0.084375 0.040625
18 0.791796875 0.130859375 0.10546875 0.03046875
17 0.198828125 0.165625 0.03828125 0.046875
3 0.19921875 0.19765625 0.0171875 0.0328125
0 0.19921875 0.25234375 0.1609375 0.0953125
0 0.49140625 0.254296875 0.1609375 0.08984375
3 0.345703125 0.25546875 0.15390625 0.0328125
18 0.49765625 0.031640625 0.3390625 0.05703125
3 0.34921875 0.31171875 0.3109375 0.0390625
0 0.198046875 0.3625 0.16171875 0.0875
3 0.377734375 0.369921875 0.20546875 0.05234375
9 0.622265625 0.39140625 0.51015625 0.0890625
3 0.475 0.416015625 0.0125 0.03828125
3 0.80390625 0.423046875 0.0140625 0.03046875
5 0.802734375 0.46875 0.09296875 0.1
0 0.473046875 0.471875 0.15859375 0.09375
3 0.666015625 0.49765625 0.22265625 0.0859375
3 0.84609375 0.5015625 0.0421875 0.075
2 0.233203125 0.526953125 0.16953125 0.13203125
0 0.564453125 0.580859375 0.15078125 0.08984375
0 0.85625 0.583203125 0.159375 0.09140625
3 0.47265625 0.610546875 0.0140625 0.21171875
3 0.79296875 0.646484375 0.1390625 0.05859375
3 0.6140625 0.65 0.10625 0.0625
11 0.68984375 0.65859375 0.0953125 0.0953125
2 0.231640625 0.673828125 0.16328125 0.13203125
3 0.69453125 0.705078125 0.0140625 0.03515625
10 0.576953125 0.72890625 0.32578125 0.0609375
3 0.5453125 0.7515625 0.01875 0.034375
0 0.546484375 0.799609375 0.16171875 0.09296875
3 0.371484375 0.81640625 0.20234375 0.0671875
0 0.19765625 0.837890625 0.1609375 0.09140625
3 0.198828125 0.89375 0.01640625 0.046875
18 0.499609375 0.089453125 0.21484375 0.03515625
8 0.196875 0.938671875 0.053125 0.06484375
18 0.202734375 0.123828125 0.10234375 0.03828125
