18 0.5015625 0.13125 0.084375 0.040625
18 0.7919921875 0.1306640625 0.105859375 0.030078125
17 0.1986328125 0.165625 0.037890625 0.046875
3 0.198828125 0.197265625 0.01640625 0.03203125
0 0.198828125 0.251171875 0.16015625 0.09609375
0 0.490234375 0.2544921875 0.16171875 0.090234375
3 0.3455078125 0.254296875 0.153515625 0.03359375
18 0.49765625 0.0314453125 0.3390625 0.056640625
3 0.348828125 0.31171875 0.31015625 0.0390625
0 0.1982421875 0.3625 0.162109375 0.0875
3 0.3775390625 0.3701171875 0.205078125 0.052734375
9 0.6220703125 0.391015625 0.509765625 0.08828125
3 0.475 0.4162109375 0.0125 0.038671875
3 0.80390625 0.4228515625 0.0140625 0.030078125
5 0.8025390625 0.46875 0.092578125 0.1
0 0.4728515625 0.471875 0.158203125 0.09375
3 0.6658203125 0.49765625 0.222265625 0.0859375
3 0.84609375 0.5015625 0.0421875 0.075
2 0.2330078125 0.5267578125 0.169140625 0.131640625
0 0.5646484375 0.5806640625 0.151171875 0.089453125
0 0.85625 0.5833984375 0.159375 0.091796875
3 0.47265625 0.6107421875 0.0140625 0.212109375
3 0.791796875 0.6462890625 0.13984375 0.058203125
3 0.6140625 0.65 0.10625 0.0625
11 0.68984375 0.657421875 0.0953125 0.09609375
2 0.2318359375 0.6740234375 0.163671875 0.132421875
3 0.694140625 0.7048828125 0.01328125 0.034765625
10 0.5767578125 0.727734375 0.325390625 0.06171875
3 0.5453125 0.7515625 0.01875 0.034375
0 0.5466796875 0.7998046875 0.162109375 0.093359375
3 0.3716796875 0.81640625 0.202734375 0.0671875
0 0.196484375 0.8376953125 0.16171875 0.091015625
3 0.1990234375 0.89375 0.016796875 0.046875
18 0.4994140625 0.0896484375 0.214453125 0.035546875
8 0.196875 0.9384765625 0.053125 0.064453125
18 0.2025390625 0.1240234375 0.101953125 0.038671875
