18 0.5015625 0.13125 0.084375 0.040625
18 0.7921875 0.13125 0.10625 0.03125
17 0.198046875 0.165625 0.03984375 0.046875
3 0.198828125 0.197265625 0.01640625 0.03203125
0 0.198828125 0.251171875 0.16015625 0.09609375
0 0.490234375 0.2546875 0.16171875 0.090625
3 0.345703125 0.254296875 0.15390625 0.03359375
18 0.49765625 0.031640625 0.3390625 0.05703125
3 0.348828125 0.31171875 0.31015625 0.0390625
0 0.1984375 0.3625 0.1625 0.0875
3 0.378125 0.3703125 0.20625 0.053125
9 0.621484375 0.391015625 0.51171875 0.08828125
3 0.475 0.41640625 0.0125 0.0390625
3 0.80390625 0.4234375 0.0140625 0.03125
5 0.803125 0.46875 0.09375 0.1
0 0.4734375 0.471875 0.159375 0.09375
3 0.665234375 0.49765625 0.22421875 0.0859375
3 0.84609375 0.5015625 0.0421875 0.075
2 0.2328125 0.526171875 0.16875 0.13359375
0 0.56484375 0.58125 0.1515625 0.090625
0 0.85625 0.584375 0.159375 0.090625
3 0.47265625 0.6109375 0.0140625 0.2125
3 0.791796875 0.646875 0.13984375 0.059375
3 0.6140625 0.65 0.10625 0.0625
11 0.68984375 0.657421875 0.0953125 0.09609375
2 0.23203125 0.67421875 0.1640625 0.1328125
3 0.694140625 0.705078125 0.01328125 0.03515625
10 0.576171875 0.727734375 0.32734375 0.06171875
3 0.5453125 0.7515625 0.01875 0.034375
0 0.546875 0.8 0.1625 0.09375
3 0.372265625 0.81640625 0.20078125 0.0671875
0 0.196484375 0.8375 0.16171875 0.090625
3 0.19921875 0.89375 0.0171875 0.046875
18 0.5 0.08984375 0.215625 0.0359375
8 0.196875 0.9390625 0.053125 0.065625
18 0.20234375 0.12421875 0.1015625 0.0390625
