3 0.48125 0.87578125 0.03125 0.0359375
1 0.478125 0.9078125 0.153125 0.05
3 0.477734375 0.9375 0.02421875 0.03125
8 0.484375 0.961328125 0.09375 0.04765625
0 0.475 0.110546875 0.15625 0.04609375
3 0.477734375 0.153515625 0.02421875 0.06328125
9 0.4640625 0.190234375 0.484375 0.06796875
3 0.319140625 0.220703125 0.03828125 0.06015625
3 0.6046875 0.2578125 0.034375 0.125
1 0.3203125 0.26953125 0.146875 0.0484375
3 0.321875 0.301171875 0.04375 0.03984375
1 0.32578125 0.33828125 0.2078125 0.0421875
1 0.6078125 0.3390625 0.159375 0.046875
17 0.480078125 0.037890625 0.08515625 0.04453125
3 0.31796875 0.37265625 0.0359375 0.0359375
3 0.6046875 0.4046875 0.034375 0.103125
1 0.3125 0.41015625 0.159375 0.0484375
3 0.3125 0.44453125 0.03125 0.0390625
10 0.4703125 0.465625 0.56875 0.05
3 0.467578125 0.488671875 0.05390625 0.03984375
1 0.434765625 0.5234375 0.15703125 0.046875
3 0.456640625 0.5609375 0.06328125 0.0375
9 0.48359375 0.57890625 0.4890625 0.0546875
3 0.36328125 0.6390625 0.0421875 0.103125
3 0.6453125 0.640625 0.04375 0.109375
2 0.626171875 0.6640625 0.18359375 0.053125
2 0.3421875 0.665234375 0.178125 0.04921875
3 0.48125 0.06796875 0.03125 0.0515625
5 0.356640625 0.690625 0.15078125 0.078125
2 0.88203125 0.7 0.1765625 0.059375
5 0.6296875 0.701171875 0.121875 0.05234375
3 0.265625 0.71328125 0.14375 0.0578125
2 0.11875 0.715625 0.159375 0.053125
3 0.734375 0.7171875 0.15625 0.04375
2 0.38203125 0.7515625 0.1703125 0.05625
3 0.3671875 0.753515625 0.046875 0.08203125
2 0.630078125 0.75390625 0.17265625 0.0421875
3 0.64609375 0.75390625 0.0453125 0.0859375
1 0.79609375 0.759375 0.1609375 0.05
1 0.2078125 0.7625 0.16875 0.05
3 0.734375 0.8 0.15 0.04375
3 0.26328125 0.8 0.1390625 0.046875
11 0.6453125 0.803515625 0.13125 0.05703125
11 0.3640625 0.8046875 0.121875 0.0625
3 0.3578125 0.83046875 0.028125 0.0359375
3 0.6375 0.833984375 0.028125 0.03671875
10 0.4875 0.8546875 0.53125 0.053125
