3 0.48125 0.87578125 0.03125 0.0359375
1 0.478125 0.9078125 0.153125 0.05
3 0.477734375 0.9369140625 0.02421875 0.030078125
8 0.484375 0.9611328125 0.09375 0.047265625
0 0.4740234375 0.110546875 0.157421875 0.04609375
3 0.477734375 0.153515625 0.02421875 0.06328125
9 0.4638671875 0.1908203125 0.483984375 0.066015625
3 0.3189453125 0.220703125 0.037890625 0.06015625
3 0.6041015625 0.2578125 0.033203125 0.125
1 0.3203125 0.2693359375 0.146875 0.048046875
3 0.3212890625 0.301171875 0.042578125 0.03984375
1 0.3255859375 0.33828125 0.207421875 0.0421875
1 0.6072265625 0.3392578125 0.158203125 0.047265625
17 0.4798828125 0.0376953125 0.084765625 0.044140625
3 0.3177734375 0.37265625 0.035546875 0.0359375
3 0.6041015625 0.4046875 0.033203125 0.103125
1 0.3119140625 0.41015625 0.158203125 0.0484375
3 0.3125 0.44453125 0.03125 0.0390625
10 0.4701171875 0.4650390625 0.568359375 0.048828125
3 0.467578125 0.488671875 0.05390625 0.03984375
1 0.4345703125 0.5232421875 0.156640625 0.046484375
3 0.4564453125 0.5609375 0.062890625 0.0375
9 0.4833984375 0.5791015625 0.488671875 0.055078125
3 0.3630859375 0.6390625 0.041796875 0.103125
3 0.6447265625 0.6396484375 0.042578125 0.110546875
2 0.6267578125 0.6638671875 0.181640625 0.052734375
2 0.3421875 0.665234375 0.178125 0.04921875
3 0.48125 0.0681640625 0.03125 0.051953125
5 0.356640625 0.6904296875 0.15078125 0.077734375
2 0.88203125 0.7 0.1765625 0.059375
5 0.6296875 0.7017578125 0.121875 0.050390625
3 0.2654296875 0.71328125 0.143359375 0.0578125
2 0.1185546875 0.715625 0.158984375 0.053125
3 0.734375 0.7162109375 0.15625 0.044921875
2 0.38203125 0.7513671875 0.1703125 0.055859375
3 0.3671875 0.753515625 0.046875 0.08203125
2 0.630078125 0.75390625 0.17265625 0.0421875
3 0.64609375 0.75390625 0.0453125 0.0859375
1 0.7958984375 0.759375 0.160546875 0.05
1 0.2072265625 0.7619140625 0.167578125 0.048828125
3 0.734375 0.8 0.15 0.04375
3 0.2630859375 0.7998046875 0.138671875 0.046484375
11 0.6453125 0.8033203125 0.13125 0.056640625
11 0.3640625 0.8046875 0.121875 0.0625
3 0.3578125 0.8302734375 0.028125 0.035546875
3 0.6375 0.833984375 0.028125 0.03671875
10 0.4875 0.8541015625 0.53125 0.051953125
