3 0.8984375 0.1390625 0.059375 0.096875
17 0.046875 0.184765625 0.040625 0.06328125
0 0.4171875 0.18515625 0.115625 0.0890625
0 0.171875 0.1859375 0.115625 0.090625
3 0.50625 0.1859375 0.06875 0.034375
3 0.340625 0.1875 0.053125 0.03125
9 0.70234375 0.1875 0.0296875 0.159375
3 0.08828125 0.18828125 0.0671875 0.0234375
3 0.2484375 0.1890625 0.053125 0.03125
5 0.29453125 0.1890625 0.0671875 0.1
0 0.5921875 0.190625 0.1125 0.0875
3 0.671875 0.18984375 0.059375 0.0265625
10 0.928125 0.19765625 0.028125 0.1484375
3 0.896875 0.24375 0.065625 0.065625
3 0.735546875 0.2484375 0.05234375 0.071875
0 0.8140625 0.265625 0.1125 0.084375
3 0.235546875 0.278125 0.13984375 0.10625
3 0.9484375 0.39375 0.01875 0.39375
3 0.9125 0.43984375 0.090625 0.2984375
0 0.31171875 0.508984375 0.1140625 0.09296875
3 0.40703125 0.5171875 0.0859375 0.059375
3 0.228125 0.518359375 0.065625 0.04296875
0 0.598046875 0.565625 0.11484375 0.090625
0 0.07890625 0.56796875 0.1140625 0.0890625
0 0.598828125 0.56875 0.11015625 0.090625
10 0.19765625 0.56875 0.0484375 0.184375
3 0.7078125 0.5703125 0.115625 0.034375
0 0.8171875 0.5703125 0.115625 0.090625
3 0.16015625 0.56953125 0.0609375 0.0421875
3 0.50078125 0.5703125 0.0890625 0.03125
9 0.45078125 0.5734375 0.0515625 0.190625
3 0.40625 0.61875 0.090625 0.0625
3 0.2296875 0.620703125 0.059375 0.04765625
0 0.3125 0.63515625 0.1125 0.0984375
3 0.0796875 0.670703125 0.0125 0.13515625
0 0.079296875 0.77265625 0.11484375 0.0859375
3 0.08046875 0.859375 0.0171875 0.10625
8 0.08046875 0.930859375 0.0296875 0.04921875
0 0.816015625 0.117578125 0.11328125 0.09140625
3 0.7375 0.1265625 0.059375 0.06875
