3 0.8978515625 0.1388671875 0.058203125 0.096484375
17 0.0458984375 0.1845703125 0.041796875 0.062890625
0 0.4171875 0.1849609375 0.115625 0.088671875
0 0.1712890625 0.1853515625 0.114453125 0.089453125
3 0.5056640625 0.1859375 0.067578125 0.034375
3 0.340625 0.1875 0.053125 0.03125
9 0.70234375 0.1875 0.0296875 0.159375
3 0.08828125 0.18828125 0.0671875 0.0234375
3 0.2482421875 0.1890625 0.052734375 0.03125
5 0.29453125 0.1890625 0.0671875 0.1
0 0.5919921875 0.1900390625 0.112109375 0.086328125
3 0.6716796875 0.18984375 0.058984375 0.0265625
10 0.9275390625 0.1974609375 0.026953125 0.148046875
3 0.896875 0.24375 0.065625 0.065625
3 0.7357421875 0.2482421875 0.052734375 0.071484375
0 0.8134765625 0.265625 0.111328125 0.084375
3 0.2361328125 0.278125 0.137890625 0.10625
3 0.9478515625 0.39375 0.017578125 0.39375
3 0.9125 0.4396484375 0.090625 0.298046875
0 0.31171875 0.508984375 0.1140625 0.09296875
3 0.4068359375 0.5171875 0.085546875 0.059375
3 0.2279296875 0.518359375 0.065234375 0.04296875
0 0.598046875 0.5654296875 0.11484375 0.090234375
0 0.07890625 0.5677734375 0.1140625 0.088671875
0 0.598828125 0.5685546875 0.11015625 0.090234375
10 0.19765625 0.5689453125 0.0484375 0.184765625
3 0.7078125 0.5703125 0.115625 0.034375
0 0.8171875 0.5697265625 0.115625 0.089453125
3 0.1599609375 0.56953125 0.060546875 0.0421875
3 0.5005859375 0.5701171875 0.088671875 0.030859375
9 0.4505859375 0.5728515625 0.051171875 0.189453125
3 0.4060546875 0.6181640625 0.090234375 0.061328125
3 0.2296875 0.620703125 0.059375 0.04765625
0 0.3125 0.63515625 0.1125 0.0984375
3 0.0798828125 0.6705078125 0.012890625 0.134765625
0 0.0798828125 0.7728515625 0.112890625 0.086328125
3 0.0802734375 0.859375 0.016796875 0.10625
8 0.08046875 0.9314453125 0.0296875 0.047265625
0 0.8158203125 0.117578125 0.112890625 0.09140625
3 0.7369140625 0.1265625 0.058203125 0.06875
