0 0.455859375 0.7298828125 0.14296875 0.053515625
3 0.265625 0.7345703125 0.2625 0.037890625
0 0.1552734375 0.7646484375 0.154296875 0.051171875
3 0.15625 0.8103515625 0.021875 0.048828125
8 0.1544921875 0.85 0.071484375 0.053125
17 0.1525390625 0.134765625 0.051953125 0.05078125
3 0.1568359375 0.16015625 0.023046875 0.0421875
0 0.1541015625 0.1984375 0.136328125 0.05
3 0.1568359375 0.228125 0.026171875 0.03125
18 0.1763671875 0.02421875 0.321484375 0.0296875
0 0.7625 0.2640625 0.15 0.05
3 0.46015625 0.26484375 0.4828125 0.0265625
0 0.1578125 0.2654296875 0.140625 0.046484375
3 0.7642578125 0.307421875 0.019140625 0.05859375
3 0.4828125 0.3505859375 0.5125 0.023046875
5 0.7625 0.3517578125 0.071875 0.062890625
0 0.1625 0.353515625 0.15 0.05703125
3 0.84140625 0.3556640625 0.1234375 0.023828125
3 0.4291015625 0.3984375 0.545703125 0.05625
0 0.7572265625 0.406640625 0.145703125 0.05703125
3 0.8990234375 0.4203125 0.026171875 0.18125
3 0.76484375 0.433984375 0.0171875 0.03046875
5 0.7578125 0.465625 0.084375 0.065625
3 0.8205078125 0.4845703125 0.078515625 0.047265625
3 0.4607421875 0.4951171875 0.565234375 0.090234375
10 0.8767578125 0.5056640625 0.100390625 0.064453125
9 0.165625 0.5427734375 0.103125 0.044921875
18 0.5029296875 0.05546875 0.077734375 0.0296875
3 0.4455078125 0.5625 0.519140625 0.03125
0 0.7619140625 0.5619140625 0.151953125 0.048828125
3 0.84609375 0.5779296875 0.0171875 0.118359375
3 0.638671875 0.5955078125 0.28984375 0.022265625
0 0.1646484375 0.5962890625 0.144921875 0.048828125
3 0.3443359375 0.5966796875 0.248046875 0.024609375
10 0.4826171875 0.6015625 0.115234375 0.065625
3 0.6615234375 0.6279296875 0.379296875 0.024609375
3 0.461328125 0.63203125 0.01640625 0.0296875
0 0.46015625 0.663671875 0.1453125 0.05234375
18 0.171484375 0.0662109375 0.09296875 0.038671875
18 0.82265625 0.066796875 0.0640625 0.03984375
3 0.4591796875 0.6984375 0.024609375 0.03125
