0 0.45703125 0.730078125 0.1421875 0.05390625
3 0.265625 0.734765625 0.2625 0.03828125
0 0.155078125 0.764453125 0.15390625 0.05078125
3 0.15625 0.810546875 0.021875 0.04921875
8 0.154296875 0.85 0.07109375 0.053125
17 0.152734375 0.13515625 0.05234375 0.0515625
3 0.156640625 0.16015625 0.02265625 0.0421875
0 0.154296875 0.1984375 0.13671875 0.05
3 0.156640625 0.228125 0.02578125 0.03125
18 0.176171875 0.02421875 0.32109375 0.0296875
0 0.7625 0.2640625 0.15 0.05
3 0.46015625 0.26484375 0.4828125 0.0265625
0 0.1578125 0.265234375 0.140625 0.04609375
3 0.764453125 0.30859375 0.01953125 0.0578125
3 0.4828125 0.350390625 0.5125 0.02265625
5 0.7625 0.351953125 0.071875 0.06328125
0 0.1625 0.35390625 0.15 0.0578125
3 0.84140625 0.355859375 0.1234375 0.02421875
3 0.429296875 0.3984375 0.54609375 0.05625
0 0.757421875 0.40703125 0.14609375 0.0578125
3 0.898828125 0.4203125 0.02578125 0.18125
3 0.76484375 0.43515625 0.0171875 0.0296875
5 0.7578125 0.465625 0.084375 0.065625
3 0.820703125 0.484765625 0.07890625 0.04765625
3 0.460546875 0.494921875 0.56484375 0.08984375
10 0.876953125 0.505859375 0.10078125 0.06484375
9 0.165625 0.542578125 0.103125 0.04453125
18 0.502734375 0.05546875 0.07734375 0.0296875
3 0.445703125 0.5625 0.51953125 0.03125
0 0.762109375 0.562109375 0.15234375 0.04921875
3 0.84609375 0.577734375 0.0171875 0.11796875
3 0.63984375 0.595703125 0.2890625 0.02265625
0 0.164453125 0.596484375 0.14453125 0.04921875
3 0.344140625 0.596484375 0.24765625 0.02421875
10 0.482421875 0.6015625 0.11484375 0.065625
3 0.661328125 0.627734375 0.37890625 0.02421875
3 0.46171875 0.63203125 0.0171875 0.0296875
0 0.46015625 0.66484375 0.1453125 0.0515625
18 0.17265625 0.066015625 0.0921875 0.03828125
18 0.82265625 0.06796875 0.0640625 0.0390625
3 0.458984375 0.6984375 0.02421875 0.03125
