2 0.659765625 0.186328125 0.11953125 0.06328125
2 0.176171875 0.20078125 0.11796875 0.0609375
17 0.072265625 0.203515625 0.04453125 0.06640625
3 0.0703125 0.24296875 0.0125 0.0640625
5 0.32265625 0.2546875 0.0734375 0.065625
3 0.3796875 0.253515625 0.071875 0.01328125
3 0.20859375 0.269140625 0.2015625 0.07265625
3 0.21796875 0.270703125 0.0078125 0.00078125
0 0.862109375 0.282421875 0.12109375 0.05234375
3 0.743359375 0.2859375 0.13046875 0.01875
3 0.544921875 0.287109375 0.06796875 0.02109375
3 0.328125 0.28984375 0.021875 0.0609375
0 0.626171875 0.289453125 0.11796875 0.05703125
0 0.0703125 0.29375 0.090625 0.059375
3 0.40234375 0.33125 0.0171875 0.18125
3 0.188671875 0.333203125 0.17734375 0.05390625
18 0.221484375 0.03515625 0.41796875 0.0359375
3 0.794140625 0.342578125 0.15390625 0.06640625
0 0.326953125 0.34296875 0.11953125 0.0546875
3 0.614453125 0.358203125 0.00078125 0.00078125
0 0.677734375 0.359765625 0.08984375 0.05390625
3 0.609765625 0.361328125 0.07890625 0.01953125
3 0.48828125 0.365234375 0.0484375 0.02734375
9 0.5125 0.36640625 0.059375 0.2578125
2 0.140625 0.38671875 0.075 0.0609375
3 0.213671875 0.428125 0.17734375 0.034375
9 0.137109375 0.44375 0.18359375 0.071875
0 0.40234375 0.446875 0.1140625 0.059375
0 0.81953125 0.4515625 0.0953125 0.059375
3 0.249609375 0.4515625 0.05546875 0.01875
3 0.464453125 0.45234375 0.01328125 0.2234375
3 0.728515625 0.451953125 0.10078125 0.02265625
3 0.886328125 0.453125 0.05390625 0.01875
0 0.628125 0.45390625 0.11875 0.0546875
3 0.544921875 0.454296875 0.06171875 0.02421875
3 0.2796875 0.467578125 0.003125 0.02890625
3 0.294921875 0.48046875 0.02109375 0.1484375
3 0.400390625 0.498828125 0.01953125 0.06328125
3 0.077734375 0.498046875 0.01484375 0.08359375
3 0.193359375 0.498828125 0.01484375 0.08828125
3 0.2734375 0.5421875 0.01875 0.2
5 0.40625 0.54765625 0.071875 0.0703125
3 0.330859375 0.55234375 0.10546875 0.0234375
3 0.453125 0.554296875 0.065625 0.01796875
0 0.0765625 0.56328125 0.090625 0.0609375
0 0.19609375 0.56328125 0.0859375 0.0546875
3 0.280078125 0.605078125 0.00390625 0.00078125
3 0.197265625 0.6265625 0.01640625 0.08125
0 0.391015625 0.63828125 0.11953125 0.0546875
3 0.302734375 0.638671875 0.08046875 0.02109375
2 0.643359375 0.640625 0.12109375 0.059375
2 0.64140625 0.64296875 0.1234375 0.0640625
2 0.233984375 0.65390625 0.06484375 0.0703125
3 0.160546875 0.65625 0.08359375 0.025
3 0.078515625 0.676953125 0.01328125 0.20078125
3 0.387109375 0.6859375 0.01484375 0.059375
3 0.13125 0.712109375 0.021875 0.12421875
2 0.866015625 0.728515625 0.11953125 0.06328125
3 0.28984375 0.734765625 0.2203125 0.08203125
3 0.1703125 0.74765625 0.015625 0.0609375
18 0.38125 0.0765625 0.084375 0.025
18 0.850390625 0.076171875 0.03828125 0.02109375
18 0.61171875 0.078125 0.0546875 0.028125
18 0.13671875 0.078125 0.0421875 0.034375
10 0.130078125 0.77890625 0.16953125 0.0546875
8 0.226171875 0.83671875 0.05234375 0.0546875
0 0.126953125 0.840234375 0.09765625 0.04921875
