2 0.66015625 0.18671875 0.1203125 0.0640625
2 0.1765625 0.20078125 0.11875 0.0609375
17 0.0734375 0.20390625 0.04375 0.0671875
3 0.0703125 0.24296875 0.0125 0.0640625
5 0.32265625 0.2546875 0.0734375 0.065625
3 0.3796875 0.25390625 0.071875 0.0140625
3 0.20859375 0.26953125 0.2015625 0.0734375
0 0.8625 0.2828125 0.121875 0.053125
3 0.74375 0.2859375 0.13125 0.01875
3 0.54609375 0.2875 0.0671875 0.021875
3 0.328125 0.28984375 0.021875 0.0609375
0 0.6265625 0.28984375 0.11875 0.0578125
0 0.0703125 0.29375 0.090625 0.059375
3 0.40234375 0.33125 0.0171875 0.18125
3 0.1890625 0.33359375 0.178125 0.0546875
18 0.221875 0.03515625 0.41875 0.0359375
3 0.7953125 0.34296875 0.153125 0.0671875
0 0.3265625 0.34296875 0.11875 0.0546875
0 0.678125 0.36015625 0.090625 0.0546875
3 0.61015625 0.36171875 0.0796875 0.0203125
3 0.48828125 0.365625 0.0484375 0.028125
9 0.5125 0.36640625 0.059375 0.2578125
2 0.140625 0.38671875 0.075 0.0609375
3 0.2140625 0.428125 0.178125 0.034375
9 0.1375 0.44375 0.184375 0.071875
0 0.40234375 0.446875 0.1140625 0.059375
0 0.81953125 0.4515625 0.0953125 0.059375
3 0.25 0.4515625 0.05625 0.01875
3 0.46484375 0.45234375 0.0140625 0.2234375
3 0.72890625 0.45234375 0.1015625 0.0234375
3 0.88671875 0.453125 0.0546875 0.01875
0 0.628125 0.45390625 0.11875 0.0546875
3 0.5453125 0.4546875 0.0625 0.025
3 0.2796875 0.46796875 0.003125 0.0296875
3 0.2953125 0.48046875 0.021875 0.1484375
3 0.40078125 0.49921875 0.0203125 0.0640625
3 0.07734375 0.49921875 0.0140625 0.0828125
3 0.19375 0.49921875 0.015625 0.0890625
3 0.2734375 0.5421875 0.01875 0.2
5 0.40625 0.54765625 0.071875 0.0703125
3 0.33125 0.55234375 0.10625 0.0234375
3 0.453125 0.5546875 0.065625 0.01875
0 0.0765625 0.56328125 0.090625 0.0609375
0 0.19609375 0.56328125 0.0859375 0.0546875
3 0.28046875 0.60546875 0.0046875 0.0015625
3 0.19765625 0.6265625 0.0171875 0.08125
0 0.39140625 0.63828125 0.1203125 0.0546875
3 0.30234375 0.63828125 0.0796875 0.0203125
2 0.64375 0.640625 0.121875 0.059375
2 0.64140625 0.64296875 0.1234375 0.0640625
2 0.234375 0.65390625 0.065625 0.0703125
3 0.1609375 0.65625 0.084375 0.025
3 0.07890625 0.678125 0.0140625 0.2
3 0.3875 0.6859375 0.015625 0.059375
3 0.13125 0.7125 0.021875 0.125
2 0.86640625 0.72890625 0.1203125 0.0640625
3 0.28984375 0.73515625 0.2203125 0.0828125
3 0.1703125 0.74765625 0.015625 0.0609375
18 0.38125 0.0765625 0.084375 0.025
18 0.85078125 0.07578125 0.0390625 0.0203125
18 0.61171875 0.078125 0.0546875 0.028125
18 0.13671875 0.078125 0.0421875 0.034375
10 0.13046875 0.77890625 0.1703125 0.0546875
8 0.2265625 0.83671875 0.053125 0.0546875
0 0.12734375 0.840625 0.0984375 0.05
