17 0.07109375 0.200390625 0.0265625 0.04453125
8 0.230859375 0.83828125 0.02421875 0.0390625
1 0.176171875 0.199609375 0.11171875 0.06484375
0 0.069140625 0.296875 0.08203125 0.059375
0 0.328515625 0.34375 0.11328125 0.05625
0 0.62890625 0.28359375 0.1078125 0.0578125
0 0.403125 0.446484375 0.1125 0.05546875
0 0.86328125 0.28828125 0.1078125 0.0515625
0 0.680859375 0.360546875 0.08359375 0.04921875
0 0.62734375 0.45234375 0.1109375 0.0484375
0 0.81953125 0.4546875 0.0859375 0.05625
0 0.076953125 0.561328125 0.08515625 0.05390625
0 0.194921875 0.562890625 0.07421875 0.05390625
0 0.390234375 0.640625 0.10859375 0.053125
5 0.32890625 0.252734375 0.0328125 0.05859375
5 0.402734375 0.555078125 0.03984375 0.05390625
9 0.135546875 0.45234375 0.15234375 0.0328125
9 0.1328125 0.785546875 0.140625 0.03046875
9 0.515234375 0.36953125 0.02421875 0.2234375
3 0.07265625 0.244921875 0.0171875 0.06484375
3 0.163671875 0.29609375 0.11484375 0.0234375
3 0.2125 0.26953125 0.0125 0.0609375
3 0.255078125 0.25234375 0.11015625 0.0328125
3 0.329296875 0.299609375 0.01796875 0.05859375
3 0.374609375 0.253125 0.06484375 0.028125
3 0.404296875 0.32734375 0.02734375 0.1921875
3 0.07890625 0.68359375 0.0171875 0.1890625
3 0.078125 0.494921875 0.0125 0.09296875
3 0.19296875 0.497265625 0.0171875 0.08828125
3 0.108984375 0.332421875 0.01796875 0.04296875
3 0.18359375 0.345703125 0.1796875 0.02265625
3 0.40625 0.504296875 0.015625 0.05859375
3 0.546875 0.2890625 0.05625 0.03125
3 0.74765625 0.28828125 0.1328125 0.0328125
3 0.607421875 0.362890625 0.06484375 0.03203125
3 0.54765625 0.452734375 0.0609375 0.03046875
3 0.731640625 0.451171875 0.09765625 0.02421875
3 0.88671875 0.453515625 0.0546875 0.02265625
3 0.795703125 0.362109375 0.15078125 0.02421875
3 0.861328125 0.341796875 0.01640625 0.06484375
3 0.485546875 0.369140625 0.04921875 0.02890625
3 0.465234375 0.451171875 0.03359375 0.24296875
3 0.1421875 0.433984375 0.025 0.03671875
3 0.2125 0.43203125 0.196875 0.0328125
3 0.29765625 0.484375 0.0265625 0.159375
3 0.32890625 0.547265625 0.1140625 0.02578125
3 0.450390625 0.55 0.04140625 0.040625
3 0.30234375 0.636328125 0.0703125 0.03203125
3 0.274609375 0.55078125 0.02109375 0.2046875
3 0.194921875 0.6234375 0.02109375 0.084375
3 0.16484375 0.660546875 0.0953125 0.03046875
3 0.1296875 0.701171875 0.03125 0.16171875
3 0.167578125 0.751171875 0.01953125 0.04609375
3 0.296484375 0.720703125 0.20859375 0.03515625
3 0.189453125 0.744140625 0.01015625 0.08203125
3 0.131640625 0.806640625 0.01328125 0.03203125
1 0.661328125 0.1859375 0.12265625 0.071875
1 0.6421875 0.63984375 0.11875 0.0671875
1 0.867578125 0.732421875 0.11640625 0.05859375
