2 0.6599609375 0.1865234375 0.119921875 0.063671875
2 0.1763671875 0.199609375 0.118359375 0.06171875
17 0.0724609375 0.2037109375 0.044921875 0.066796875
3 0.0703125 0.241796875 0.0125 0.06484375
5 0.321484375 0.2546875 0.07421875 0.065625
3 0.3796875 0.2537109375 0.071875 0.013671875
3 0.20859375 0.2689453125 0.2015625 0.072265625
3 0.216796875 0.2708984375 0.00859375 0.001171875
0 0.8623046875 0.2826171875 0.121484375 0.052734375
3 0.7431640625 0.2859375 0.130078125 0.01875
3 0.5451171875 0.2869140625 0.068359375 0.020703125
3 0.328125 0.289453125 0.021875 0.06015625
0 0.6263671875 0.2896484375 0.118359375 0.057421875
0 0.0703125 0.29375 0.090625 0.059375
3 0.401953125 0.33125 0.01640625 0.18125
3 0.1884765625 0.3333984375 0.176953125 0.054296875
18 0.2212890625 0.033984375 0.417578125 0.03671875
3 0.7943359375 0.3423828125 0.154296875 0.066015625
0 0.3267578125 0.34296875 0.119140625 0.0546875
3 0.6142578125 0.3580078125 0.000390625 0.000390625
0 0.6775390625 0.3599609375 0.089453125 0.054296875
3 0.6095703125 0.3611328125 0.078515625 0.019140625
3 0.48828125 0.3650390625 0.0484375 0.026953125
9 0.5125 0.366015625 0.059375 0.25703125
2 0.140625 0.38671875 0.075 0.0609375
3 0.2134765625 0.428125 0.176953125 0.034375
9 0.1373046875 0.44375 0.183984375 0.071875
0 0.40234375 0.446875 0.1140625 0.059375
0 0.819140625 0.4515625 0.09453125 0.059375
3 0.2498046875 0.4515625 0.055859375 0.01875
3 0.4646484375 0.451953125 0.013671875 0.22265625
3 0.7287109375 0.4521484375 0.101171875 0.023046875
3 0.8861328125 0.453125 0.053515625 0.01875
0 0.628125 0.45390625 0.11875 0.0546875
3 0.5451171875 0.4544921875 0.062109375 0.024609375
3 0.2796875 0.4673828125 0.003125 0.028515625
3 0.2951171875 0.48046875 0.021484375 0.1484375
3 0.4005859375 0.4986328125 0.019921875 0.062890625
3 0.0775390625 0.4982421875 0.014453125 0.083984375
3 0.1931640625 0.4990234375 0.014453125 0.088671875
3 0.2734375 0.5421875 0.01875 0.2
5 0.40625 0.547265625 0.071875 0.06953125
3 0.3310546875 0.55234375 0.105859375 0.0234375
3 0.453125 0.5541015625 0.065625 0.017578125
0 0.0765625 0.562109375 0.090625 0.06171875
0 0.19609375 0.56328125 0.0859375 0.0546875
3 0.2798828125 0.6052734375 0.003515625 0.001171875
3 0.1970703125 0.6265625 0.016015625 0.08125
0 0.3908203125 0.637109375 0.119140625 0.05546875
3 0.3025390625 0.6384765625 0.080078125 0.020703125
2 0.6431640625 0.640625 0.120703125 0.059375
2 0.64140625 0.64296875 0.1234375 0.0640625
2 0.2337890625 0.65390625 0.064453125 0.0703125
3 0.1603515625 0.65625 0.083203125 0.025
3 0.0783203125 0.6771484375 0.012890625 0.201171875
3 0.3873046875 0.6859375 0.015234375 0.059375
3 0.13125 0.7123046875 0.021875 0.124609375
2 0.8662109375 0.7283203125 0.119921875 0.062890625
3 0.288671875 0.7345703125 0.22109375 0.081640625
3 0.1703125 0.74765625 0.015625 0.0609375
18 0.38125 0.0765625 0.084375 0.025
18 0.8501953125 0.0759765625 0.037890625 0.020703125
18 0.61171875 0.078125 0.0546875 0.028125
18 0.136328125 0.078125 0.04140625 0.034375
10 0.1302734375 0.777734375 0.169921875 0.05546875
8 0.2263671875 0.83671875 0.052734375 0.0546875
0 0.1267578125 0.8400390625 0.097265625 0.048828125
