17 0.069921875 0.2005859375 0.02734375 0.044921875
8 0.2306640625 0.837890625 0.023828125 0.03828125
1 0.1763671875 0.1994140625 0.112109375 0.064453125
0 0.0693359375 0.296875 0.082421875 0.059375
0 0.3283203125 0.34375 0.112890625 0.05625
0 0.62890625 0.28359375 0.1078125 0.0578125
0 0.403125 0.4466796875 0.1125 0.055859375
0 0.862890625 0.287890625 0.10703125 0.05078125
0 0.6806640625 0.3603515625 0.083203125 0.048828125
0 0.626953125 0.45234375 0.11015625 0.0484375
0 0.81953125 0.4546875 0.0859375 0.05625
0 0.0767578125 0.5615234375 0.084765625 0.054296875
0 0.1947265625 0.5630859375 0.073828125 0.054296875
0 0.3900390625 0.640625 0.108203125 0.053125
5 0.32890625 0.2529296875 0.0328125 0.058984375
5 0.4029296875 0.5548828125 0.040234375 0.053515625
9 0.1353515625 0.451171875 0.151953125 0.03359375
9 0.1328125 0.7857421875 0.140625 0.030859375
9 0.5154296875 0.368359375 0.024609375 0.22421875
3 0.07265625 0.2447265625 0.0171875 0.064453125
3 0.1638671875 0.29609375 0.115234375 0.0234375
3 0.2125 0.26953125 0.0125 0.0609375
3 0.2552734375 0.251171875 0.110546875 0.03359375
3 0.3291015625 0.2998046875 0.017578125 0.058984375
3 0.3748046875 0.253125 0.065234375 0.028125
3 0.4044921875 0.326953125 0.027734375 0.19140625
3 0.077734375 0.682421875 0.01796875 0.18984375
3 0.078125 0.4951171875 0.0125 0.093359375
3 0.19296875 0.4974609375 0.0171875 0.088671875
3 0.1087890625 0.3326171875 0.017578125 0.043359375
3 0.183203125 0.3455078125 0.17890625 0.022265625
3 0.40625 0.5044921875 0.015625 0.058984375
3 0.546875 0.2890625 0.05625 0.03125
3 0.74765625 0.287890625 0.1328125 0.03203125
3 0.6072265625 0.3630859375 0.064453125 0.032421875
3 0.546484375 0.4525390625 0.06171875 0.030078125
3 0.7314453125 0.4513671875 0.097265625 0.024609375
3 0.886328125 0.4533203125 0.05390625 0.022265625
3 0.7955078125 0.3619140625 0.150390625 0.023828125
3 0.8615234375 0.3416015625 0.016796875 0.064453125
3 0.4857421875 0.3689453125 0.049609375 0.028515625
3 0.4654296875 0.4509765625 0.033984375 0.242578125
3 0.1421875 0.4337890625 0.025 0.036328125
3 0.2125 0.431640625 0.196875 0.03203125
3 0.29765625 0.484375 0.0265625 0.159375
3 0.32890625 0.5470703125 0.1140625 0.025390625
3 0.4501953125 0.55 0.041015625 0.040625
3 0.301171875 0.6361328125 0.07109375 0.031640625
3 0.2748046875 0.55078125 0.021484375 0.2046875
3 0.1951171875 0.6234375 0.021484375 0.084375
3 0.16484375 0.6603515625 0.0953125 0.030078125
3 0.1296875 0.7009765625 0.03125 0.161328125
3 0.1677734375 0.7509765625 0.019921875 0.045703125
3 0.2962890625 0.7205078125 0.208203125 0.034765625
3 0.1896484375 0.7439453125 0.010546875 0.081640625
3 0.1314453125 0.8068359375 0.012890625 0.032421875
1 0.6611328125 0.1859375 0.122265625 0.071875
1 0.6421875 0.63984375 0.11875 0.0671875
1 0.8673828125 0.7322265625 0.116015625 0.058203125
