17 0.449609375 0.0193359375 0.06796875 0.035546875
5 0.442578125 0.190234375 0.13515625 0.10546875
3 0.5482421875 0.1984375 0.133984375 0.021875
3 0.4453125 0.2517578125 0.03125 0.062890625
0 0.4486328125 0.314453125 0.169140625 0.05390625
3 0.4453125 0.3607421875 0.025 0.058984375
5 0.44453125 0.4126953125 0.1359375 0.087890625
3 0.24609375 0.4419921875 0.3203125 0.115234375
3 0.638671875 0.4455078125 0.34609375 0.106640625
3 0.4421875 0.4662109375 0.03125 0.057421875
3 0.44453125 0.0525390625 0.0359375 0.058203125
1 0.7966796875 0.5275390625 0.230859375 0.064453125
1 0.443359375 0.5283203125 0.18046875 0.059765625
1 0.1224609375 0.5291015625 0.169921875 0.061328125
3 0.1224609375 0.56875 0.023046875 0.05
3 0.4435546875 0.57109375 0.021484375 0.0484375
3 0.79375 0.57578125 0.025 0.0484375
1 0.442578125 0.6205078125 0.17265625 0.062890625
3 0.9361328125 0.620703125 0.119140625 0.02890625
1 0.7986328125 0.6212890625 0.169140625 0.061328125
1 0.1224609375 0.6212890625 0.244921875 0.067578125
3 0.4435546875 0.665625 0.033984375 0.053125
3 0.1234375 0.665625 0.01875 0.053125
3 0.7939453125 0.666015625 0.022265625 0.05078125
3 0.9875 0.6658203125 0.025 0.141015625
1 0.1224609375 0.7115234375 0.194921875 0.063671875
1 0.442578125 0.7125 0.21015625 0.071875
5 0.801953125 0.728125 0.19140625 0.121875
3 0.9251953125 0.73125 0.137890625 0.028125
3 0.1234375 0.75390625 0.01875 0.0484375
3 0.446875 0.7552734375 0.01875 0.041796875
1 0.44453125 0.803515625 0.1859375 0.06953125
1 0.121875 0.8041015625 0.184375 0.067578125
3 0.7982421875 0.8251953125 0.027734375 0.106640625
3 0.4439453125 0.85078125 0.028515625 0.0484375
3 0.1240234375 0.8505859375 0.023046875 0.038671875
1 0.44375 0.8962890625 0.171875 0.061328125
1 0.7939453125 0.8970703125 0.169140625 0.062890625
1 0.1234375 0.89765625 0.171875 0.0546875
3 0.4421875 0.9396484375 0.04375 0.063671875
3 0.2654296875 0.9578125 0.330859375 0.071875
3 0.6361328125 0.96171875 0.347265625 0.0765625
8 0.443359375 0.9779296875 0.09296875 0.043359375
1 0.4439453125 0.1001953125 0.175390625 0.059765625
3 0.4453125 0.1423828125 0.0375 0.034765625
3 0.5779296875 0.154296875 0.102734375 0.12734375
