17 0.449609375 0.01953125 0.06796875 0.0359375
3 0.4453125 0.3609375 0.025 0.059375
3 0.4421875 0.46640625 0.03125 0.0578125
3 0.44453125 0.053125 0.0359375 0.059375
1 0.796875 0.528125 0.23125 0.065625
1 0.443359375 0.527734375 0.18046875 0.06171875
3 0.12265625 0.56875 0.0234375 0.05
3 0.44375 0.57109375 0.021875 0.0484375
3 0.79375 0.57578125 0.025 0.0484375
1 0.442578125 0.6203125 0.17265625 0.0625
3 0.935546875 0.620703125 0.12109375 0.02890625
1 0.7984375 0.621875 0.16875 0.0625
1 0.12265625 0.621875 0.2453125 0.06875
3 0.44375 0.665625 0.034375 0.053125
3 0.1234375 0.665625 0.01875 0.053125
3 0.793359375 0.666015625 0.02421875 0.05078125
3 0.9875 0.665234375 0.025 0.14296875
1 0.12265625 0.7125 0.1953125 0.0625
1 0.442578125 0.7125 0.21015625 0.071875
5 0.801953125 0.728125 0.19140625 0.121875
3 0.925390625 0.73125 0.13828125 0.028125
3 0.1234375 0.75390625 0.01875 0.0484375
3 0.446875 0.75546875 0.01875 0.0421875
1 0.44453125 0.803515625 0.1859375 0.06953125
1 0.121875 0.80390625 0.184375 0.0671875
3 0.7984375 0.825390625 0.028125 0.10703125
3 0.443359375 0.85078125 0.03046875 0.0484375
3 0.12421875 0.85078125 0.0234375 0.0390625
1 0.44375 0.896875 0.171875 0.0625
1 0.794140625 0.897265625 0.16953125 0.06328125
1 0.1234375 0.89765625 0.171875 0.0546875
3 0.4421875 0.93984375 0.04375 0.0640625
3 0.265625 0.9578125 0.33125 0.071875
3 0.636328125 0.96171875 0.34765625 0.0765625
8 0.443359375 0.978125 0.09296875 0.04375
1 0.444140625 0.099609375 0.17578125 0.06171875
3 0.19175312500000002 0.15838359375 0.17100625 0.15426718749999999
3 0.2609375 0.14252890625 0.178125 0.20068281250000003
3 0.797265625 0.3265625 0.35703125 0.134375
3 0.18440625000000002 0.3570203125 0.11256250000000001 0.11716562500000001
