17 0.45078125 0.01953125 0.0671875 0.0359375
3 0.4453125 0.3609375 0.025 0.059375
3 0.4421875 0.46640625 0.03125 0.0578125
3 0.44453125 0.053125 0.0359375 0.059375
1 0.796875 0.528125 0.23125 0.065625
1 0.44453125 0.52890625 0.1796875 0.0609375
3 0.12265625 0.56875 0.0234375 0.05
3 0.44375 0.57109375 0.021875 0.0484375
3 0.79375 0.57578125 0.025 0.0484375
1 0.44296875 0.6203125 0.1734375 0.0625
3 0.93671875 0.62109375 0.1203125 0.0296875
1 0.7984375 0.621875 0.16875 0.0625
1 0.12265625 0.621875 0.2453125 0.06875
3 0.44375 0.665625 0.034375 0.053125
3 0.1234375 0.665625 0.01875 0.053125
3 0.79453125 0.66640625 0.0234375 0.0515625
3 0.9875 0.66640625 0.025 0.1421875
1 0.12265625 0.7125 0.1953125 0.0625
1 0.44296875 0.7125 0.2109375 0.071875
5 0.80234375 0.728125 0.1921875 0.121875
3 0.92578125 0.73125 0.1390625 0.028125
3 0.1234375 0.75390625 0.01875 0.0484375
3 0.446875 0.75546875 0.01875 0.0421875
1 0.44453125 0.80390625 0.1859375 0.0703125
1 0.121875 0.80390625 0.184375 0.0671875
3 0.7984375 0.82578125 0.028125 0.1078125
3 0.44453125 0.85078125 0.0296875 0.0484375
3 0.12421875 0.85078125 0.0234375 0.0390625
1 0.44375 0.896875 0.171875 0.0625
1 0.79453125 0.89765625 0.1703125 0.0640625
1 0.1234375 0.89765625 0.171875 0.0546875
3 0.4421875 0.93984375 0.04375 0.0640625
3 0.265625 0.9578125 0.33125 0.071875
3 0.63671875 0.96171875 0.3484375 0.0765625
8 0.44453125 0.978125 0.0921875 0.04375
1 0.44453125 0.10078125 0.1765625 0.0609375
3 0.190665625 0.15868515625000001 0.17195625 0.1548703125
3 0.26168828125 0.141365625 0.1796265625 0.20148125
3 0.79765625 0.3265625 0.3578125 0.134375
3 0.18519296875 0.35774140625 0.11413593749999999 0.1186078125
