18 0.489453125 0.017578125 0.13515625 0.01953125
18 0.15625 0.018359375 0.146875 0.02734375
1 0.1625 0.179296875 0.284375 0.08359375
3 0.162109375 0.24453125 0.03359375 0.0703125
5 0.160546875 0.293359375 0.11796875 0.08671875
1 0.8390625 0.301171875 0.284375 0.08671875
3 0.441015625 0.305078125 0.52578125 0.03203125
3 0.278515625 0.375 0.25078125 0.115625
1 0.5015625 0.414453125 0.221875 0.08203125
3 0.731640625 0.444140625 0.25703125 0.22890625
3 0.50078125 0.48046875 0.0234375 0.0640625
1 0.503125 0.540234375 0.221875 0.08359375
1 0.16484375 0.541015625 0.2140625 0.08515625
3 0.33359375 0.541015625 0.1453125 0.03203125
3 0.160546875 0.603125 0.03359375 0.059375
5 0.160546875 0.646484375 0.10234375 0.09609375
3 0.3578125 0.66796875 0.3625 0.0578125
17 0.1625 0.0734375 0.078125 0.059375
1 0.50078125 0.733984375 0.2234375 0.08046875
3 0.5046875 0.790234375 0.03125 0.04609375
3 0.1625 0.809765625 0.015625 0.29453125
1 0.498046875 0.848828125 0.21171875 0.08203125
3 0.4984375 0.903515625 0.03125 0.04453125
8 0.494140625 0.943359375 0.12578125 0.08359375
3 0.31875 0.947265625 0.3375 0.02578125
18 0.825390625 0.012109375 0.21953125 0.02109375
3 0.162109375 0.121875 0.02734375 0.0625
