18 0.4892578125 0.0177734375 0.134765625 0.019921875
18 0.15625 0.0185546875 0.146875 0.027734375
1 0.1625 0.1794921875 0.284375 0.083984375
3 0.1619140625 0.244140625 0.033203125 0.06953125
5 0.1607421875 0.2931640625 0.118359375 0.086328125
1 0.8390625 0.3013671875 0.284375 0.087109375
3 0.4412109375 0.3048828125 0.526171875 0.031640625
3 0.2783203125 0.375 0.250390625 0.115625
1 0.5015625 0.4142578125 0.221875 0.081640625
3 0.7318359375 0.4443359375 0.257421875 0.229296875
3 0.499609375 0.48046875 0.02421875 0.0640625
1 0.503125 0.5400390625 0.221875 0.083203125
1 0.163671875 0.5408203125 0.21484375 0.084765625
3 0.33359375 0.5412109375 0.1453125 0.032421875
3 0.1603515625 0.603125 0.033203125 0.059375
5 0.1607421875 0.6462890625 0.102734375 0.095703125
3 0.3578125 0.66796875 0.3625 0.0578125
17 0.1625 0.0734375 0.078125 0.059375
1 0.499609375 0.7337890625 0.22421875 0.080078125
3 0.5046875 0.7904296875 0.03125 0.046484375
3 0.1625 0.8095703125 0.015625 0.294140625
1 0.4978515625 0.8486328125 0.211328125 0.081640625
3 0.4984375 0.9037109375 0.03125 0.044921875
8 0.4939453125 0.9435546875 0.125390625 0.083984375
3 0.31875 0.9470703125 0.3375 0.025390625
18 0.8255859375 0.0119140625 0.219921875 0.020703125
3 0.1623046875 0.121875 0.027734375 0.0625
