1 0.39296875 0.2390625 0.1578125 0.075
3 0.6359375 0.2390625 0.359375 0.03125
1 0.15 0.2390625 0.159375 0.075
3 0.81484375 0.26640625 0.0359375 0.1171875
3 0.38984375 0.2873046875 0.0171875 0.040234375
3 0.15078125 0.28984375 0.0171875 0.0484375
1 0.15078125 0.3359375 0.1578125 0.075
3 0.5046875 0.3373046875 0.090625 0.024609375
5 0.56796875 0.3376953125 0.0765625 0.081640625
1 0.390625 0.340625 0.1625 0.06875
3 0.690625 0.3396484375 0.209375 0.019921875
10 0.79453125 0.3484375 0.0671875 0.265625
3 0.5671875 0.3828125 0.015625 0.053125
3 0.15234375 0.3884765625 0.0140625 0.055078125
3 0.390625 0.3904296875 0.01875 0.046484375
1 0.3875 0.4357421875 0.153125 0.071484375
0 0.5625 0.4380859375 0.15625 0.066796875
1 0.15078125 0.4390625 0.1546875 0.06875
3 0.26796875 0.441015625 0.1046875 0.02578125
18 0.5015625 0.0447265625 0.165625 0.039453125
3 0.740625 0.5080078125 0.1 0.241015625
3 0.61953125 0.5453125 0.1203125 0.165625
2 0.4671875 0.6017578125 0.15 0.141015625
9 0.68359375 0.6734375 0.0609375 0.271875
1 0.81484375 0.7125 0.1515625 0.075
3 0.715625 0.7150390625 0.059375 0.017578125
18 0.81484375 0.075 0.0671875 0.021875
18 0.14453125 0.0763671875 0.0640625 0.024609375
3 0.815625 0.7763671875 0.01875 0.071484375
18 0.46171875 0.079296875 0.0703125 0.02734375
8 0.81171875 0.8474609375 0.0578125 0.066796875
17 0.38828125 0.1373046875 0.0578125 0.071484375
17 0.14921875 0.1390625 0.0546875 0.059375
3 0.15078125 0.1833984375 0.0140625 0.044921875
3 0.3921875 0.1884765625 0.015625 0.039453125
