1 0.39296875 0.2390625 0.1578125 0.075
3 0.6359375 0.2390625 0.359375 0.03125
1 0.15 0.2390625 0.159375 0.075
3 0.81484375 0.26640625 0.0359375 0.1171875
3 0.38984375 0.28828125 0.0171875 0.0390625
3 0.15078125 0.28984375 0.0171875 0.0484375
1 0.15078125 0.3359375 0.1578125 0.075
3 0.5046875 0.33828125 0.090625 0.0234375
5 0.56796875 0.33828125 0.0765625 0.0828125
1 0.390625 0.340625 0.1625 0.06875
3 0.690625 0.33984375 0.209375 0.0203125
10 0.79453125 0.3484375 0.0671875 0.265625
3 0.5671875 0.3828125 0.015625 0.053125
3 0.15234375 0.38828125 0.0140625 0.0546875
3 0.390625 0.390625 0.01875 0.046875
1 0.3875 0.4359375 0.153125 0.071875
0 0.5625 0.43828125 0.15625 0.0671875
1 0.15078125 0.4390625 0.1546875 0.06875
3 0.26796875 0.44140625 0.1046875 0.0265625
18 0.5015625 0.0453125 0.165625 0.040625
3 0.740625 0.50859375 0.1 0.2421875
3 0.61953125 0.5453125 0.1203125 0.165625
2 0.4671875 0.60234375 0.15 0.1421875
9 0.68359375 0.6734375 0.0609375 0.271875
1 0.81484375 0.7125 0.1515625 0.075
3 0.715625 0.715625 0.059375 0.01875
18 0.81484375 0.075 0.0671875 0.021875
18 0.14453125 0.0765625 0.0640625 0.025
3 0.815625 0.77734375 0.01875 0.0703125
18 0.46171875 0.08046875 0.0703125 0.0265625
8 0.81171875 0.84765625 0.0578125 0.0671875
17 0.38828125 0.1375 0.0578125 0.071875
17 0.14921875 0.1390625 0.0546875 0.059375
3 0.15078125 0.18359375 0.0140625 0.0453125
3 0.3921875 0.1890625 0.015625 0.040625
