0 0.4046875 0.1625 0.18125 0.08125
3 0.19296875 0.178125 0.0140625 0.071875
3 0.403125 0.20703125 0.01875 0.0203125
5 0.4046875 0.215625 0.075 0.046875
5 0.19921875 0.22421875 0.0671875 0.0640625
3 0.3703125 0.2359375 0.046875 0.046875
3 0.43203125 0.2359375 0.0359375 0.04375
3 0.2640625 0.265625 0.125 0.078125
3 0.1921875 0.2703125 0.0125 0.075
0 0.4375 0.28828125 0.159375 0.0765625
3 0.32578125 0.3078125 0.0671875 0.121875
3 0.403125 0.3359375 0.115625 0.034375
0 0.1921875 0.33671875 0.1875 0.0796875
3 0.4359375 0.3875 0.50625 0.04375
9 0.67421875 0.39921875 0.3140625 0.0859375
3 0.60078125 0.4421875 0.0234375 0.028125
3 0.7546875 0.44375 0.028125 0.034375
0 0.7546875 0.4890625 0.1625 0.08125
0 0.60078125 0.48984375 0.1515625 0.0828125
17 0.190625 0.053125 0.0625 0.059375
3 0.8390625 0.540625 0.184375 0.04375
3 0.60234375 0.58984375 0.0234375 0.1546875
0 0.91953125 0.59296875 0.1609375 0.0828125
3 0.84140625 0.6484375 0.1796875 0.04375
10 0.68203125 0.6703125 0.3078125 0.0625
3 0.68046875 0.7 0.0234375 0.034375
5 0.67734375 0.72265625 0.0640625 0.0546875
3 0.73046875 0.7359375 0.0734375 0.05
3 0.62421875 0.7421875 0.0765625 0.04375
0 0.596875 0.78984375 0.153125 0.0796875
0 0.7578125 0.78984375 0.16875 0.0734375
3 0.753125 0.834375 0.01875 0.01875
0 0.7546875 0.8734375 0.159375 0.075
3 0.62734375 0.88203125 0.0828125 0.1203125
3 0.7265625 0.925 0.065625 0.0375
11 0.68125 0.92890625 0.0625 0.0484375
3 0.6796875 0.9453125 0.015625 0.028125
8 0.67890625 0.9765625 0.0765625 0.046875
0 0.196875 0.1140625 0.184375 0.078125
3 0.36328125 0.11484375 0.1015625 0.0265625
