0 0.403515625 0.162109375 0.18203125 0.08046875
3 0.19296875 0.177734375 0.0140625 0.07109375
3 0.402734375 0.20703125 0.01796875 0.0203125
5 0.404296875 0.215234375 0.07421875 0.04609375
5 0.19921875 0.223046875 0.0671875 0.06484375
3 0.369921875 0.235546875 0.04609375 0.04609375
3 0.431640625 0.235546875 0.03515625 0.04296875
3 0.263671875 0.265234375 0.12421875 0.07734375
3 0.1921875 0.269921875 0.0125 0.07421875
0 0.4375 0.287890625 0.159375 0.07578125
3 0.32578125 0.3078125 0.0671875 0.121875
3 0.402734375 0.335546875 0.11484375 0.03359375
0 0.1921875 0.336328125 0.1875 0.07890625
3 0.4359375 0.387109375 0.50625 0.04296875
9 0.673046875 0.398828125 0.31484375 0.08515625
3 0.60078125 0.4421875 0.0234375 0.028125
3 0.7546875 0.443359375 0.028125 0.03359375
0 0.7546875 0.488671875 0.1625 0.08046875
0 0.600390625 0.489453125 0.15078125 0.08203125
17 0.190234375 0.052734375 0.06171875 0.05859375
3 0.8390625 0.541015625 0.184375 0.04453125
3 0.60234375 0.58984375 0.0234375 0.1546875
0 0.91953125 0.593359375 0.1609375 0.08359375
3 0.841015625 0.648046875 0.17890625 0.04296875
10 0.68203125 0.669921875 0.3078125 0.06171875
3 0.680078125 0.699609375 0.02265625 0.03359375
5 0.676953125 0.722265625 0.06328125 0.05390625
3 0.730078125 0.735546875 0.07265625 0.04921875
3 0.62421875 0.741796875 0.0765625 0.04296875
0 0.595703125 0.789453125 0.15390625 0.07890625
0 0.756640625 0.789453125 0.16953125 0.07265625
3 0.752734375 0.834375 0.01796875 0.01875
0 0.7546875 0.873046875 0.159375 0.07421875
3 0.62734375 0.88203125 0.0828125 0.1203125
3 0.7265625 0.924609375 0.065625 0.03671875
11 0.680859375 0.928515625 0.06171875 0.04765625
3 0.6796875 0.9453125 0.015625 0.028125
8 0.67890625 0.976171875 0.0765625 0.04609375
0 0.196875 0.113671875 0.184375 0.07734375
3 0.362890625 0.11484375 0.10078125 0.0265625
