0 0.4037109375 0.1619140625 0.182421875 0.080078125
3 0.19296875 0.1775390625 0.0140625 0.070703125
3 0.4029296875 0.206640625 0.018359375 0.01953125
5 0.4044921875 0.2150390625 0.074609375 0.045703125
5 0.198828125 0.2232421875 0.06640625 0.065234375
3 0.3701171875 0.2357421875 0.046484375 0.046484375
3 0.4314453125 0.2357421875 0.034765625 0.043359375
3 0.2634765625 0.2654296875 0.123828125 0.077734375
3 0.1921875 0.2701171875 0.0125 0.074609375
0 0.4375 0.2876953125 0.159375 0.075390625
3 0.32578125 0.3078125 0.0671875 0.121875
3 0.4029296875 0.3353515625 0.115234375 0.033203125
0 0.1921875 0.3361328125 0.1875 0.078515625
3 0.4359375 0.3873046875 0.50625 0.043359375
9 0.6732421875 0.3990234375 0.315234375 0.085546875
3 0.60078125 0.4421875 0.0234375 0.028125
3 0.7546875 0.4431640625 0.028125 0.033203125
0 0.7546875 0.4888671875 0.1625 0.080859375
0 0.6001953125 0.4896484375 0.150390625 0.082421875
17 0.1900390625 0.0525390625 0.061328125 0.058203125
3 0.8390625 0.5408203125 0.184375 0.044140625
3 0.60234375 0.58984375 0.0234375 0.1546875
0 0.91953125 0.5931640625 0.1609375 0.083203125
3 0.8408203125 0.6482421875 0.178515625 0.043359375
10 0.681640625 0.6697265625 0.30703125 0.061328125
3 0.6798828125 0.6994140625 0.022265625 0.033203125
5 0.6771484375 0.7224609375 0.063671875 0.054296875
3 0.7298828125 0.7357421875 0.072265625 0.049609375
3 0.623046875 0.7419921875 0.07734375 0.043359375
0 0.5958984375 0.7892578125 0.154296875 0.078515625
0 0.7568359375 0.7892578125 0.169921875 0.072265625
3 0.7529296875 0.834375 0.018359375 0.01875
0 0.7546875 0.8732421875 0.159375 0.074609375
3 0.62734375 0.881640625 0.0828125 0.11953125
3 0.7265625 0.9244140625 0.065625 0.036328125
11 0.6810546875 0.9283203125 0.062109375 0.047265625
3 0.6796875 0.9453125 0.015625 0.028125
8 0.67890625 0.9763671875 0.0765625 0.046484375
0 0.196875 0.1138671875 0.184375 0.077734375
3 0.3626953125 0.11484375 0.100390625 0.0265625
