0 0.4046875 0.1625 0.18125 0.08125
3 0.19296875 0.178125 0.0140625 0.071875
3 0.403125 0.206640625 0.01875 0.01953125
5 0.4046875 0.215625 0.075 0.046875
5 0.198828125 0.223046875 0.06640625 0.06484375
3 0.3703125 0.2359375 0.046875 0.046875
3 0.430859375 0.2359375 0.03671875 0.04375
3 0.2640625 0.265625 0.125 0.078125
3 0.1921875 0.2703125 0.0125 0.075
0 0.4375 0.287890625 0.159375 0.07578125
3 0.32578125 0.3078125 0.0671875 0.121875
3 0.403125 0.3359375 0.115625 0.034375
0 0.1921875 0.336328125 0.1875 0.07890625
3 0.4359375 0.3875 0.50625 0.04375
9 0.673046875 0.39921875 0.31484375 0.0859375
3 0.60078125 0.4421875 0.0234375 0.028125
3 0.7546875 0.44375 0.028125 0.034375
0 0.7546875 0.4890625 0.1625 0.08125
0 0.600390625 0.48984375 0.15078125 0.0828125
17 0.190625 0.053125 0.0625 0.059375
3 0.8390625 0.540625 0.184375 0.04375
3 0.60234375 0.58984375 0.0234375 0.1546875
0 0.91953125 0.59296875 0.1609375 0.0828125
3 0.840234375 0.6484375 0.18046875 0.04375
10 0.681640625 0.6703125 0.30703125 0.0625
3 0.680078125 0.7 0.02265625 0.034375
5 0.67734375 0.72265625 0.0640625 0.0546875
3 0.730078125 0.7359375 0.07265625 0.05
3 0.623046875 0.7421875 0.07734375 0.04375
0 0.596875 0.789453125 0.153125 0.07890625
0 0.7578125 0.789453125 0.16875 0.07265625
3 0.753125 0.834375 0.01875 0.01875
0 0.7546875 0.8734375 0.159375 0.075
3 0.62734375 0.881640625 0.0828125 0.11953125
3 0.7265625 0.925 0.065625 0.0375
11 0.68125 0.927734375 0.0625 0.04921875
3 0.6796875 0.9453125 0.015625 0.028125
8 0.67890625 0.9765625 0.0765625 0.046875
0 0.196875 0.1140625 0.184375 0.078125
3 0.362890625 0.11484375 0.10078125 0.0265625
