1 0.43125 0.65859375 0.103125 0.0921875
3 0.43203125 0.728125 0.0140625 0.08125
18 0.06484375 0.765625 0.0140625 0.190625
3 0.36484375 0.80078125 0.0515625 0.0296875
1 0.43125 0.80390625 0.103125 0.0921875
1 0.29609375 0.80390625 0.1140625 0.0921875
3 0.3453125 0.88515625 0.16875 0.0703125
18 0.24296875 0.11640625 0.4046875 0.0578125
3 0.41796875 0.271875 0.2671875 0.103125
11 0.5296875 0.3421875 0.065625 0.103125
3 0.12578125 0.346875 0.0453125 0.034375
1 0.6390625 0.35078125 0.10625 0.0984375
1 0.4296875 0.35078125 0.1 0.0984375
3 0.1953125 0.35078125 0.103125 0.0859375
5 0.2953125 0.35078125 0.075 0.1109375
3 0.4984375 0.35234375 0.04375 0.0234375
3 0.571875 0.353125 0.0625 0.034375
17 0.096875 0.35234375 0.028125 0.0578125
3 0.26015625 0.35234375 0.0484375 0.0234375
18 0.06484375 0.38828125 0.0203125 0.1046875
3 0.63984375 0.4078125 0.0171875 0.0625
3 0.43203125 0.41640625 0.0140625 0.0703125
18 0.846875 0.41953125 0.2125 0.2953125
8 0.6359375 0.465625 0.04375 0.075
1 0.4296875 0.49140625 0.10625 0.0921875
3 0.43203125 0.5671875 0.0203125 0.08125
3 0.29453125 0.56953125 0.0140625 0.3984375
