1 0.21015625 0.1453125 0.1359375 0.06875
3 0.1078125 0.146875 0.071875 0.028125
3 0.20703125 0.18671875 0.0171875 0.0484375
1 0.2109375 0.242578125 0.184375 0.06640625
3 0.0875 0.2703125 0.034375 0.2875
3 0.2125 0.28984375 0.021875 0.0546875
1 0.52890625 0.334375 0.2046875 0.071875
5 0.20625 0.3359375 0.05625 0.06875
3 0.328125 0.337109375 0.21875 0.02421875
3 0.20859375 0.378125 0.0203125 0.0625
3 0.52890625 0.403125 0.0328125 0.084375
5 0.0921875 0.4328125 0.0625 0.075
1 0.207421875 0.434375 0.18359375 0.065625
9 0.529296875 0.4578125 0.12109375 0.08125
3 0.559375 0.476171875 0.01875 0.03984375
3 0.710546875 0.4890625 0.32734375 0.015625
3 0.530078125 0.492578125 0.01640625 0.05390625
3 0.4625 0.50546875 0.09375 0.0921875
3 0.857421875 0.509375 0.02734375 0.08125
3 0.573046875 0.521875 0.10234375 0.05
1 0.85859375 0.575 0.1640625 0.075
1 0.4359375 0.57421875 0.16875 0.0640625
1 0.6140625 0.575390625 0.16875 0.06328125
17 0.20546875 0.059375 0.0828125 0.04375
3 0.856640625 0.642578125 0.02578125 0.08515625
3 0.4625 0.6453125 0.096875 0.0875
3 0.5828125 0.64609375 0.13125 0.0890625
3 0.708203125 0.675 0.32890625 0.03125
10 0.52265625 0.6921875 0.1140625 0.04375
3 0.08671875 0.7015625 0.0171875 0.53125
3 0.524609375 0.726171875 0.03046875 0.03984375
1 0.208984375 0.769140625 0.20546875 0.06953125
1 0.53125 0.77265625 0.16875 0.0671875
3 0.3765625 0.776953125 0.15625 0.02265625
3 0.20859375 0.81953125 0.0234375 0.0515625
1 0.208984375 0.869140625 0.20546875 0.06953125
3 0.209375 0.91953125 0.021875 0.0578125
3 0.2078125 0.09296875 0.025 0.0453125
3 0.13125 0.95625 0.13125 0.021875
8 0.2109375 0.95859375 0.078125 0.0609375
