1 0.21015625 0.1447265625 0.1359375 0.067578125
3 0.1072265625 0.146875 0.070703125 0.028125
3 0.20703125 0.18671875 0.0171875 0.0484375
1 0.2103515625 0.2423828125 0.183203125 0.066015625
3 0.0869140625 0.2703125 0.033203125 0.2875
3 0.2119140625 0.2900390625 0.020703125 0.055078125
1 0.5287109375 0.334375 0.204296875 0.071875
5 0.20625 0.3353515625 0.05625 0.067578125
3 0.328125 0.3373046875 0.21875 0.024609375
3 0.20859375 0.3779296875 0.0203125 0.062109375
3 0.5287109375 0.4025390625 0.032421875 0.083203125
5 0.0916015625 0.4328125 0.061328125 0.075
1 0.207421875 0.434375 0.18359375 0.065625
9 0.5298828125 0.4576171875 0.119140625 0.080859375
3 0.559375 0.476171875 0.01875 0.03984375
3 0.710546875 0.4890625 0.32734375 0.015625
3 0.530078125 0.492578125 0.01640625 0.05390625
3 0.4623046875 0.5052734375 0.093359375 0.091796875
3 0.857421875 0.5087890625 0.02734375 0.080078125
3 0.5736328125 0.521875 0.100390625 0.05
1 0.8587890625 0.575 0.164453125 0.075
1 0.4357421875 0.5740234375 0.168359375 0.063671875
1 0.6138671875 0.575390625 0.168359375 0.06328125
17 0.2056640625 0.059375 0.083203125 0.04375
3 0.856640625 0.6423828125 0.02578125 0.084765625
3 0.4625 0.6453125 0.096875 0.0875
3 0.5822265625 0.6458984375 0.130078125 0.088671875
3 0.7080078125 0.6744140625 0.328515625 0.030078125
10 0.52265625 0.6923828125 0.1140625 0.044140625
3 0.08671875 0.7015625 0.0171875 0.53125
3 0.524609375 0.726171875 0.03046875 0.03984375
1 0.2095703125 0.7689453125 0.203515625 0.069140625
1 0.53125 0.7724609375 0.16875 0.066796875
3 0.3767578125 0.7763671875 0.156640625 0.024609375
3 0.2083984375 0.8197265625 0.023046875 0.051953125
1 0.2095703125 0.869140625 0.203515625 0.06953125
3 0.2091796875 0.9193359375 0.021484375 0.057421875
3 0.2076171875 0.0927734375 0.024609375 0.044921875
3 0.1310546875 0.95625 0.130859375 0.021875
8 0.2109375 0.95859375 0.078125 0.0609375
