1 0.21015625 0.144921875 0.1359375 0.06796875
3 0.107421875 0.146875 0.07109375 0.028125
3 0.20703125 0.18671875 0.0171875 0.0484375
1 0.210546875 0.242578125 0.18359375 0.06640625
3 0.087109375 0.2703125 0.03359375 0.2875
3 0.212109375 0.290234375 0.02109375 0.05546875
1 0.528515625 0.334375 0.20390625 0.071875
5 0.20625 0.335546875 0.05625 0.06796875
3 0.328125 0.337109375 0.21875 0.02421875
3 0.20859375 0.377734375 0.0203125 0.06171875
3 0.528515625 0.402734375 0.03203125 0.08359375
5 0.091796875 0.4328125 0.06171875 0.075
1 0.20859375 0.434375 0.1828125 0.065625
9 0.530078125 0.457421875 0.11953125 0.08046875
3 0.559375 0.47734375 0.01875 0.0390625
3 0.71171875 0.4890625 0.3265625 0.015625
3 0.53046875 0.49296875 0.0171875 0.0546875
3 0.462109375 0.505078125 0.09296875 0.09140625
3 0.85859375 0.508984375 0.0265625 0.08046875
3 0.573828125 0.521875 0.10078125 0.05
1 0.858984375 0.575 0.16484375 0.075
1 0.435546875 0.573828125 0.16796875 0.06328125
1 0.613671875 0.57578125 0.16796875 0.0640625
17 0.205859375 0.059375 0.08359375 0.04375
3 0.85703125 0.642578125 0.0265625 0.08515625
3 0.4625 0.6453125 0.096875 0.0875
3 0.582421875 0.645703125 0.13046875 0.08828125
3 0.708203125 0.674609375 0.32890625 0.03046875
10 0.52265625 0.692578125 0.1140625 0.04453125
3 0.08671875 0.7015625 0.0171875 0.53125
3 0.52578125 0.72734375 0.0296875 0.0390625
1 0.209765625 0.769140625 0.20390625 0.06953125
1 0.53125 0.772265625 0.16875 0.06640625
3 0.376953125 0.776171875 0.15703125 0.02421875
3 0.208203125 0.819921875 0.02265625 0.05234375
1 0.209765625 0.86953125 0.20390625 0.0703125
3 0.208984375 0.919140625 0.02109375 0.05703125
3 0.207421875 0.092578125 0.02421875 0.04453125
3 0.130859375 0.95625 0.13046875 0.021875
8 0.2109375 0.95859375 0.078125 0.0609375
