3 0.87578125 0.73203125 0.0515625 0.1921875
3 0.06484375 0.791015625 0.0515625 0.31328125
3 0.775 0.8171875 0.215625 0.01875
1 0.501953125 0.81796875 0.36640625 0.0828125
3 0.4890625 0.8765625 0.0375 0.06875
3 0.83671875 0.93203125 0.2640625 0.0171875
3 0.939453125 0.09453125 0.04765625 0.1296875
1 0.48359375 0.94921875 0.4765625 0.1015625
3 0.152734375 0.957421875 0.24296875 0.02734375
3 0.4203125 0.099609375 0.059375 0.05546875
5 0.41875 0.1796875 0.390625 0.153125
3 0.748046875 0.187890625 0.28984375 0.02578125
11 0.909375 0.1875 0.175 0.1
3 0.425 0.268359375 0.040625 0.05546875
9 0.4390625 0.3 0.453125 0.046875
3 0.2890625 0.3328125 0.275 0.06875
3 0.54765625 0.3375 0.2328125 0.075
1 0.42890625 0.03984375 0.4609375 0.0796875
1 0.21953125 0.41640625 0.4390625 0.1140625
1 0.6796875 0.4203125 0.38125 0.10625
3 0.792578125 0.0453125 0.31015625 0.021875
3 0.296875 0.50546875 0.2125 0.0796875
3 0.63125 0.50625 0.234375 0.078125
11 0.458984375 0.53046875 0.19921875 0.0828125
3 0.9421875 0.57578125 0.03125 0.7328125
3 0.4640625 0.5796875 0.03125 0.04375
5 0.46875 0.65078125 0.48125 0.1484375
3 0.146875 0.66171875 0.1875 0.0234375
3 0.797265625 0.662890625 0.18203125 0.01953125
