3 0.8755859375 0.73203125 0.051171875 0.1921875
3 0.0646484375 0.7908203125 0.051171875 0.312890625
3 0.7748046875 0.8171875 0.215234375 0.01875
1 0.501953125 0.8181640625 0.36640625 0.083203125
3 0.4884765625 0.8763671875 0.036328125 0.068359375
3 0.8365234375 0.93203125 0.263671875 0.0171875
3 0.9392578125 0.0943359375 0.047265625 0.129296875
1 0.48359375 0.94921875 0.4765625 0.1015625
3 0.152734375 0.957421875 0.24296875 0.02734375
3 0.4197265625 0.099609375 0.058203125 0.05546875
5 0.41875 0.1794921875 0.390625 0.152734375
3 0.748046875 0.187890625 0.28984375 0.02578125
11 0.909375 0.1873046875 0.175 0.099609375
3 0.4244140625 0.268359375 0.039453125 0.05546875
9 0.4390625 0.3001953125 0.453125 0.047265625
3 0.2888671875 0.3326171875 0.274609375 0.068359375
3 0.54765625 0.3369140625 0.2328125 0.073828125
1 0.4287109375 0.03984375 0.460546875 0.0796875
1 0.21953125 0.41640625 0.4390625 0.1140625
1 0.6794921875 0.4203125 0.380859375 0.10625
3 0.792578125 0.0451171875 0.31015625 0.021484375
3 0.296875 0.50546875 0.2125 0.0796875
3 0.63125 0.5056640625 0.234375 0.076953125
11 0.458984375 0.5302734375 0.19921875 0.082421875
3 0.9416015625 0.57578125 0.030078125 0.7328125
3 0.4640625 0.5796875 0.03125 0.04375
5 0.4681640625 0.6505859375 0.480078125 0.148046875
3 0.146875 0.6615234375 0.1875 0.023046875
3 0.7970703125 0.6623046875 0.181640625 0.021484375
