3 0.87578125 0.73203125 0.0515625 0.1921875
3 0.06484375 0.79140625 0.0515625 0.3140625
3 0.775 0.8171875 0.215625 0.01875
1 0.50234375 0.81796875 0.3671875 0.0828125
3 0.4890625 0.8765625 0.0375 0.06875
3 0.83671875 0.93203125 0.2640625 0.0171875
3 0.93984375 0.09453125 0.0484375 0.1296875
1 0.48359375 0.94921875 0.4765625 0.1015625
3 0.15390625 0.95859375 0.2421875 0.0265625
3 0.4203125 0.10078125 0.059375 0.0546875
5 0.41875 0.1796875 0.390625 0.153125
3 0.74921875 0.18828125 0.2890625 0.0265625
11 0.909375 0.1875 0.175 0.1
3 0.425 0.26953125 0.040625 0.0546875
9 0.4390625 0.3 0.453125 0.046875
3 0.2890625 0.3328125 0.275 0.06875
3 0.54765625 0.3375 0.2328125 0.075
1 0.42890625 0.03984375 0.4609375 0.0796875
1 0.21953125 0.41640625 0.4390625 0.1140625
1 0.6796875 0.4203125 0.38125 0.10625
3 0.79296875 0.0453125 0.3109375 0.021875
3 0.296875 0.50546875 0.2125 0.0796875
3 0.63125 0.50625 0.234375 0.078125
11 0.46015625 0.53046875 0.1984375 0.0828125
3 0.9421875 0.57578125 0.03125 0.7328125
3 0.4640625 0.5796875 0.03125 0.04375
5 0.46875 0.65078125 0.48125 0.1484375
3 0.146875 0.66171875 0.1875 0.0234375
3 0.79765625 0.66328125 0.1828125 0.0203125
