3 0.875390625 0.73203125 0.05078125 0.1921875
3 0.064453125 0.791015625 0.05078125 0.31328125
3 0.774609375 0.8171875 0.21484375 0.01875
1 0.50234375 0.818359375 0.3671875 0.08359375
3 0.488671875 0.876171875 0.03671875 0.06796875
3 0.836328125 0.93203125 0.26328125 0.0171875
3 0.939453125 0.094140625 0.04765625 0.12890625
1 0.48359375 0.94921875 0.4765625 0.1015625
3 0.15390625 0.95859375 0.2421875 0.0265625
3 0.419921875 0.10078125 0.05859375 0.0546875
5 0.41875 0.179296875 0.390625 0.15234375
3 0.74921875 0.18828125 0.2890625 0.0265625
11 0.909375 0.187109375 0.175 0.09921875
3 0.424609375 0.26953125 0.03984375 0.0546875
9 0.4390625 0.300390625 0.453125 0.04765625
3 0.288671875 0.332421875 0.27421875 0.06796875
3 0.54765625 0.337109375 0.2328125 0.07421875
1 0.428515625 0.03984375 0.46015625 0.0796875
1 0.21953125 0.41640625 0.4390625 0.1140625
1 0.679296875 0.4203125 0.38046875 0.10625
3 0.79296875 0.044921875 0.3109375 0.02109375
3 0.296875 0.50546875 0.2125 0.0796875
3 0.63125 0.505859375 0.234375 0.07734375
11 0.46015625 0.530078125 0.1984375 0.08203125
3 0.941796875 0.57578125 0.03046875 0.7328125
3 0.4640625 0.5796875 0.03125 0.04375
5 0.468359375 0.650390625 0.48046875 0.14765625
3 0.146875 0.661328125 0.1875 0.02265625
3 0.797265625 0.662109375 0.18203125 0.02109375
