17 0.63125 0.01640625 0.053125 0.0328125
3 0.631640625 0.177734375 0.02890625 0.06171875
5 0.629296875 0.221484375 0.09296875 0.06171875
3 0.490625 0.246484375 0.246875 0.06484375
3 0.771875 0.25078125 0.2375 0.0484375
1 0.86328125 0.305859375 0.2734375 0.08046875
1 0.38984375 0.307421875 0.2734375 0.08046875
3 0.42421875 0.3890625 0.1203125 0.1
3 0.83828125 0.390625 0.1203125 0.096875
1 0.629296875 0.424609375 0.32421875 0.07734375
3 0.6296875 0.4828125 0.03125 0.05
1 0.632421875 0.537890625 0.31796875 0.08203125
3 0.6359375 0.059375 0.03125 0.05625
3 0.630859375 0.6015625 0.03984375 0.059375
5 0.630859375 0.644921875 0.10234375 0.07421875
3 0.76484375 0.655078125 0.2359375 0.01953125
3 0.632421875 0.702734375 0.03359375 0.06171875
1 0.63671875 0.771484375 0.3109375 0.08359375
2 0.18671875 0.77265625 0.3734375 0.0953125
3 0.87421875 0.813671875 0.0265625 0.34921875
3 0.634375 0.8265625 0.0375 0.05
1 0.6296875 0.884765625 0.33125 0.08203125
3 0.6328125 0.94140625 0.0375 0.0578125
3 0.771875 0.980078125 0.2375 0.02890625
8 0.634375 0.98125 0.0625 0.0375
1 0.629296875 0.116796875 0.34921875 0.08046875
