17 0.63125 0.01640625 0.053125 0.0328125
3 0.6318359375 0.1779296875 0.029296875 0.062109375
5 0.6291015625 0.2216796875 0.092578125 0.062109375
3 0.490625 0.2462890625 0.246875 0.064453125
3 0.771875 0.249609375 0.2375 0.04921875
1 0.86328125 0.3060546875 0.2734375 0.080859375
1 0.38984375 0.3076171875 0.2734375 0.080859375
3 0.42421875 0.3890625 0.1203125 0.1
3 0.837890625 0.390625 0.11953125 0.096875
1 0.6291015625 0.4244140625 0.323828125 0.076953125
3 0.6296875 0.4828125 0.03125 0.05
1 0.6322265625 0.5380859375 0.317578125 0.082421875
3 0.6359375 0.059375 0.03125 0.05625
3 0.6310546875 0.6015625 0.040234375 0.059375
5 0.6310546875 0.6451171875 0.102734375 0.074609375
3 0.764453125 0.6552734375 0.23515625 0.019921875
3 0.6322265625 0.7025390625 0.033203125 0.061328125
1 0.636328125 0.7712890625 0.31015625 0.083203125
2 0.18671875 0.77265625 0.3734375 0.0953125
3 0.873046875 0.8134765625 0.02734375 0.348828125
3 0.634375 0.8265625 0.0375 0.05
1 0.6296875 0.8849609375 0.33125 0.082421875
3 0.6328125 0.941015625 0.0375 0.05703125
3 0.771875 0.9798828125 0.2375 0.028515625
8 0.634375 0.98125 0.0625 0.0375
1 0.6294921875 0.1169921875 0.349609375 0.080859375
