17 0.63125 0.01640625 0.053125 0.0328125
3 0.6328125 0.178125 0.028125 0.0625
5 0.6296875 0.221875 0.09375 0.0625
3 0.490625 0.246875 0.246875 0.065625
3 0.771875 0.25078125 0.2375 0.0484375
1 0.86328125 0.30703125 0.2734375 0.0796875
1 0.38984375 0.3078125 0.2734375 0.08125
3 0.42421875 0.3890625 0.1203125 0.1
3 0.83828125 0.390625 0.1203125 0.096875
1 0.6296875 0.425 0.325 0.078125
3 0.6296875 0.4828125 0.03125 0.05
1 0.6328125 0.53828125 0.31875 0.0828125
3 0.6359375 0.059375 0.03125 0.05625
3 0.63125 0.6015625 0.040625 0.059375
5 0.63125 0.6453125 0.103125 0.075
3 0.76484375 0.65546875 0.2359375 0.0203125
3 0.6328125 0.703125 0.034375 0.0625
1 0.63671875 0.77109375 0.3109375 0.0828125
2 0.18671875 0.77265625 0.3734375 0.0953125
3 0.87421875 0.8140625 0.0265625 0.35
3 0.634375 0.8265625 0.0375 0.05
1 0.6296875 0.88515625 0.33125 0.0828125
3 0.6328125 0.94140625 0.0375 0.0578125
3 0.771875 0.98046875 0.2375 0.0296875
8 0.634375 0.98125 0.0625 0.0375
1 0.6296875 0.1171875 0.35 0.08125
