3 0.7701171875 0.31875 0.115234375 0.30625
3 0.453515625 0.3619140625 0.02578125 0.155078125
10 0.824609375 0.4935546875 0.05546875 0.227734375
3 0.5453125 0.51484375 0.075 0.0515625
3 0.7578125 0.5146484375 0.1375 0.066796875
3 0.8677734375 0.5150390625 0.066796875 0.061328125
8 0.9318359375 0.5169921875 0.066796875 0.121484375
1 0.455859375 0.51875 0.11796875 0.178125
5 0.6380859375 0.5275390625 0.151171875 0.239453125
3 0.6384765625 0.6783203125 0.033203125 0.150390625
16 0.6609375 0.828515625 0.109375 0.16953125
3 0.3517578125 0.1927734375 0.097265625 0.044921875
3 0.5517578125 0.194140625 0.097265625 0.05078125
17 0.0978515625 0.19375 0.058203125 0.10625
3 0.1515625 0.19609375 0.084375 0.0515625
1 0.65546875 0.19609375 0.1265625 0.1703125
1 0.2515625 0.198046875 0.125 0.17109375
5 0.4501953125 0.201171875 0.150390625 0.26484375
