1 0.2962890625 0.1626953125 0.139453125 0.053515625
3 0.196875 0.1623046875 0.071875 0.018359375
1 0.0970703125 0.1642578125 0.137890625 0.050390625
3 0.3015625 0.20625 0.021875 0.065625
1 0.296484375 0.2568359375 0.14296875 0.054296875
18 0.4724609375 0.0298828125 0.182421875 0.047265625
18 0.8955078125 0.03046875 0.181640625 0.0609375
3 0.3 0.30234375 0.028125 0.0609375
18 0.0998046875 0.0314453125 0.168359375 0.050390625
1 0.296484375 0.3544921875 0.14296875 0.049609375
3 0.29609375 0.40859375 0.0203125 0.0671875
9 0.4857421875 0.444140625 0.612109375 0.06328125
3 0.715625 0.475 0.021875 0.059375
1 0.72109375 0.5240234375 0.1421875 0.048046875
3 0.540625 0.5263671875 0.234375 0.018359375
5 0.4068359375 0.52890625 0.098046875 0.0640625
3 0.641796875 0.543359375 0.02109375 0.19921875
3 0.3296875 0.59375 0.09375 0.13125
3 0.4001953125 0.63671875 0.031640625 0.1953125
3 0.5541015625 0.6580078125 0.139453125 0.019140625
1 0.6861328125 0.6583984375 0.147265625 0.057421875
5 0.4640625 0.6625 0.10625 0.0625
3 0.2578125 0.6984375 0.065625 0.075
3 0.4580078125 0.7015625 0.031640625 0.06875
10 0.5796875 0.7390625 0.44375 0.040625
10 0.2875 0.742578125 0.134375 0.06015625
3 0.5462890625 0.774609375 0.023828125 0.06796875
3 0.2859375 0.778125 0.034375 0.071875
17 0.0896484375 0.0810546875 0.048046875 0.049609375
3 0.73125 0.8287109375 0.19375 0.023046875
1 0.8966796875 0.8291015625 0.146484375 0.048828125
1 0.2814453125 0.8298828125 0.109765625 0.053515625
1 0.5705078125 0.8298828125 0.147265625 0.053515625
3 0.89609375 0.8900390625 0.0203125 0.083203125
3 0.27890625 0.8919921875 0.0296875 0.083984375
8 0.2798828125 0.9552734375 0.059765625 0.044921875
8 0.9 0.9552734375 0.071875 0.051171875
3 0.0935546875 0.1154296875 0.024609375 0.043359375
