1 0.296484375 0.162890625 0.13984375 0.05390625
3 0.196875 0.162109375 0.071875 0.01796875
1 0.097265625 0.164453125 0.13828125 0.05078125
3 0.3015625 0.20625 0.021875 0.065625
1 0.29765625 0.256640625 0.1421875 0.05390625
18 0.472265625 0.030078125 0.18203125 0.04765625
18 0.895703125 0.03046875 0.18203125 0.0609375
3 0.3 0.30234375 0.028125 0.0609375
18 0.099609375 0.031640625 0.16796875 0.05078125
1 0.29765625 0.354296875 0.1421875 0.04921875
3 0.29609375 0.40859375 0.0203125 0.0671875
9 0.485546875 0.44453125 0.61171875 0.0640625
3 0.715625 0.475 0.021875 0.059375
1 0.72109375 0.523828125 0.1421875 0.04765625
3 0.540625 0.526171875 0.234375 0.01796875
5 0.406640625 0.52890625 0.09765625 0.0640625
3 0.64296875 0.54453125 0.0203125 0.1984375
3 0.3296875 0.59375 0.09375 0.13125
3 0.400390625 0.63671875 0.03203125 0.1953125
3 0.554296875 0.658203125 0.13984375 0.01953125
1 0.686328125 0.658203125 0.14765625 0.05703125
5 0.4640625 0.6625 0.10625 0.0625
3 0.2578125 0.6984375 0.065625 0.075
3 0.458203125 0.7015625 0.03203125 0.06875
10 0.5796875 0.7390625 0.44375 0.040625
10 0.2875 0.74296875 0.134375 0.0609375
3 0.546484375 0.77578125 0.02421875 0.0671875
3 0.2859375 0.778125 0.034375 0.071875
17 0.089453125 0.080859375 0.04765625 0.04921875
3 0.73125 0.828515625 0.19375 0.02265625
1 0.896484375 0.829296875 0.14609375 0.04921875
1 0.281640625 0.830078125 0.11015625 0.05390625
1 0.570703125 0.830078125 0.14765625 0.05390625
3 0.89609375 0.890234375 0.0203125 0.08359375
3 0.27890625 0.891796875 0.0296875 0.08359375
8 0.280078125 0.955078125 0.06015625 0.04453125
8 0.9 0.955078125 0.071875 0.05078125
3 0.093359375 0.115234375 0.02421875 0.04296875
