3 0.3005859375 0.13359375 0.132421875 0.0421875
9 0.253125 0.1765625 0.084375 0.08125
3 0.1572265625 0.20390625 0.170703125 0.0703125
3 0.3197265625 0.2044921875 0.133203125 0.077734375
1 0.0794921875 0.2658203125 0.112109375 0.059765625
1 0.3796875 0.2671875 0.109375 0.0625
3 0.1556640625 0.3224609375 0.173828125 0.069921875
3 0.3173828125 0.32421875 0.131640625 0.0640625
1 0.600390625 0.3603515625 0.10703125 0.067578125
10 0.240625 0.36171875 0.109375 0.0484375
3 0.51953125 0.3765625 0.0578125 0.071875
3 0.7412109375 0.3810546875 0.201171875 0.052734375
3 0.2689453125 0.4052734375 0.066015625 0.076171875
1 0.3486328125 0.4283203125 0.106640625 0.059765625
5 0.494921875 0.4296875 0.07109375 0.071875
3 0.4375 0.429296875 0.09375 0.01484375
11 0.8361328125 0.4333984375 0.050390625 0.079296875
3 0.5177734375 0.48125 0.051171875 0.065625
3 0.7453125 0.48125 0.209375 0.065625
1 0.596875 0.487890625 0.1125 0.06328125
3 0.8728515625 0.541796875 0.042578125 0.25234375
1 0.634375 0.59609375 0.109375 0.0640625
3 0.76171875 0.6107421875 0.1640625 0.052734375
2 0.0958984375 0.0646484375 0.129296875 0.069921875
5 0.837109375 0.653125 0.07421875 0.0625
2 0.3796875 0.06640625 0.1125 0.0640625
3 0.6291015625 0.6587890625 0.014453125 0.067578125
2 0.6751953125 0.0671875 0.116015625 0.065625
3 0.7587890625 0.704296875 0.170703125 0.06484375
1 0.6265625 0.7177734375 0.10625 0.066796875
3 0.6263671875 0.775 0.018359375 0.05625
1 0.628125 0.8216796875 0.1125 0.068359375
3 0.671875 0.8828125 0.01875 0.065625
8 0.68046875 0.9275390625 0.0578125 0.030078125
17 0.378125 0.126953125 0.04375 0.04765625
