3 0.30078125 0.13359375 0.1328125 0.0421875
9 0.253125 0.1765625 0.084375 0.08125
3 0.15703125 0.20390625 0.1703125 0.0703125
3 0.3203125 0.2046875 0.134375 0.078125
1 0.0796875 0.265234375 0.1125 0.06171875
1 0.3796875 0.2671875 0.109375 0.0625
3 0.15625 0.32265625 0.175 0.0703125
3 0.3171875 0.32421875 0.13125 0.0640625
1 0.600390625 0.3609375 0.10703125 0.06875
10 0.240625 0.36171875 0.109375 0.0484375
3 0.51953125 0.3765625 0.0578125 0.071875
3 0.7421875 0.38125 0.2 0.053125
3 0.268359375 0.40546875 0.06796875 0.0765625
1 0.348046875 0.427734375 0.10859375 0.06171875
5 0.494921875 0.4296875 0.07109375 0.071875
3 0.4375 0.429296875 0.09375 0.01484375
11 0.835546875 0.43359375 0.05234375 0.0796875
3 0.51796875 0.48125 0.0515625 0.065625
3 0.7453125 0.48125 0.209375 0.065625
1 0.596875 0.487890625 0.1125 0.06328125
3 0.8734375 0.541796875 0.04375 0.25234375
1 0.634375 0.59609375 0.109375 0.0640625
3 0.76171875 0.610546875 0.1640625 0.05234375
2 0.09609375 0.06484375 0.1296875 0.0703125
5 0.837109375 0.653125 0.07421875 0.0625
2 0.3796875 0.06640625 0.1125 0.0640625
3 0.6296875 0.65859375 0.015625 0.0671875
2 0.674609375 0.0671875 0.11796875 0.065625
3 0.759375 0.704296875 0.171875 0.06484375
1 0.6265625 0.71796875 0.10625 0.0671875
3 0.6265625 0.775 0.01875 0.05625
1 0.628125 0.821484375 0.1125 0.06796875
3 0.671875 0.8828125 0.01875 0.065625
8 0.68046875 0.928125 0.0578125 0.03125
17 0.378125 0.126953125 0.04375 0.04765625
