3 0.30078125 0.13359375 0.1328125 0.0421875
9 0.253125 0.1765625 0.084375 0.08125
3 0.15703125 0.20390625 0.1703125 0.0703125
3 0.3203125 0.2046875 0.134375 0.078125
1 0.0796875 0.26640625 0.1125 0.0609375
1 0.3796875 0.2671875 0.109375 0.0625
3 0.15625 0.32265625 0.175 0.0703125
3 0.3171875 0.32421875 0.13125 0.0640625
1 0.60078125 0.3609375 0.1078125 0.06875
10 0.240625 0.36171875 0.109375 0.0484375
3 0.51953125 0.3765625 0.0578125 0.071875
3 0.7421875 0.38125 0.2 0.053125
3 0.26953125 0.40546875 0.0671875 0.0765625
1 0.34921875 0.42890625 0.1078125 0.0609375
5 0.49609375 0.4296875 0.0703125 0.071875
3 0.4375 0.43046875 0.09375 0.0140625
11 0.83671875 0.43359375 0.0515625 0.0796875
3 0.51796875 0.48125 0.0515625 0.065625
3 0.7453125 0.48125 0.209375 0.065625
1 0.596875 0.48828125 0.1125 0.0640625
3 0.8734375 0.54296875 0.04375 0.2515625
1 0.634375 0.59609375 0.109375 0.0640625
3 0.76171875 0.61171875 0.1640625 0.0515625
2 0.09609375 0.06484375 0.1296875 0.0703125
5 0.83828125 0.653125 0.0734375 0.0625
2 0.3796875 0.06640625 0.1125 0.0640625
3 0.6296875 0.65859375 0.015625 0.0671875
2 0.67578125 0.0671875 0.1171875 0.065625
3 0.759375 0.70546875 0.171875 0.0640625
1 0.6265625 0.71796875 0.10625 0.0671875
3 0.6265625 0.775 0.01875 0.05625
1 0.628125 0.82265625 0.1125 0.0671875
3 0.671875 0.8828125 0.01875 0.065625
8 0.68046875 0.928125 0.0578125 0.03125
17 0.378125 0.12734375 0.04375 0.0484375
