2 0.16328125 0.8845703125 0.2453125 0.059765625
1 0.5150390625 0.8859375 0.267578125 0.065625
3 0.5220703125 0.9240234375 0.028515625 0.038671875
7 0.5208984375 0.958984375 0.069921875 0.03671875
17 0.5173828125 0.0984375 0.094140625 0.040625
3 0.5203125 0.1171875 0.034375 0.034375
1 0.5142578125 0.15859375 0.259765625 0.0640625
2 0.1552734375 0.0201171875 0.304296875 0.027734375
3 0.5244140625 0.2125 0.026953125 0.059375
3 0.7287109375 0.24296875 0.401171875 0.0171875
11 0.53125 0.248046875 0.11875 0.05859375
3 0.6890625 0.258984375 0.2875 0.02421875
3 0.51796875 0.2826171875 0.0390625 0.037109375
1 0.5177734375 0.31875 0.229296875 0.0625
3 0.8271484375 0.3193359375 0.029296875 0.157421875
2 0.15625 0.3314453125 0.25 0.062890625
3 0.5205078125 0.3515625 0.028515625 0.03125
5 0.525 0.3806640625 0.11875 0.061328125
3 0.6921875 0.38984375 0.284375 0.0171875
3 0.5181640625 0.4115234375 0.023828125 0.032421875
3 0.915625 0.4322265625 0.040625 0.411328125
1 0.52578125 0.4546875 0.2828125 0.065625
3 0.5212890625 0.5021484375 0.020703125 0.048046875
1 0.519140625 0.55 0.25703125 0.0625
2 0.15703125 0.5890625 0.2421875 0.06875
3 0.52109375 0.59140625 0.0359375 0.0390625
5 0.51953125 0.6216796875 0.1203125 0.062109375
3 0.7416015625 0.62890625 0.392578125 0.0171875
3 0.5189453125 0.665234375 0.028515625 0.04296875
1 0.5158203125 0.7099609375 0.278515625 0.066796875
3 0.52109375 0.7556640625 0.0359375 0.036328125
1 0.5197265625 0.8013671875 0.264453125 0.068359375
3 0.5203125 0.84140625 0.03125 0.0484375
