2 0.16328125 0.88515625 0.2453125 0.0609375
1 0.515625 0.8859375 0.26875 0.065625
3 0.521875 0.92421875 0.028125 0.0390625
7 0.52109375 0.96015625 0.0703125 0.0359375
17 0.51796875 0.0984375 0.0953125 0.040625
3 0.5203125 0.1171875 0.034375 0.034375
1 0.5140625 0.15859375 0.259375 0.0640625
2 0.15625 0.0203125 0.303125 0.028125
3 0.525 0.2125 0.028125 0.059375
3 0.72890625 0.24296875 0.4015625 0.0171875
11 0.53125 0.24921875 0.11875 0.0578125
3 0.6890625 0.26015625 0.2875 0.0234375
3 0.51796875 0.2828125 0.0390625 0.0375
1 0.51796875 0.31875 0.2296875 0.0625
3 0.82734375 0.31953125 0.0296875 0.1578125
2 0.15625 0.33125 0.25 0.0625
3 0.5203125 0.3515625 0.028125 0.03125
5 0.525 0.38125 0.11875 0.0625
3 0.6921875 0.38984375 0.284375 0.0171875
3 0.51875 0.4125 0.025 0.03125
3 0.915625 0.4328125 0.040625 0.4125
1 0.52578125 0.4546875 0.2828125 0.065625
3 0.52109375 0.50234375 0.0203125 0.0484375
1 0.51953125 0.55 0.2578125 0.0625
2 0.15703125 0.5890625 0.2421875 0.06875
3 0.52109375 0.59140625 0.0359375 0.0390625
5 0.51953125 0.621875 0.1203125 0.0625
3 0.7421875 0.62890625 0.39375 0.0171875
3 0.51875 0.66640625 0.028125 0.0421875
1 0.51640625 0.71015625 0.2796875 0.0671875
3 0.52109375 0.75546875 0.0359375 0.0359375
1 0.5203125 0.8015625 0.265625 0.06875
3 0.5203125 0.84140625 0.03125 0.0484375
