10 0.73125 0.2609375 0.2625 0.09375
3 0.18046875 0.3125 0.0296875 0.103125
3 0.6453125 0.35390625 0.115625 0.1421875
3 0.75703125 0.40625 0.0390625 0.246875
5 0.18125 0.40546875 0.1625 0.1453125
16 0.46640625 0.4140625 0.2546875 0.078125
3 0.296875 0.41484375 0.115625 0.0203125
17 0.1921875 0.0546875 0.125 0.090625
3 0.18671875 0.5359375 0.0296875 0.146875
1 0.7375 0.55859375 0.265625 0.0828125
3 0.73828125 0.61953125 0.0359375 0.0578125
1 0.18046875 0.640625 0.2546875 0.090625
10 0.7359375 0.66640625 0.275 0.0734375
3 0.18046875 0.7375 0.0234375 0.121875
3 0.68515625 0.75546875 0.0890625 0.1640625
3 0.78046875 0.80546875 0.0265625 0.2734375
1 0.5203125 0.821875 0.26875 0.08125
1 0.178125 0.8265625 0.25625 0.08125
3 0.353125 0.82734375 0.115625 0.0234375
3 0.17265625 0.8953125 0.0203125 0.071875
3 0.4765625 0.921875 0.628125 0.028125
3 0.19296875 0.14375 0.0265625 0.1
15 0.1765625 0.22734375 0.2625 0.0765625
3 0.52265625 0.22890625 0.4546875 0.0296875
