10 0.73125 0.2611328125 0.2625 0.094140625
3 0.180078125 0.3125 0.02890625 0.103125
3 0.6447265625 0.35390625 0.114453125 0.1421875
3 0.7564453125 0.4056640625 0.037890625 0.245703125
5 0.18125 0.4052734375 0.1625 0.144921875
16 0.4662109375 0.4140625 0.254296875 0.078125
3 0.2962890625 0.41484375 0.114453125 0.0203125
17 0.1916015625 0.0541015625 0.123828125 0.089453125
3 0.186328125 0.5359375 0.02890625 0.146875
1 0.7375 0.55859375 0.265625 0.0828125
3 0.7376953125 0.61953125 0.034765625 0.0578125
1 0.1798828125 0.6400390625 0.253515625 0.089453125
10 0.7357421875 0.66640625 0.274609375 0.0734375
3 0.180078125 0.7375 0.02265625 0.121875
3 0.6845703125 0.7552734375 0.087890625 0.163671875
3 0.78046875 0.80546875 0.0265625 0.2734375
1 0.5203125 0.8216796875 0.26875 0.080859375
1 0.178125 0.8263671875 0.25625 0.080859375
3 0.3525390625 0.8271484375 0.114453125 0.023046875
3 0.17265625 0.8951171875 0.0203125 0.071484375
3 0.4765625 0.9216796875 0.628125 0.027734375
3 0.19296875 0.1435546875 0.0265625 0.099609375
15 0.1765625 0.2267578125 0.2625 0.075390625
3 0.5220703125 0.22890625 0.453515625 0.0296875
