1 0.45234375 0.23203125 0.2078125 0.1109375
3 0.654296875 0.36171875 0.42734375 0.1609375
3 0.369140625 0.3625 0.16328125 0.15625
1 0.85703125 0.4890625 0.2109375 0.125
1 0.309375 0.490234375 0.20625 0.10859375
3 0.3109375 0.581640625 0.01875 0.09140625
3 0.8578125 0.622265625 0.01875 0.17890625
5 0.3078125 0.640625 0.121875 0.078125
3 0.209765625 0.669921875 0.16015625 0.08984375
17 0.451171875 0.072265625 0.06796875 0.06953125
3 0.374609375 0.7296875 0.15234375 0.115625
1 0.5515625 0.76640625 0.215625 0.1203125
3 0.7015625 0.767578125 0.125 0.01953125
1 0.8546875 0.76875 0.2125 0.1125
1 0.140625 0.767578125 0.209375 0.11015625
3 0.857421875 0.85859375 0.02734375 0.0859375
17 0.854296875 0.930078125 0.07421875 0.06015625
3 0.45390625 0.139453125 0.0234375 0.09140625
