1 0.451171875 0.230859375 0.20859375 0.11171875
3 0.6541015625 0.36171875 0.426953125 0.1609375
3 0.3693359375 0.3625 0.163671875 0.15625
1 0.855859375 0.4890625 0.21171875 0.125
1 0.309375 0.4900390625 0.20625 0.108203125
3 0.3109375 0.5814453125 0.01875 0.091015625
3 0.8578125 0.6220703125 0.01875 0.178515625
5 0.3078125 0.640625 0.121875 0.078125
3 0.2095703125 0.6701171875 0.159765625 0.090234375
17 0.4509765625 0.0720703125 0.067578125 0.069140625
3 0.3748046875 0.7296875 0.152734375 0.115625
1 0.5515625 0.766015625 0.215625 0.11953125
3 0.7015625 0.7677734375 0.125 0.019921875
1 0.8546875 0.76875 0.2125 0.1125
1 0.140625 0.7677734375 0.209375 0.110546875
3 0.8572265625 0.858203125 0.026953125 0.08515625
17 0.8541015625 0.9302734375 0.073828125 0.060546875
3 0.452734375 0.1392578125 0.02421875 0.091015625
