1 0.3025390625 0.5001953125 0.186328125 0.075390625
3 0.30234375 0.5671875 0.0265625 0.084375
3 0.026171875 0.621875 0.02734375 0.684375
1 0.29765625 0.6376953125 0.1953125 0.075390625
3 0.340625 0.7134765625 0.021875 0.101953125
3 0.226171875 0.7181640625 0.02734375 0.092578125
1 0.4068359375 0.7927734375 0.191796875 0.076171875
1 0.1974609375 0.7951171875 0.182421875 0.071484375
3 0.1951171875 0.8638671875 0.018359375 0.093359375
3 0.06015625 0.9375 0.1109375 0.053125
1 0.1927734375 0.9419921875 0.182421875 0.071484375
3 0.2953125 0.0984375 0.03125 0.115625
1 0.3001953125 0.1845703125 0.191015625 0.066015625
3 0.3 0.2466796875 0.03125 0.093359375
3 0.3 0.24921875 0.03125 0.0796875
17 0.2984375 0.0314453125 0.053125 0.044140625
3 0.1140625 0.3140625 0.2 0.03125
3 0.4333984375 0.3140625 0.129296875 0.03125
8 0.7828125 0.315625 0.0625 0.053125
1 0.5916015625 0.3177734375 0.186328125 0.076171875
1 0.3025390625 0.3177734375 0.186328125 0.076171875
3 0.71328125 0.319921875 0.1203125 0.02734375
3 0.30234375 0.4044921875 0.0359375 0.133984375
