3 0.78828125 0.2185546875 0.3703125 0.021484375
0 0.48671875 0.2203125 0.2515625 0.065625
3 0.65703125 0.3302734375 0.3578125 0.173046875
3 0.3109375 0.3314453125 0.36875 0.162890625
0 0.1453125 0.4359375 0.24375 0.06875
0 0.828125 0.4490234375 0.24375 0.073046875
3 0.971875 0.4748046875 0.025 0.565234375
17 0.4828125 0.04921875 0.075 0.0671875
3 0.1421875 0.5353515625 0.01875 0.142578125
3 0.83125 0.54453125 0.025 0.1390625
10 0.48828125 0.6125 0.9421875 0.059375
3 0.4859375 0.6677734375 0.025 0.091796875
5 0.4859375 0.7396484375 0.1125 0.091796875
3 0.74140625 0.74609375 0.4546875 0.0140625
3 0.48828125 0.8470703125 0.0265625 0.156640625
8 0.48203125 0.951171875 0.0796875 0.05859375
3 0.48828125 0.1322265625 0.0265625 0.114453125
