3 0.78828125 0.21875 0.3703125 0.021875
0 0.48671875 0.2203125 0.2515625 0.065625
3 0.65703125 0.33046875 0.3578125 0.1734375
3 0.3109375 0.33203125 0.36875 0.1640625
0 0.1453125 0.4359375 0.24375 0.06875
0 0.828125 0.44921875 0.24375 0.0734375
3 0.971875 0.47578125 0.025 0.5640625
17 0.4828125 0.04921875 0.075 0.0671875
3 0.1421875 0.5359375 0.01875 0.14375
3 0.83125 0.54453125 0.025 0.1390625
10 0.48828125 0.6125 0.9421875 0.059375
3 0.4859375 0.66796875 0.025 0.0921875
5 0.4859375 0.740625 0.1125 0.090625
3 0.74140625 0.74609375 0.4546875 0.0140625
3 0.48828125 0.846875 0.0265625 0.15625
8 0.48203125 0.95234375 0.0796875 0.0578125
3 0.48828125 0.1328125 0.0265625 0.115625
