3 0.5365234375 0.216015625 0.032421875 0.04453125
18 0.85078125 0.0220703125 0.1078125 0.028515625
18 0.5568359375 0.0236328125 0.207421875 0.028515625
18 0.2060546875 0.025 0.183984375 0.03125
1 0.8525390625 0.2638671875 0.161328125 0.083984375
1 0.5359375 0.2654296875 0.125 0.080859375
3 0.6900390625 0.2677734375 0.217578125 0.029296875
3 0.8537109375 0.3173828125 0.032421875 0.047265625
1 0.8509765625 0.3716796875 0.211328125 0.083984375
3 0.50625 0.37421875 0.509375 0.0234375
1 0.154296875 0.3755859375 0.21484375 0.082421875
3 0.1556640625 0.4248046875 0.030078125 0.049609375
1 0.8533203125 0.4810546875 0.137890625 0.083984375
3 0.3330078125 0.4830078125 0.262890625 0.025390625
1 0.5548828125 0.4826171875 0.206640625 0.080859375
1 0.153125 0.484375 0.11875 0.075
3 0.7228515625 0.48515625 0.148828125 0.0234375
3 0.8515625 0.5359375 0.034375 0.04375
3 0.7125 0.5921875 0.1125 0.03125
1 0.577734375 0.5919921875 0.19296875 0.080859375
1 0.8509765625 0.5935546875 0.189453125 0.083984375
17 0.2041015625 0.0658203125 0.058203125 0.047265625
3 0.7169921875 0.66953125 0.302734375 0.0890625
1 0.8505859375 0.7474609375 0.194921875 0.082421875
3 0.8521484375 0.80078125 0.032421875 0.0421875
1 0.578125 0.85625 0.153125 0.075
1 0.8505859375 0.8578125 0.194921875 0.078125
3 0.7078125 0.8580078125 0.11875 0.025390625
3 0.5818359375 0.9087890625 0.032421875 0.039453125
8 0.5814453125 0.9505859375 0.059765625 0.048046875
3 0.20625 0.1052734375 0.028125 0.048046875
1 0.53359375 0.161328125 0.1640625 0.08515625
3 0.41875 0.1607421875 0.090625 0.027734375
1 0.2046875 0.1611328125 0.35625 0.081640625
