3 0.19453125 0.1265625 0.0328125 0.059375
0 0.200390625 0.1796875 0.26953125 0.0625
3 0.20234375 0.23125 0.0421875 0.059375
0 0.1984375 0.2828125 0.3125 0.0625
3 0.2 0.327734375 0.03125 0.04921875
8 0.9265625 0.36875 0.071875 0.04375
5 0.196875 0.368359375 0.13125 0.06796875
0 0.59375 0.3703125 0.253125 0.053125
3 0.8125 0.3734375 0.1875 0.021875
3 0.3546875 0.375 0.23125 0.01875
3 0.203125 0.4109375 0.028125 0.05625
0 0.194140625 0.4609375 0.26953125 0.059375
3 0.191015625 0.50546875 0.03203125 0.0453125
0 0.196875 0.556640625 0.265625 0.06328125
3 0.19375 0.599609375 0.025 0.04921875
0 0.190625 0.653125 0.26875 0.0625
3 0.190234375 0.7 0.03046875 0.05625
0 0.18125 0.751953125 0.271875 0.06015625
3 0.182421875 0.79765625 0.04609375 0.0484375
17 0.193359375 0.082421875 0.08046875 0.05234375
0 0.18125 0.8484375 0.275 0.065625
3 0.18203125 0.8921875 0.0328125 0.04375
8 0.1765625 0.9375 0.090625 0.053125
