3 0.465625 0.1421875 0.034375 0.0875
1 0.465625 0.2234375 0.29375 0.09375
3 0.725 0.2859375 0.234375 0.159375
3 0.46875 0.28671875 0.0375 0.0546875
5 0.46953125 0.398046875 0.2953125 0.23359375
1 0.828125 0.40546875 0.225 0.0890625
3 0.659375 0.4078125 0.140625 0.0375
3 0.469921875 0.5390625 0.03359375 0.090625
1 0.46484375 0.61875 0.2703125 0.090625
3 0.34140625 0.06328125 0.1890625 0.0296875
1 0.128125 0.0640625 0.25625 0.075
17 0.4703125 0.065625 0.078125 0.071875
3 0.4671875 0.698046875 0.04375 0.08984375
1 0.465625 0.780078125 0.24375 0.09765625
3 0.466015625 0.8609375 0.02578125 0.090625
3 0.6015625 0.9359375 0.20625 0.028125
17 0.465234375 0.93671875 0.07421875 0.0640625
1 0.85 0.93828125 0.3 0.1140625
