3 0.465234375 0.141015625 0.03359375 0.08828125
1 0.465625 0.2234375 0.29375 0.09375
3 0.725 0.2859375 0.234375 0.159375
3 0.46875 0.28671875 0.0375 0.0546875
5 0.469140625 0.39921875 0.29453125 0.2328125
1 0.828125 0.405078125 0.225 0.08828125
3 0.659375 0.407421875 0.140625 0.03671875
3 0.470703125 0.5390625 0.03203125 0.090625
1 0.464453125 0.618359375 0.26953125 0.08984375
3 0.34140625 0.062890625 0.1890625 0.02890625
1 0.128125 0.063671875 0.25625 0.07421875
17 0.4703125 0.065234375 0.078125 0.07109375
3 0.466796875 0.698828125 0.04296875 0.08828125
1 0.465234375 0.780078125 0.24296875 0.09765625
3 0.466015625 0.8609375 0.02578125 0.090625
3 0.601171875 0.935546875 0.20546875 0.02734375
17 0.46640625 0.936328125 0.0734375 0.06328125
1 0.85 0.937890625 0.3 0.11328125
