3 0.4654296875 0.1412109375 0.033984375 0.088671875
1 0.465625 0.2234375 0.29375 0.09375
3 0.725 0.2859375 0.234375 0.159375
3 0.46875 0.28671875 0.0375 0.0546875
5 0.4693359375 0.398046875 0.294921875 0.23359375
1 0.828125 0.4052734375 0.225 0.088671875
3 0.659375 0.4076171875 0.140625 0.037109375
3 0.4705078125 0.5390625 0.031640625 0.090625
1 0.4646484375 0.6185546875 0.269921875 0.090234375
3 0.34140625 0.0630859375 0.1890625 0.029296875
1 0.128125 0.0638671875 0.25625 0.074609375
17 0.4703125 0.0654296875 0.078125 0.071484375
3 0.4666015625 0.6986328125 0.042578125 0.087890625
1 0.4654296875 0.7798828125 0.243359375 0.097265625
3 0.4658203125 0.8609375 0.025390625 0.090625
3 0.6013671875 0.9357421875 0.205859375 0.027734375
17 0.465234375 0.9365234375 0.07421875 0.063671875
1 0.85 0.9380859375 0.3 0.113671875
