3 0.24765625 0.17578125 0.0703125 0.0578125
3 0.249609375 0.2421875 0.02734375 0.08125
18 0.07109375 0.028515625 0.1265625 0.03203125
1 0.777734375 0.309375 0.20546875 0.1
1 0.24921875 0.312109375 0.2015625 0.08046875
3 0.51328125 0.313671875 0.3453125 0.02109375
1 0.386328125 0.4203125 0.20390625 0.065625
3 0.5984375 0.4453125 0.234375 0.065625
3 0.7765625 0.448828125 0.059375 0.20078125
3 0.258203125 0.46015625 0.07265625 0.1015625
3 0.511328125 0.512109375 0.29453125 0.01484375
10 0.355859375 0.537109375 0.08046875 0.13359375
1 0.70078125 0.540625 0.0890625 0.115625
3 0.305078125 0.540234375 0.05703125 0.02421875
3 0.145703125 0.541796875 0.13203125 0.01171875
3 0.51015625 0.5421875 0.2921875 0.01875
5 0.24296875 0.543359375 0.1140625 0.09296875
3 0.510546875 0.57265625 0.29609375 0.0234375
3 0.261328125 0.6203125 0.06640625 0.1
3 0.5953125 0.633203125 0.234375 0.07578125
3 0.121484375 0.653515625 0.06796875 0.24140625
1 0.389453125 0.655078125 0.20390625 0.06953125
3 0.51796875 0.765234375 0.3453125 0.01484375
1 0.25 0.766015625 0.20625 0.09765625
1 0.786328125 0.76875 0.20703125 0.071875
18 0.75390625 0.081640625 0.0765625 0.02578125
3 0.78671875 0.83828125 0.0203125 0.0859375
18 0.268359375 0.084765625 0.11484375 0.02578125
8 0.78515625 0.912109375 0.0984375 0.07734375
