3 0.24765625 0.17578125 0.0703125 0.0578125
3 0.2498046875 0.2421875 0.027734375 0.08125
18 0.069921875 0.0283203125 0.12734375 0.031640625
1 0.7775390625 0.309375 0.205078125 0.1
1 0.248046875 0.3119140625 0.20234375 0.080078125
3 0.512890625 0.3134765625 0.34453125 0.020703125
1 0.3861328125 0.4203125 0.203515625 0.065625
3 0.5984375 0.4453125 0.234375 0.065625
3 0.7765625 0.4486328125 0.059375 0.200390625
3 0.2580078125 0.46015625 0.072265625 0.1015625
3 0.5111328125 0.5119140625 0.294140625 0.014453125
10 0.3556640625 0.5373046875 0.080078125 0.133984375
1 0.700390625 0.540625 0.08828125 0.115625
3 0.3052734375 0.5404296875 0.057421875 0.024609375
3 0.1455078125 0.5416015625 0.131640625 0.011328125
3 0.51015625 0.5421875 0.2921875 0.01875
5 0.241796875 0.5431640625 0.11484375 0.092578125
3 0.5103515625 0.571484375 0.295703125 0.02421875
3 0.2615234375 0.6203125 0.066796875 0.1
3 0.5953125 0.6330078125 0.234375 0.075390625
3 0.1212890625 0.6537109375 0.067578125 0.241796875
1 0.3896484375 0.6548828125 0.204296875 0.069140625
3 0.516796875 0.7654296875 0.34609375 0.015234375
1 0.25 0.7662109375 0.20625 0.098046875
1 0.7865234375 0.76875 0.207421875 0.071875
18 0.75390625 0.0818359375 0.0765625 0.026171875
3 0.78671875 0.83828125 0.0203125 0.0859375
18 0.2685546875 0.0849609375 0.115234375 0.026171875
8 0.783984375 0.9123046875 0.09921875 0.077734375
