18 0.3796875 0.2458984375 0.059375 0.016796875
18 0.6208984375 0.246484375 0.082421875 0.02421875
18 0.5359375 0.2669921875 0.065625 0.021484375
17 0.35 0.2775390625 0.03125 0.045703125
18 0.5302734375 0.309375 0.060546875 0.021875
18 0.5310546875 0.3515625 0.058984375 0.021875
1 0.3498046875 0.376953125 0.083984375 0.06015625
18 0.5603515625 0.4599609375 0.123828125 0.029296875
9 0.3640625 0.475390625 0.09375 0.08828125
18 0.5146484375 0.56328125 0.029296875 0.0234375
18 0.5818359375 0.5650390625 0.094921875 0.020703125
10 0.3578125 0.61015625 0.0875 0.0765625
18 0.5283203125 0.6734375 0.053515625 0.021875
5 0.3642578125 0.7021484375 0.069140625 0.054296875
18 0.3109375 0.79921875 0.059375 0.0265625
18 0.61875 0.8078125 0.2375 0.090625
18 0.3052734375 0.1267578125 0.160546875 0.066015625
18 0.484375 0.1279296875 0.1625 0.058984375
18 0.6751953125 0.128125 0.184765625 0.065625
