18 0.3796875 0.245703125 0.059375 0.01640625
18 0.620703125 0.24765625 0.08203125 0.0234375
18 0.5359375 0.266796875 0.065625 0.02109375
17 0.35 0.277734375 0.03125 0.04609375
18 0.530078125 0.309375 0.06015625 0.021875
18 0.530859375 0.3515625 0.05859375 0.021875
1 0.349609375 0.37734375 0.08359375 0.0609375
18 0.560546875 0.459765625 0.12421875 0.02890625
9 0.3640625 0.47578125 0.09375 0.0890625
18 0.514453125 0.56328125 0.02890625 0.0234375
18 0.581640625 0.565234375 0.09453125 0.02109375
10 0.3578125 0.61015625 0.0875 0.0765625
18 0.528515625 0.6734375 0.05390625 0.021875
5 0.364453125 0.701953125 0.06953125 0.05390625
18 0.3109375 0.79921875 0.059375 0.0265625
18 0.61875 0.8078125 0.2375 0.090625
18 0.305078125 0.126953125 0.16015625 0.06640625
18 0.484375 0.127734375 0.1625 0.05859375
18 0.675390625 0.128125 0.18515625 0.065625
