18 0.909375 0.1640625 0.13125 0.090625
18 0.4078125 0.1779296875 0.703125 0.071484375
18 0.3939453125 0.2884765625 0.672265625 0.042578125
18 0.296875 0.3533203125 0.478125 0.041015625
17 0.1154296875 0.483984375 0.033984375 0.03671875
3 0.1619140625 0.5119140625 0.064453125 0.067578125
1 0.1853515625 0.5783203125 0.095703125 0.069140625
3 0.1228515625 0.5787109375 0.039453125 0.019921875
3 0.6421875 0.6033203125 0.053125 0.044140625
3 0.5119140625 0.603515625 0.051953125 0.05078125
3 0.1869140625 0.637890625 0.017578125 0.06328125
3 0.7232421875 0.659375 0.043359375 0.025
3 0.4201171875 0.6591796875 0.043359375 0.018359375
1 0.4892578125 0.659765625 0.094140625 0.06328125
1 0.6595703125 0.6609375 0.091015625 0.0625
5 0.1875 0.687890625 0.05625 0.08828125
10 0.7443359375 0.6919921875 0.041796875 0.193359375
9 0.3984375 0.69375 0.046875 0.171875
3 0.2337890625 0.6943359375 0.070703125 0.019921875
1 0.8984375 0.6943359375 0.090625 0.066796875
3 0.7732421875 0.6951171875 0.043359375 0.018359375
3 0.8384765625 0.6953125 0.033203125 0.015625
3 0.371875 0.6970703125 0.04375 0.016015625
1 0.3087890625 0.6984375 0.086328125 0.0625
11 0.80625 0.7021484375 0.05625 0.082421875
3 0.9109375 0.7435546875 0.03125 0.043359375
3 0.4240234375 0.7501953125 0.051171875 0.019140625
1 0.4921875 0.7517578125 0.0875 0.066015625
3 0.6375 0.7544921875 0.2125 0.021484375
3 0.8115234375 0.7765625 0.019921875 0.115625
3 0.1884765625 0.776171875 0.017578125 0.11484375
8 0.9322265625 0.7869140625 0.030078125 0.045703125
3 0.4923828125 0.8259765625 0.637890625 0.020703125
