18 0.909375 0.1640625 0.13125 0.090625
18 0.4078125 0.178125 0.703125 0.071875
18 0.39375 0.2890625 0.671875 0.04375
18 0.296875 0.353125 0.478125 0.040625
17 0.115625 0.48515625 0.034375 0.0359375
3 0.1625 0.5125 0.065625 0.06875
1 0.1859375 0.57890625 0.096875 0.0703125
3 0.1234375 0.57890625 0.040625 0.0203125
3 0.6421875 0.603125 0.053125 0.04375
3 0.5125 0.60390625 0.053125 0.0515625
3 0.18671875 0.63828125 0.0171875 0.0640625
3 0.7234375 0.659375 0.04375 0.025
3 0.4203125 0.659375 0.04375 0.01875
1 0.48984375 0.66015625 0.0953125 0.0640625
1 0.659375 0.6609375 0.090625 0.0625
5 0.1875 0.68828125 0.05625 0.0890625
10 0.74453125 0.69296875 0.0421875 0.1921875
9 0.3984375 0.69375 0.046875 0.171875
3 0.23359375 0.69453125 0.0703125 0.0203125
1 0.8984375 0.69453125 0.090625 0.0671875
3 0.7734375 0.6953125 0.04375 0.01875
3 0.8390625 0.6953125 0.034375 0.015625
3 0.371875 0.69765625 0.04375 0.0171875
1 0.309375 0.6984375 0.0875 0.0625
11 0.80625 0.70234375 0.05625 0.0828125
3 0.9109375 0.74375 0.03125 0.04375
3 0.42421875 0.75078125 0.0515625 0.0203125
1 0.4921875 0.75234375 0.0875 0.0671875
3 0.6375 0.75546875 0.2125 0.0203125
3 0.81171875 0.7765625 0.0203125 0.115625
3 0.18828125 0.77734375 0.0171875 0.1140625
8 0.9328125 0.7875 0.03125 0.046875
3 0.49296875 0.8265625 0.6390625 0.021875
