18 0.909375 0.1640625 0.13125 0.090625
18 0.4078125 0.178125 0.703125 0.071875
18 0.39375 0.2890625 0.671875 0.04375
18 0.296875 0.353125 0.478125 0.040625
17 0.115625 0.483984375 0.034375 0.03671875
3 0.1625 0.5125 0.065625 0.06875
1 0.1859375 0.578515625 0.096875 0.06953125
3 0.1234375 0.57890625 0.040625 0.0203125
3 0.6421875 0.603125 0.053125 0.04375
3 0.5125 0.603515625 0.053125 0.05078125
3 0.18671875 0.637890625 0.0171875 0.06328125
3 0.7234375 0.659375 0.04375 0.025
3 0.4203125 0.659375 0.04375 0.01875
1 0.488671875 0.659765625 0.09609375 0.06328125
1 0.659375 0.6609375 0.090625 0.0625
5 0.1875 0.687890625 0.05625 0.08828125
10 0.74453125 0.692578125 0.0421875 0.19140625
9 0.3984375 0.69375 0.046875 0.171875
3 0.23359375 0.69453125 0.0703125 0.0203125
1 0.8984375 0.69453125 0.090625 0.0671875
3 0.7734375 0.6953125 0.04375 0.01875
3 0.8390625 0.6953125 0.034375 0.015625
3 0.371875 0.696484375 0.04375 0.01796875
1 0.309375 0.6984375 0.0875 0.0625
11 0.80625 0.70234375 0.05625 0.0828125
3 0.9109375 0.74375 0.03125 0.04375
3 0.42421875 0.750390625 0.0515625 0.01953125
1 0.4921875 0.751953125 0.0875 0.06640625
3 0.6375 0.754296875 0.2125 0.02109375
3 0.81171875 0.7765625 0.0203125 0.115625
3 0.18828125 0.776171875 0.0171875 0.11484375
8 0.9328125 0.7875 0.03125 0.046875
3 0.491796875 0.8265625 0.63984375 0.021875
