18 0.909375 0.1640625 0.13125 0.090625
18 0.4078125 0.177734375 0.703125 0.07109375
18 0.394140625 0.288671875 0.67265625 0.04296875
18 0.296875 0.353515625 0.478125 0.04140625
17 0.115234375 0.48515625 0.03359375 0.0359375
3 0.162109375 0.512109375 0.06484375 0.06796875
1 0.185546875 0.578515625 0.09609375 0.06953125
3 0.123046875 0.578515625 0.03984375 0.01953125
3 0.6421875 0.603515625 0.053125 0.04453125
3 0.512109375 0.60390625 0.05234375 0.0515625
3 0.187109375 0.63828125 0.01796875 0.0640625
3 0.723046875 0.659375 0.04296875 0.025
3 0.419921875 0.658984375 0.04296875 0.01796875
1 0.489453125 0.66015625 0.09453125 0.0640625
1 0.659765625 0.6609375 0.09140625 0.0625
5 0.1875 0.68828125 0.05625 0.0890625
10 0.744140625 0.691796875 0.04140625 0.19296875
9 0.3984375 0.69375 0.046875 0.171875
3 0.233984375 0.694140625 0.07109375 0.01953125
1 0.8984375 0.694140625 0.090625 0.06640625
3 0.773046875 0.694921875 0.04296875 0.01796875
3 0.838671875 0.6953125 0.03359375 0.015625
3 0.371875 0.697265625 0.04375 0.01640625
1 0.308984375 0.6984375 0.08671875 0.0625
11 0.80625 0.701953125 0.05625 0.08203125
3 0.9109375 0.743359375 0.03125 0.04296875
3 0.423828125 0.750390625 0.05078125 0.01953125
1 0.4921875 0.751953125 0.0875 0.06640625
3 0.6375 0.754296875 0.2125 0.02109375
3 0.811328125 0.7765625 0.01953125 0.115625
3 0.188671875 0.77734375 0.01796875 0.1140625
8 0.932421875 0.787109375 0.03046875 0.04609375
3 0.492578125 0.826171875 0.63828125 0.02109375
