1 0.3890625 0.6375 0.09375 0.10625
3 0.45703125 0.6375 0.0703125 0.05625
5 0.494921875 0.65625 0.06484375 0.14375
3 0.5625 0.66484375 0.115625 0.0984375
13 0.6265625 0.7640625 0.103125 0.1375
1 0.81875 0.8453125 0.103125 0.1125
8 0.97109375 0.8546875 0.0515625 0.09375
3 0.943359375 0.8984375 0.03671875 0.09375
3 0.841015625 0.9140625 0.05703125 0.1
13 0.8984375 0.9375 0.090625 0.1125
17 0.055859375 0.11875 0.03671875 0.0625
1 0.290625 0.11875 0.103125 0.1
3 0.409375 0.121875 0.146875 0.04375
1 0.146875 0.121875 0.103125 0.10625
11 0.501171875 0.128125 0.07109375 0.10625
3 0.085546875 0.13125 0.05234375 0.05
3 0.7296875 0.153125 0.45 0.10625
3 0.207421875 0.15625 0.03359375 0.1125
3 0.23671875 0.171875 0.0328125 0.10625
13 0.938671875 0.2609375 0.08359375 0.1125
13 0.223046875 0.2640625 0.09609375 0.11875
3 0.9375 0.32265625 0.015625 0.0859375
3 0.23671875 0.3234375 0.0515625 0.0625
1 0.2734375 0.3890625 0.1 0.10625
1 0.723828125 0.3984375 0.09765625 0.1
3 0.8765625 0.4015625 0.096875 0.04375
3 0.779296875 0.4046875 0.03984375 0.05
5 0.82109375 0.4078125 0.0578125 0.14375
3 0.30859375 0.45 0.0359375 0.05625
13 0.3375 0.515625 0.09375 0.1
3 0.658984375 0.528125 0.04296875 0.371875
3 0.37734375 0.58046875 0.0453125 0.0671875
3 0.82109375 0.60859375 0.0265625 0.3984375
