1 0.3884765625 0.6369140625 0.092578125 0.105078125
3 0.45703125 0.6375 0.0703125 0.05625
5 0.494921875 0.6556640625 0.06484375 0.142578125
3 0.5623046875 0.6650390625 0.115234375 0.098828125
13 0.6263671875 0.7638671875 0.102734375 0.137109375
1 0.8181640625 0.8447265625 0.101953125 0.111328125
8 0.9708984375 0.8541015625 0.051171875 0.092578125
3 0.9439453125 0.8978515625 0.034765625 0.092578125
3 0.841015625 0.9134765625 0.05703125 0.098828125
13 0.8978515625 0.9373046875 0.089453125 0.112109375
17 0.0564453125 0.11875 0.034765625 0.0625
1 0.2904296875 0.1181640625 0.102734375 0.098828125
3 0.409375 0.121875 0.146875 0.04375
1 0.1466796875 0.1212890625 0.102734375 0.105078125
11 0.501171875 0.1275390625 0.07109375 0.105078125
3 0.0861328125 0.13125 0.050390625 0.05
3 0.7298828125 0.1525390625 0.450390625 0.105078125
3 0.2080078125 0.1556640625 0.031640625 0.111328125
3 0.2365234375 0.1712890625 0.032421875 0.105078125
13 0.938671875 0.2607421875 0.08359375 0.112109375
13 0.2232421875 0.2638671875 0.096484375 0.118359375
3 0.9375 0.3228515625 0.015625 0.086328125
3 0.2365234375 0.3234375 0.051171875 0.0625
1 0.2732421875 0.3884765625 0.099609375 0.105078125
1 0.7232421875 0.3978515625 0.099609375 0.098828125
3 0.8759765625 0.4015625 0.095703125 0.04375
3 0.7798828125 0.4046875 0.037890625 0.05
5 0.82109375 0.4072265625 0.0578125 0.142578125
3 0.3083984375 0.45 0.035546875 0.05625
13 0.3369140625 0.5154296875 0.092578125 0.099609375
3 0.6595703125 0.5283203125 0.041015625 0.372265625
3 0.3771484375 0.5806640625 0.044921875 0.067578125
3 0.8208984375 0.6083984375 0.026171875 0.398046875
