1 0.388671875 0.637109375 0.09296875 0.10546875
3 0.45703125 0.6375 0.0703125 0.05625
5 0.49609375 0.655859375 0.0640625 0.14296875
3 0.562109375 0.665234375 0.11484375 0.09921875
13 0.626171875 0.763671875 0.10234375 0.13671875
1 0.818359375 0.844921875 0.10234375 0.11171875
8 0.970703125 0.854296875 0.05078125 0.09296875
3 0.944140625 0.898046875 0.03515625 0.09296875
3 0.84140625 0.913671875 0.0578125 0.09921875
13 0.898046875 0.937109375 0.08984375 0.11171875
17 0.056640625 0.11875 0.03515625 0.0625
1 0.290234375 0.118359375 0.10234375 0.09921875
3 0.409375 0.121875 0.146875 0.04375
1 0.146484375 0.121484375 0.10234375 0.10546875
11 0.50234375 0.127734375 0.0703125 0.10546875
3 0.086328125 0.13125 0.05078125 0.05
3 0.730078125 0.152734375 0.45078125 0.10546875
3 0.208203125 0.155859375 0.03203125 0.11171875
3 0.236328125 0.171484375 0.03203125 0.10546875
13 0.93984375 0.260546875 0.0828125 0.11171875
13 0.223046875 0.263671875 0.09609375 0.11796875
3 0.9375 0.323046875 0.015625 0.08671875
3 0.236328125 0.3234375 0.05078125 0.0625
1 0.273046875 0.388671875 0.09921875 0.10546875
1 0.723046875 0.398046875 0.09921875 0.09921875
3 0.876171875 0.4015625 0.09609375 0.04375
3 0.780078125 0.4046875 0.03828125 0.05
5 0.82109375 0.407421875 0.0578125 0.14296875
3 0.308203125 0.45 0.03515625 0.05625
13 0.337109375 0.515234375 0.09296875 0.09921875
3 0.659765625 0.528515625 0.04140625 0.37265625
3 0.376953125 0.580859375 0.04453125 0.06796875
3 0.820703125 0.608203125 0.02578125 0.39765625
